E19_clipped,V7_clipped,V13_clipped,M1_clipped,S8_clipped,V9_clipped,P5_clipped,date_id,E1_clipped,M11_clipped,MFER_lag1,E10_clipped,E3_clipped,M12_clipped,M17_clipped,M13_clipped,forward_returns
0.03489059558171418,0.059969876603832684,0.15067372471811052,1.639215429714297,-0.18394282268363377,0.032506699778802293,-0.49176672917260844,5401,0.8190983148555,0.9012131636171492,-1.1916718025951736,-0.7605637445047836,-0.7773786151773988,0.912512511781593,0.24156581213164924,0.9620998999223295,-0.0006586849683438
-0.1657696687578026,0.03198775924933531,0.11054234585002828,1.639215429714297,-0.26727985781027186,0.001125645864352165,-0.5436765575750376,5402,0.8129903618478729,0.9343880031374276,-0.13661106635139547,-0.7610809412981634,-0.7791023933982135,0.8759164102855438,0.2405956683078268,0.9620998999223295,-0.0041873448749597
0.1864791106528299,0.07912349583207504,0.1851843755880271,1.639215429714297,-0.3395823602382978,0.031215245266814174,-0.48990349550401824,5403,0.806910318961004,0.8794422696668608,-0.5133180705012302,-0.7615981380915432,-0.7883096789807287,0.8956037544548967,0.23962552448400437,0.9620998999223295,0.0076312100107942
-0.17086565908773646,0.011607844776955572,0.0743400980114461,1.639215429714297,-0.45783949944659935,-0.015709694284844197,-0.5417194643064925,5404,0.800857956571133,0.9464329961555624,0.7481927702213033,-0.7621153348849232,-0.7708037641049351,0.9261041636363241,0.23865538066018488,0.9620998999223295,-0.0139103554605849
0.4525500503846497,0.08313985072486826,0.17268121819496599,1.639215429714297,-0.47109666981296106,0.04142685320365138,-0.47922920879611536,5405,0.7948330476871346,0.8711909147756878,-1.5511330438892394,-0.762632531678303,-0.8028029090714508,0.9554289186172479,0.2405956683078268,0.9620998999223295,0.0007836990636942
0.16263827538104147,0.13223388166866637,0.259291269972458,1.639215429714297,-0.6148738562667406,0.06340911514925446,-0.5667361545091433,5406,0.7888353679115518,0.935016492900261,0.017259753465036193,-0.7631497284716829,-0.8007631019033437,0.9153418849421473,0.24661056001552353,0.9620998999223295,0.0126859827579011
-0.32093002833254863,0.042827864197030885,0.11231969211456361,1.639215429714297,-0.632687733648571,-0.00521811355165642,-0.5570555187475483,5407,0.7828646954026283,0.9254694313082237,1.2877076420649964,-0.7636669252650629,-0.7713073286972233,0.8837304721670444,0.2473866750745805,0.9620998999223295,-0.0177853386886131
0.27397674580957676,0.19948299230261393,0.397161497711448,1.639215429714297,-0.623138902663893,0.10116490729076762,-0.45047693376852144,5408,0.7769208108367714,0.8763982193645447,-1.964784314575561,-0.7641841220584427,-0.8175073826965721,0.9112262131559858,0.24641653125075808,0.9620998999223295,0.00220437725468
0.3702640221968429,0.2952377124601493,0.587899023569223,1.639215429714297,-0.6729360020018481,0.17188927783457544,-0.5815550494457772,5409,0.7710034973718425,0.9861136171332708,0.1688785398487118,-0.7647013188518226,-0.8129841544466022,0.8351310219299037,0.2454463874269358,0.9620998999223295,0.0029840848715359
0.19182717231468058,0.2783317271815523,0.5347304073427749,1.639215429714297,-0.7165237288278038,0.19721952257732245,-0.615615567582705,5410,0.7651125406110253,0.9603826319872403,0.2521677982994929,-0.7652185156452024,-0.805503316779992,0.7946109542783543,0.24447624360311632,0.9620998999223295,0.005116096043416
0.041884426591774146,0.15508682602771956,0.28563236587242186,1.639215429714297,-0.7667773738325284,0.11419984816991621,-0.5263518638323356,5411,0.7592477285674165,0.9229428023080509,0.4797560676017962,-0.7657357124385824,-0.7926095515981149,0.7753334124201311,0.2328345177172536,0.9620998999223295,0.013703994163988
-0.13107704295439446,0.08006310984080854,0.15550559034838277,1.639215429714297,-0.756592863832003,0.06504365255392253,-0.4637540044348352,5412,0.7534088516290666,0.9017099929274716,1.396432976975961,-0.7662529092319622,-0.7611287096373539,0.7498357318234548,0.2318643738934312,0.9620998999223295,-0.0060254928450646
-0.049144589563517915,0.0572085040696163,0.12114919922615866,1.639215429714297,-0.740805455416251,0.07953653167881414,-0.30665118423532417,5413,0.7475957025248984,0.8274473436611921,-0.7094535542524111,-0.766770106025342,-0.7757779486586108,0.7556773630223923,0.23089423006960894,0.9620998999223295,-0.0028678013934394
0.5471233774904123,0.10768856402642128,0.15919801641999543,1.639215429714297,-0.6354960525271702,0.0933473806990791,-0.18830321755307144,5414,0.7418080762909942,0.8591356533439619,-0.3723645930774751,-0.767287302818722,-0.7818592729243358,0.7763648655592371,0.22992408624578653,0.9620998999223295,-0.01162110974875
0.10371887607607251,0.22694595441058055,0.3990230579754616,1.639215429714297,-0.6289906293211786,0.16008308344417319,-0.49695123550576076,5415,0.7360457702375371,0.9017320239842278,-1.3066542847481313,-0.7678044996121018,-0.8085728746731253,0.6638817382393071,0.2289539424219641,0.9620998999223295,0.0089109691731721
-0.11298806356501308,0.19084548340062366,0.34041886751805567,1.639215429714297,-0.6653799879557138,0.13123133281626748,-0.3637826827990304,5416,0.7303085839164565,0.9605938041898705,0.8848993243221012,-0.7683216964054816,-0.7869877057931308,0.6454955606600047,0.2328345177172536,0.9620998999223295,0.0130529936850954
-0.1901757862122537,0.09857180574559951,0.17791404959880955,1.639215429714297,-0.6425953400756004,0.06440922933837648,-0.32808317596536357,5417,0.724596319089455,0.9192017273662623,1.3269896733030857,-0.7688388931988617,-0.756517930788318,0.6352944209202194,0.22992408624578653,0.9620998999223295,0.0085641534767457
-0.11871600920176001,-0.02745070951308103,-0.03508038591526943,1.639215429714297,-0.6038026639238963,-0.01057090469199768,-0.13829688725562103,5418,0.7189087796966469,0.8285710616839178,0.8478165192365005,-0.7693560899922416,-0.7366049513676212,0.6989761116079708,0.2289539424219641,0.9620998999223295,0.0095624242964154
-0.1265528544356317,-0.07735969112498163,-0.10626889770434968,1.639215429714297,-0.48032223212054365,-0.045513237387808846,-0.07767742512903451,5419,0.7132457718258717,0.7984028766142088,0.9543699776561712,-0.7698732867856214,-0.7353840511189556,0.7596762316223029,0.24981203463413557,0.9620998999223295,0.0147760849356193
-0.1798826506228906,-0.12061388919046954,-0.10626889770434968,1.639215429714297,-0.39744928650206557,-0.11231458509992856,-0.01853786903623663,5420,0.707607103682285,0.7506875855636931,1.5109086113980472,-0.7703904835790012,-0.7121869463943128,0.7513529388655591,0.27746113361305963,0.9620998999223295,-0.0008213857394001
-0.16934064984338354,-0.10831926400513867,-0.1314607121597538,1.639215429714297,-0.18239640209599398,-0.10038874605026166,0.22493342787999474,5421,0.7019925855587377,0.753073350116219,-0.15395624758199355,-0.7709076803723812,-0.6817291213067238,0.7297522469851314,0.30511023259198333,0.9620998999223295,0.0011957249576859
-0.2057339048713195,-0.09005713634792076,-0.09054344496307133,1.639215429714297,-0.11211154201956068,-0.08033520463916143,0.7302301981425116,5422,0.6964020298064371,0.7022473260407562,0.061432576888079904,-0.7714248771657611,-0.6775669549870309,0.7791223133213249,0.34847566151682163,0.9620998999223295,0.0103754573238535
-0.4524075708274705,-0.116106117657656,-0.1117578709983024,1.639215429714297,-0.002197364222285593,-0.12408162003239598,0.7825411402643934,5423,0.6908352508062896,0.6794677669666923,1.0412159011417843,-0.7719420739591409,-0.6772794878379046,0.7707422213643201,0.3529868302975937,0.9620998999223295,-0.007092198561319
0.024649986778932893,-0.11631403300236774,-0.1150425298918432,1.639215429714297,0.09088482530269128,-0.11141901222784056,0.8272626525565084,5424,0.6852920649406002,0.6508785256710264,-0.8233116185606085,-0.7724592707525209,-0.66819726111059,0.8477729167691508,0.3529383231064025,0.9620998999223295,-0.0180803566118194
0.06100369567345327,0.04495137579744308,0.15183423517883873,1.639215429714297,0.15614069702294325,0.02549569852848528,-0.29090966073266,5425,0.6797722905653097,0.7080639280876189,-1.9961659371214515,-0.7729764675459007,-0.7119506432683367,0.8225915939713133,0.35288981591521146,0.9620998999223295,-0.0043191639193754
0.40228374052225907,0.1425966516760597,0.30711990178756776,1.639215429714297,0.10133717923738629,0.08968062311193903,-0.47598171357485225,5426,0.6742757479827295,0.8013697082533625,-0.5272805901628767,-0.7734936643392806,-0.7221311342022214,0.7973006835790347,0.34925177657587747,0.9620998999223295,0.0033485543503106
0.09036153691042036,0.14481084786679668,0.3081509828065563,1.639215429714297,0.04793598452910865,0.0838374320482373,-0.3431727285541832,5427,0.6688022594146583,0.8339169467580582,0.29111375511462884,-0.7740108611326605,-0.7142504592302015,0.8395294265983663,0.34828163275205815,0.9620998999223295,-0.00690230596556
0.5675803645521296,0.20335217230496375,0.38624553760437486,1.639215429714297,-0.0002955329351196701,0.13375131369956364,-0.21782064635846207,5428,0.6633516489759953,0.8353263984353675,-0.8029352722561792,-0.7745280579260403,-0.7299023644450282,0.8758069820289273,0.3473114889282357,0.9620998999223295,0.0058046280814827
0.15220325795096398,0.11869081759764206,0.21569499570643474,1.639215429714297,-0.080548827979842,0.0890853848813821,-0.28822468899658127,5429,0.6579237426488648,0.8763450485146145,0.5533346027767098,-0.7750452547194202,-0.7161931082220009,0.8308410256508078,0.3463413451044133,0.9620998999223295,-0.0082010782672016
0.18840651379838683,0.2124008123441953,0.3964475891753967,1.639215429714297,-0.016322809918339086,0.14990771350668272,-0.26055714918029294,5430,0.6525183682570045,0.8557367098978945,-0.9416068696752026,-0.7755624515128001,-0.7373769520474497,0.8548299799853075,0.34537120128059084,0.9620998999223295,0.0162315292627078
-0.020831294855468006,0.09649820334264685,0.17639681137878402,1.639215429714297,-0.06040639638888695,0.058245700622579166,-0.45621195362310546,5431,0.6471353554407239,0.8869826816226415,1.6662814700680932,-0.7760796483061799,-0.6981218080338736,0.8249759022537452,0.3444010574567686,0.9620998999223295,-0.0006027276627639
-0.2410189891686571,0.08808712493524859,0.17876635365837465,1.639215429714297,-0.0007684829250949576,0.04896037520399139,0.07003960981829034,5432,0.6417745356322878,0.807013721704867,-0.1306166921736825,-0.7765968450995598,-0.6992924334099697,0.8555916794219395,0.3434309136329462,0.9620998999223295,0.0138710899418615
0.16887003196825778,-0.013929552143861375,-0.010349280099423142,1.639215429714297,-0.01267266693059458,-0.031182863749676246,0.07068519702843419,5433,0.6364357420315486,0.8391678080745493,1.41429005248983,-0.7771140418929398,-0.6660761558690536,0.8625416820111803,0.3424607698091267,0.9620998999223295,0.0006691942546785
-0.08362617294154916,-0.016955704504702268,-0.006036977966022816,1.639215429714297,0.05177649823031703,-0.03155406612992038,0.7409036056689203,5434,0.6311188095821615,0.7766266834521353,0.0050597612938200545,-0.7776312386863197,-0.6634225345381177,0.8568759523350472,0.3414906259853043,0.9620998999223295,-0.0055728929518532
-0.1374089008356563,0.10418806434497863,0.22416327198255895,1.639215429714297,0.04848390083009838,0.040310743778069855,0.20586131093034843,5435,0.6258235749480942,0.8117163393981469,-0.6611867142296008,-0.7781484354796996,-0.676852370694651,0.8836396399227308,0.340520482161482,0.9620998999223295,-0.0037360833986442
-0.18131990354016111,0.16223777769565303,0.3491326551898516,1.639215429714297,0.0736669013648431,0.08287066019370522,-0.15955334017180609,5436,0.620549876490546,0.824972488207386,-0.46512928522703195,-0.7786656322730794,-0.6864493744046559,0.8639692069756002,0.3395503383376596,0.9620998999223295,-0.0204755123080861
0.1901082995452943,0.34456427081152247,0.7252041871894228,1.639215429714297,0.057189177370525666,0.20523432000619127,-0.2926010651870962,5437,0.6152975542452322,0.8547701887659747,-2.2520141243475327,-0.7791828290664593,-0.7354719582278975,0.8803094492911929,0.3385801945138372,0.9620998999223295,-0.0029096471144867
0.09014632146887741,0.3945580947575009,0.8372653696047844,1.639215429714297,-0.040395437802989785,0.22250366802859092,-0.4435949316338496,5438,0.6100664499000634,0.9762003215397798,-0.37711152191504016,-0.7797000258598391,-0.7427116151573335,0.8494284845289876,0.33761005069001493,0.9620998999223295,-0.0068345874336051
0.6479281449103722,0.3720608739818104,0.7868378375178714,1.639215429714297,-0.11488254257187301,0.21927822758936996,-0.42475102543356014,5439,0.6048564067731754,1.0350673412225906,-0.796030308743734,-0.780217222653219,-0.7575829675601788,0.8408512127539945,0.33761005069001493,0.9620998999223295,-0.0042526870760496
0.7434372178076284,0.3881156232069259,0.6615935949608598,1.639215429714297,-0.3576560039285095,0.18262984130854867,-0.5495630826435433,5440,0.5996672697912971,1.0085771823653256,-0.5205293402258425,-0.7807344194465989,-0.7669399390829947,0.8075827823141907,0.35992335863791775,0.9620998999223295,-0.0255474455036369
0.5372883558920946,0.4628239371535091,0.8186622106871756,1.639215429714297,-0.45974751628706195,0.2655479428016175,-0.4233036667765461,5441,0.5944988854684813,1.0657473023778845,-2.793403872100293,-0.7812516162399787,-0.8268047428270011,0.79746583567685,0.3589532148140984,0.9620998999223295,0.0054187584843339
1.0421112988366796,0.36844540985085183,0.45997807203040864,1.639215429714297,-0.5981094228204578,0.23228547622737655,-0.4941149159144271,5442,0.5893511018852345,1.1121414403970185,0.5119324727109748,-0.7817688130333588,-0.8147853145559076,0.7951906147708003,0.357983070990276,0.9620998999223295,-0.0388599666156388
1.424672739195404,0.4802114631842863,0.9406478877274773,1.639215429714297,-0.8017599481075394,0.2505798328432089,-0.5388172458054414,5443,0.5842237686678617,1.2170628965026944,-4.278896628805695,-0.7822860098267386,-0.821396000105009,0.7388798242437874,0.3473114889282357,0.9620998999223295,-0.0014967570219016
1.5679788914664576,0.7280010951310407,1.2108612829762857,1.639215429714297,-0.9069356444726587,0.4515138448297252,-0.6011314230528689,5444,0.579116736968223,1.2930619448799188,-0.22600084276596755,-0.7828032066201185,-0.8807839619128437,0.6174589825934751,0.3463413451044133,0.9620998999223295,-0.0389201883990628
2.674943205067803,0.9310807389395133,1.6118538698118727,1.639215429714297,-1.0553009459868614,0.6420542284100388,-0.6450612495384803,5445,0.574029859443872,1.4275976466943285,-4.285435109895979,-0.7833204034134984,-0.9253368894698896,0.620349523718603,0.34537120128059084,0.9620998999223295,0.0398218272825398
3.5977125163688073,1.0508099675981288,0.3182321045967824,1.639215429714297,-1.153641720193239,0.7279931651400612,-0.6623447483109892,5446,0.5689629902383216,1.5399335348437522,4.208268954539325,-0.7838376002068782,-0.9520660290686309,0.6187597260997828,0.3444010574567686,0.9620998999223295,-0.0389731520983201
3.9018881304664577,1.4293891045733864,1.828977085196251,1.639215429714297,-1.1423407990800072,0.9790970590818606,-0.6343188766689386,5447,0.5639159849618561,1.6309086765256038,-4.291214364990499,-0.7843547970002581,-1.0257084887348442,0.5560614554222378,0.3434309136329462,0.9620998999223295,0.0398728551187361
2.405466902137159,1.5454969997075125,0.7734452605315068,1.639215429714297,-1.2176354891175434,1.0627040555849585,-0.6064890079753277,5448,0.5588887006724408,1.8284156783058303,4.21384144625975,-0.784871993793638,-0.9721145058057267,0.8782833390231732,0.33761005069001493,0.9620998999223295,0.0067331458804837
1.568332045290503,1.5454969997075125,0.2681217581883157,1.639215429714297,-1.172680010802846,1.0627040555849585,-0.6142876707216982,5449,0.5538809958571033,1.7097106483908702,0.6524211595991655,-0.785389190587018,-0.9601517848028908,0.6072710006192412,0.34537120128059084,0.9620998999223295,0.0211649170400596
0.2805754060541529,0.9232149462428384,-0.4534835115656143,1.639215429714297,-1.143238878568364,0.7012407521583099,-0.5861121497967966,5450,0.5488927304134595,1.654950815498169,2.1928399496455646,-0.7711404189294022,-0.9189178218187908,0.6050740189775937,0.33761005069001493,0.9620998999223295,-0.008539214105118
0.9104501670260189,0.9873588978473143,-0.0625530432732417,1.639215429714297,-1.0821022820172777,0.7251480124900609,-0.558192051867372,5451,0.5439237656316491,1.5449668927736435,-0.9776772203713662,-0.7620377553659163,-0.9399149112144877,0.6508158061798506,0.3317406805558926,0.9620998999223295,0.000668952287361
0.4260332867062516,0.90223790742459,-0.11244760170400005,1.639215429714297,-1.0445138278176294,0.696455792454135,-0.5753793618224946,5452,0.5389739641764772,1.6103456879496876,0.005162697514607916,-0.7540729247478662,-0.9372622155227458,0.636750902286325,0.32640488952487223,0.9620998999223295,-0.0390237824698261
1.967377187487914,1.636067035506161,2.2284142480381006,1.639215429714297,-0.9807150898524738,1.144319743171371,-0.5570393550934226,5453,0.5340431900698747,1.5911321506445706,-4.296729443652868,-0.7535557279544862,-1.034620227331942,0.6654228197526686,0.32543474570105124,0.9620998999223295,-0.0163304514018833
1.839369736777132,1.6587570968657046,2.6117499945957707,1.639215429714297,-1.0586712572042847,1.231639752277645,-0.6375399818243176,5454,0.52913130867364,1.8587940977997595,-1.8092985229087233,-0.7530385311611064,-1.0654432527718831,0.5669100215588684,0.33761005069001493,0.9620998999223295,0.0007990056793214
1.2322844577524574,1.6159691285191882,2.6352495441459625,1.639215429714297,-1.254030573830738,1.2546438127357056,-0.6282047363611882,5455,0.5242381866723841,1.9050181069533825,0.01906594181415487,-0.7525213343677265,-1.0641950094034898,0.5940943515660958,0.340520482161482,0.9620998999223295,0.032910494036269
1.3276605526127747,1.2061307197318998,1.114567208571216,1.639215429714297,-1.3032956731595822,1.016634250294279,-0.573952336975183,5456,0.5193636920568114,1.8912898083332585,3.4466044778585205,-0.7520041375743466,-0.9925284073188064,0.6141912911950426,0.3395503383376596,0.9620998999223295,0.0140845070360232
1.2696190049191483,1.1804239797893576,1.1105358051324223,1.639215429714297,-1.3035176236379145,1.0162465075694622,-0.5823893673316377,5457,0.5937070739149908,1.656654607704109,1.4371125521257022,-0.7507370054305658,-0.9637999671129838,0.6423870813003003,0.3385801945138372,0.9620998999223295,-0.0152439023924762
1.496989196315892,1.4341017785799686,2.0930363360166098,1.639215429714297,-1.2840550345826152,1.1384831566409999,-0.5549714644822802,5458,0.5885664503158183,1.6202311436783028,-1.6932792211385692,-0.750219808637186,-0.9969867694803343,0.6331775724849676,0.33761005069001493,0.9620998999223295,0.0145338837576925
1.9511197584663476,1.1571058031592438,1.0462499595386554,1.639215429714297,-1.2824128132018762,0.9873432261952957,-0.5813570143431198,5459,0.5834462304590088,1.7427326620711767,1.4851213405863453,-0.749702611843806,-0.9640200597332506,0.6436335711491527,0.3434309136329462,0.9620998999223295,0.0287361192624569
-0.016329853638172544,0.9373734256872693,0.5175323396316065,1.639215429714297,-1.234893536843283,0.820768155945744,-0.5808531741462637,5460,0.5783462660036832,1.6611963531736147,3.001039947547273,-0.7491854150504261,-0.9020135772380173,0.6644077233652819,0.353132351871167,0.9620998999223295,0.0026367831519369
1.025375736321876,0.9768147321715859,0.7305747786477362,1.639215429714297,-1.1405159421524138,0.8533681288672741,-0.4189834696552108,5461,0.5732664101079853,1.4395147564029533,0.21522668462516337,-0.7486682182570462,-0.8962354732282967,0.6866262758273879,0.353132351871167,0.9620998999223295,0.0044378698088651
1.0223681506173148,0.8920471631976716,0.5436329292723118,1.639215429714297,-1.1045255764366635,0.7980261168806239,-0.3648429145011968,5462,0.5682065174096126,1.4449710357799235,0.40744952039065946,-0.7481510214636663,-0.8846819666758514,0.7290107623309297,0.3594867939171989,0.9620998999223295,-0.0104729176925333
0.42373716062499905,0.9044490717745743,0.7144066171432643,1.639215429714297,-1.0103831298607946,0.8190653845866596,-0.33748339728059606,5463,0.5632031344984443,1.4593651389363582,-1.184120130970141,-0.7476338246702865,-0.9108965689795739,0.7378936466097633,0.37006136159685676,0.9620998999223295,-0.0255498593564434
0.4235191296227848,1.0423181407661004,1.2765276996602137,1.639215429714297,-1.0017876394395897,0.9409244253789578,-0.3725100710511153,5464,0.5582192237277717,1.488410591279163,-2.7934031481907993,-0.7471166278769066,-0.966635316076211,0.7175468301432651,0.38155756590914636,0.9620998999223295,-0.0072974119779262
1.0972477084611458,1.2446172834674702,2.015657823789817,1.639215429714297,-1.0933316037962588,1.0482659348693082,-0.5959546124478964,5465,0.553254646442834,1.658743851706058,-0.8451945157303716,-0.7465994310835267,-0.9821758963167968,0.6772571655805781,0.362833790109385,0.9620998999223295,0.0282075390179353
0.10741783074325989,1.0044184656725736,1.3201168573395041,1.639215429714297,-1.1653820305592673,0.8823428007386849,-0.576932723415278,5466,0.5483092653633892,1.7009942221709144,2.9445339277816673,-0.7460822342901469,-0.9198043995126595,0.6604180581445555,0.3618636462855626,0.9620998999223295,-0.0103915537492809
1.0591486719221934,1.0655169336577062,1.5498961449349236,1.639215429714297,-1.2045219053693035,0.9325561877602645,-0.5578376504336527,5467,0.5433829445662485,1.5463456869562695,-1.1754571058837513,-0.745565037496767,-0.9427982375337839,0.7223151245171545,0.3608935024617402,0.9620998999223295,-0.0262096773399674
1.3198560932576933,1.341520153792422,2.5212323567986594,1.639215429714297,-1.254835343745397,1.1310832341504369,-0.42204675954103654,5468,0.538475549467959,1.5784622815025375,-2.8638308184048245,-0.745047840703387,-1.0008766776190245,0.7111940120128891,0.35992335863791775,0.9620998999223295,0.0064699792759417
1.5825003634174268,1.3445989835208805,2.4878138882297742,1.639215429714297,-1.3330673411774168,1.1583722894587922,-0.5738230962356929,5469,0.533586946807821,1.750355769252655,0.6243528770128831,-0.7445306439100072,-0.9853379039131058,0.6534348484411635,0.3541024956949865,0.9620998999223295,0.009171166546547
0.9471787219394711,1.2323600815107794,2.1190815955088818,1.639215429714297,-1.3304572180823069,1.089014241102207,-0.617602632598591,5470,0.5287170046311713,1.7250423300662,0.9126722787734656,-0.7440134471166273,-0.965072237531057,0.6492372795445132,0.35701292716645355,0.9620998999223295,0.0138440632200931
1.1292585141590188,1.0788107071106292,1.6029008697064981,1.639215429714297,-1.3074130797710422,1.0129957777561662,-0.5804837391195274,5471,0.5238655922728959,1.6566908864742078,1.411469655180111,-0.7434962503232475,-0.9351475210378019,0.6583151943432071,0.3560427833426312,0.9620998999223295,0.0172572673020679
0.5000318203876423,0.9043786984587289,1.120877361725774,1.639215429714297,-1.333502593833163,0.9139827682543372,-0.3682931349486601,5472,0.5190325803411968,1.5836899461324812,1.7757883270881238,-0.7429790535298675,-0.9041072926575804,0.6406155868385126,0.3550726395188089,0.9620998999223295,0.0059269069294929
0.37070000417763477,0.8382656617973762,1.0041127834699115,1.639215429714297,-1.2887939216865756,0.8742967823179364,-0.3682931349486601,5473,0.514217840701661,1.4866834859660565,0.5664080075886185,-0.7424618567364877,-0.8907970219898982,0.6570847541685015,0.353132351871167,0.9620998999223295,-0.0099653557176788
0.6715369639316897,0.9529110470847727,1.4101525894779243,1.639215429714297,-1.1858811454559814,0.931941624737405,-0.3497951800298665,5474,0.5094212464614807,1.4518599801216918,-1.129900763342265,-0.7419446599431079,-0.9123415130106147,0.6316679662952243,0.3657442215808492,0.9620998999223295,-0.0011636606049315
0.6720454847676377,0.9606027772118286,1.4806462684041795,1.639215429714297,-1.1617306070516953,0.9180822785354156,-0.43402031467578944,5475,0.504642671954048,1.5017533318436405,-0.19042518643503772,-0.7414274631497279,-0.9154987234196029,0.5673570903707872,0.3647740777570297,0.9620998999223295,-0.0294582674098607
1.1531357211886415,1.2537248486901977,2.467759282190326,1.639215429714297,-1.156015495595279,1.0919154647617226,-0.2085755016980818,5476,0.4998819927235995,1.5263740565738473,-3.210557313584863,-0.740910266356348,-0.9804279503216974,0.5878192256119161,0.36380393393320726,0.9620998999223295,-0.0323244448821666
2.2864212000794297,1.517697057521562,3.2830363385424475,1.639215429714297,-1.252725693256349,1.2917652966027753,-0.540012213461027,5477,0.49513908551028135,1.6890551590983311,-3.5164874440677036,-0.7403930695629681,-1.048772682711312,0.5641955202326469,0.362833790109385,0.9620998999223295,0.0060251640109041
1.6561729757225074,1.509097948197606,3.183454037404092,1.639215429714297,-1.33914151173268,1.3172105300498995,-0.5839505021751291,5478,0.4904138282353164,1.8730064009420166,0.576895774667748,-0.7398758727695882,-1.0353325091321637,0.5654170458294465,0.3608935024617402,0.9620998999223295,0.0237801655922976
1.4181977362330391,1.3605042325017476,2.5836329484212865,1.639215429714297,-1.41279513467048,1.212350562422209,-0.5831302035037402,5479,0.48570609998645214,1.7992693778216717,2.472051227334144,-0.7393586759762083,-0.9854451504465879,0.4871020666252716,0.3560427833426312,0.9620998999223295,0.0111837576705047
0.9595927802934957,1.2727920843152245,2.2965945120547424,1.639215429714297,-1.4071509961745303,1.1552601478321676,-0.5826513937766757,5480,0.48101578100359627,1.6806112310785055,1.127513887690578,-0.7388414791828285,-0.9617407173188913,0.40593761487365,0.3550726395188089,0.9620998999223295,-0.02037604218336
0.9991166466299836,1.4928306609191022,3.1632306497588965,1.639215429714297,-1.3842225010880649,1.310499671718175,-0.4920914191031112,5481,0.4763427526647012,1.5933943298453785,-2.2411601073638816,-0.7383242823894486,-1.006300964387345,0.47904645608695134,0.3541024956949865,0.9620998999223295,0.0078596551867913
1.792384908479814,1.3438191710942815,2.5051291657112507,1.639215429714297,-1.3853662970965646,1.2180006037896776,-0.590078567590324,5482,0.47168689747182596,1.7446608404486195,0.7726841429037759,-0.7378070855960687,-0.988301173891479,0.725997725314731,0.353132351871167,0.9620998999223295,-0.02498922877461
1.7635511992432231,1.6126251431760694,3.4926568059896157,1.639215429714297,-1.3587640375238959,1.4236678197335484,-0.5621273116794745,5483,0.4670480990374446,1.7434355346449693,-2.7335625456076724,-0.7372898888026889,-1.041530118165905,0.725997725314731,0.38471053333656785,0.9620998999223295,-0.0284577994109411
2.438170406666173,1.7734415426521646,3.9874493993264637,1.639215429714297,-1.4706120408719616,1.566246052139129,-0.5341207858020722,5484,0.46242624207088684,1.8103464034048053,-3.1038337142530095,-0.7367726920093091,-1.100682903321567,0.3886080785612107,0.43476995464577645,0.9620998999223295,0.0219230420442906
2.7795677849656575,1.467419429416414,2.4818120560892383,1.639215429714297,-1.5252166081821938,1.365761284432959,-0.5867827359809986,5485,0.4578212123651012,1.9900338926567245,2.2738255225917685,-0.736255495215929,-1.0539529345091307,0.32272847846104674,0.4753704736727222,0.9620998999223295,0.0185152215977094
1.7201466995101937,1.2684053891113678,1.715031595011205,1.639215429714297,-1.5445129236670874,1.2193041199110985,-0.5856162019134323,5486,0.4532328967834619,1.8830403930458484,1.9100598875639132,-0.7357382984225492,-1.01588821046488,0.2791798890761913,0.4753704736727222,0.9620998999223295,0.018091242736088
1.1411112936209948,1.1661433001471735,1.4187612661394668,1.639215429714297,-1.4741063328753272,1.132012005722494,-0.575488062293294,5487,0.4486611832469401,1.8185210437963764,1.864805220080447,-0.7352211016291694,-0.9762547815193543,0.3508655335811846,0.47643763187892657,0.9620998999223295,-0.0066958536349097
1.2072117906706432,1.160381307602151,1.451456799140989,1.639215429714297,-1.4374158953205138,1.1489493537353073,-0.5752351734597221,5488,0.4441059607212765,1.6924946728203407,-0.7809205594085494,-0.7347039048357894,-0.9933497472109875,0.4155998151056953,0.4768741965996469,0.9620998999223295,0.0334456831646097
0.3750447256179451,0.9509212446320602,0.8891640854637554,1.639215429714297,-1.3602146902941161,0.9774389158379215,-0.5572589458002113,5489,0.4395671192045342,1.7086296260260647,3.503686306386151,-0.7341867080424095,-0.9192799883355421,0.41557429676200264,0.4768741965996469,0.9620998999223295,0.0010035122387868
0.4739863400885713,0.9396039924890042,0.9663440446263464,1.639215429714297,-1.2774122745711816,0.9271326578429799,-0.4854657462185525,5490,0.43504454971465123,1.54911094672618,0.040872966883118575,-0.7336695112490297,-0.917525212438084,0.4710141017211083,0.5296985278067491,0.9620998999223295,0.008771929859298
0.6898434743730723,0.8339654855821037,0.7231129813677409,1.639215429714297,-1.2391337321881086,0.8525874687976767,-0.5213204201491674,5491,0.43053814427734327,1.564959876654027,0.8700801439276635,-0.7331523144556498,-0.8951608129791971,0.49560666204413834,0.5287283839829267,0.9620998999223295,-0.0019875776384599
0.8379570454708284,0.7965916976043481,0.6709255879153924,1.639215429714297,-1.1325500771266612,0.8342148213961468,-0.47639428826678437,5492,0.42604779591406683,1.478600017338693,-0.2784328472643863,-0.7326351176622699,-0.9013457083640203,0.49870384879603996,0.5277582401591043,0.9620998999223295,0.017094017038592
0.3757498330114449,0.634761211492336,0.30920619844546887,1.639215429714297,-1.1067094078882445,0.6767043414874958,-0.5839692704991505,5493,0.42157339863018506,1.5429483610180263,1.7582989342728061,-0.73211792086889,-0.8618163572989427,0.485939914463539,0.5267880963352819,0.9620998999223295,-0.0190911315607499
0.6913221687107438,0.971646489648987,1.3664343827350829,1.639215429714297,-0.982484544529077,0.8929198472840311,-0.44957131741520895,5494,0.417114847403311,1.4394342270963665,-2.1040108581493553,-0.7316007240755101,-0.9115529653572164,0.553508641497082,0.5258179525114625,0.9620998999223295,0.0195458703804297
1.420776200346994,0.85090093716136,0.9562449510580677,1.639215429714297,-0.996666616519414,0.7826252700113588,-0.5034003060588765,5495,0.4126720381718839,1.5747946496952019,2.0199833224899106,-0.7310835272821302,-0.8653916661258798,0.5304251462579714,0.52484780868764,0.9620998999223295,-0.0118290096236127
0.8690667820930746,1.0387992549129323,1.590998174434847,1.639215429714297,-0.9364597271226341,0.94465202953976,-0.39578908372311045,5496,0.4082448678237447,1.4346931797135534,-1.3288883108411473,-0.7305663304887504,-0.893777267017078,0.5492434088104522,0.5238776648638178,0.9620998999223295,0.0043754643965079
0.8911124498718682,1.0600766367737857,1.6946323864423027,1.639215429714297,-0.9227985248611067,0.9308702183235086,-0.2703728677921633,5497,0.4038332341850791,1.476549649442449,0.4007241080892161,-0.7300491336953706,-0.8830059846267639,0.5003476697686605,0.5229075210399954,0.9620998999223295,0.0189873418261359
0.3860554961861989,0.8325601723291174,1.0500004763216941,1.639215429714297,-0.9224986328839405,0.779376660435698,-0.5572782231406016,5498,0.3994370360093734,1.4699484954708193,1.960388264360681,-0.7295319369019906,-0.8399380528987482,0.49165498389815776,0.521937377216173,0.9620998999223295,0.0122610308173892
0.12768544650416372,0.69695888155376,0.7446562179965781,1.639215429714297,-0.9226335842736653,0.6773404263741232,-0.2363843164404186,5499,0.39505617296654794,1.3585094407361469,1.2424350934711554,-0.7290147401086108,-0.8097981763890139,0.5179019041196482,0.5209672333923506,0.9620998999223295,-0.0194517490878785
0.6374351387983959,0.8902227113114436,1.3553152252855107,1.639215429714297,-0.8095395033193952,0.8043528708771012,-0.2030375005616297,5500,0.3906905456323363,1.2863530058906227,-2.1424812835753966,-0.728497543315231,-0.8562294568510207,0.58385480723805,0.5199970895685312,0.9620998999223295,0.0101666815188635
1.091726283283419,0.7348825025097454,0.8785312915240461,1.639215429714297,-0.6722108525543021,0.7076639545081892,-0.4139166121820477,5501,0.3863400554776978,1.4421386257227795,1.0189315834819646,-0.727980346521851,-0.8316111533645689,0.6002357426677617,0.5161165142732417,0.9620998999223295,0.0348350766171799
0.4162401092967835,0.44598458782878264,0.16734896869724963,1.639215429714297,-0.552509269203163,0.44276731924732005,-0.28822402153450866,5502,0.38200460485847293,1.3559495675648643,3.651965821493681,-0.7274631497284711,-0.7517342600538773,0.5479695190193424,0.5151463704494192,0.9620998999223295,-0.0002332272968958
0.11847797986347311,0.38464842710694186,0.09345629166205285,1.639215429714297,-0.45012819313972857,0.40782613137015783,-0.09011288995633167,5503,0.3776840970051336,1.1453174959716652,-0.09115577369986012,-0.7269459529350912,-0.7504488967841428,0.6343247456718079,0.5161165142732417,0.9620998999223295,-0.0241057542545175
0.2692897583162428,0.740079927483094,1.0801679676443934,1.639215429714297,-0.43588964429589117,0.6676283197461504,-0.16336185969667805,5504,0.37337843601265885,1.1786575616519392,-2.6392190143067493,-0.7264287561417113,-0.8095240937239324,0.6129801015241629,0.5005942130920924,0.9620998999223295,-0.0278725099203572
1.6547153215305186,1.0545363268673913,1.9502661001728454,1.639215429714297,-0.457055042438071,0.9136675706149582,-0.33373892872037597,5505,0.36908752683064694,1.2933925592660116,-3.0412107033054574,-0.7259115593483314,-0.8745719546396458,0.5916682845290941,0.4996240692682699,0.9620998999223295,0.0162948148793456
0.6968055041819601,0.9206172607945778,1.5401955158850817,1.639215429714297,-0.4963826457387489,0.8357313397050616,-0.5393893040866146,5506,0.364811275253459,1.4128549999979418,1.6731012572020316,-0.7253943625549516,-0.8375522683951229,0.5628437565881378,0.4986539254444477,0.9620998999223295,0.0182272763205087
0.9345396040561553,0.7730609477982789,1.0887267640414742,1.639215429714297,-0.4938332028481118,0.7497640052368408,-0.4670500988809573,5507,0.36054958791056363,1.4267946999316654,1.8793251765848826,-0.7248771657615717,-0.7937756473985498,0.5682011474964551,0.487012199558585,0.9620998999223295,-0.0060910890853046
0.5126713914280995,0.7500840261975439,1.0612969787166617,1.639215429714297,-0.49448421424332395,0.7226685293633726,-0.26103067506716554,5508,0.3563023722569849,1.3510542146614744,-0.7163691841501144,-0.7243599689681918,-0.8082599065118986,0.603342530510006,0.49574349397298334,0.9620998999223295,0.0062081111684548
0.33651368715372026,0.7290908041180181,1.0512886237933878,1.639215429714297,-0.49216696131721693,0.7321055229508533,-0.3319451905765004,5509,0.3520695365639286,1.3644001616911448,0.5964447951849768,-0.7245927075252129,-0.7931820429316919,0.6147475585894169,0.4947733501491611,0.9620998999223295,0.0128306669460505
0.48817371462036824,0.5730803981097351,0.6548260584380969,1.639215429714297,-0.4837778634299615,0.6055930996850984,-0.1435592688870575,5510,0.3478509899094925,1.3606482131743296,1.3033017355923322,-0.47631238686320243,-0.7652044151341405,0.6433569159811247,0.49380320632533864,0.9620998999223295,-0.0369017829225246
0.7922207319083299,1.1413625793192717,2.3911353155217503,1.639215429714297,-0.43433443372855757,1.0087110651347202,0.11658206136418287,5511,0.3436466421694959,1.3121236157762541,-4.005063478692745,-0.273597103697957,-0.852498998297889,0.666536276403091,0.49283306250151626,0.9620998999223295,0.0094104464229332
0.9938281855055531,0.9207878917760295,1.639714834359432,1.639215429714297,-0.4394580966715467,0.8900416899972123,-0.3495981251612221,5512,0.3394564040084986,1.5378611319831874,0.938212540851465,-0.273597103697957,-0.8323204574343409,0.6285155020370018,0.49186291867769383,0.9620998999223295,0.0188223938880427
-0.17993563502141044,0.7383973197580274,1.1674847731057085,1.639215429714297,-0.4406428144049915,0.7437600817494499,-0.38493403329816367,5513,0.3352801868709077,1.4705995712212643,1.9428468520036202,-0.273597103697957,-0.7867469009417777,0.6460193069809224,0.4908927748538745,0.9620998999223295,-0.0094741828452606
0.25848779394932325,0.8091553362417503,1.4182765365803915,1.639215429714297,-0.35099291574618086,0.8187956159572399,-0.07069943805055595,5514,0.33111790297217214,1.4000112103294977,-1.0774739396718953,-0.273597103697957,-0.8090439009135308,0.6656908604885152,0.48992263103005207,0.9620998999223295,0.0049657261035789
0.47302870029104027,0.8143107118963913,1.455546960993033,1.639215429714297,-0.3523909584493424,0.8044637423759149,-0.20467309210764817,5515,0.32696946529015386,1.4533014241424045,0.4637918602067758,-0.273597103697957,-0.7967315818221135,0.6433278710242417,0.48895248720622964,0.9620998999223295,-0.0158863606168991
0.6329472349831232,0.963701244870558,1.9240473026218503,1.639215429714297,-0.3498569861093414,0.9301965980145864,-0.1952779714285853,5516,0.3228347875566276,1.410793318216268,-1.7619187501356093,-0.27646754590121525,-0.8356022821653419,0.6675254226587587,0.48798234338240737,0.9620998999223295,-0.0159171502394615
1.3147631883657416,1.0283544673011658,2.060607902062474,1.639215429714297,-0.3918072798828482,0.9921748241263891,-0.302561457741235,5517,0.31871378424876967,1.5086264680020163,-1.765205173722092,-0.2769847426945954,-0.874220604348702,0.694548444387795,0.487012199558585,0.9620998999223295,-0.0010318987671501
0.2621914485378584,0.8628211180083172,1.5767623823627515,1.639215429714297,-0.4441816744379732,0.9154030524791209,-0.43685919269805124,5518,0.3146063705809812,1.5563125522662835,-0.1763611877417908,-0.27750193948797547,-0.8747275208167704,0.607351293678434,0.487012199558585,0.9620998999223295,-0.0190032710283076
0.5048867854012181,0.9216951610332839,1.779059086335246,1.639215429714297,-0.5278808448525876,0.9537400009825372,-0.4001802649791188,5519,0.3105124624966083,1.5289029840056654,-2.0945900182784283,-0.2780191362813541,-0.9168781719296638,0.5837804513805047,0.4773107613203669,0.9620998999223295,-0.0039361195739805
0.7679867172819677,0.8591805189250531,1.5774259120660128,1.639215429714297,-0.5892580851575241,0.9162495233936024,-0.3544601969160792,5520,0.30643197665989913,1.593278199238702,-0.48637359046329864,-0.27853633307473424,-0.9257146586960949,0.5536042795831218,0.47634061749654466,0.9620998999223295,-0.0220656095131816
0.46087737975252857,0.9902309345045771,2.0126922232969617,1.639215429714297,-0.7456850666566996,1.0256469372547345,-0.2550579731108101,5521,0.30236483044803064,1.6407763262947601,-2.4215227935890162,-0.27905352986811444,-0.9217382396512009,0.5812872274838795,0.4753704736727222,0.9620998999223295,-0.001887439934758
0.17322635659664654,1.0214405540129126,2.156664785748636,1.639215429714297,-0.8239168909619821,1.0638332040585516,-0.35272099284874936,5522,0.29831094194323987,1.6194021691195337,-0.26774476983467094,-0.2795707266614945,-0.952586866990248,0.5360058661565704,0.4773107613203669,0.9620998999223295,0.0289668213718413
0.23916728509811408,0.866949699367634,1.6987283978746193,1.639215429714297,-0.8358237588620452,0.8928719584748677,-0.31590457775137043,5523,0.29427022992510055,1.712422021418313,3.0255782287184507,-0.2800879234548747,-0.9157176741955758,0.5255617633778586,0.47634061749654466,0.9620998999223295,0.0028401971859259
0.38026503506832154,0.7683527354297316,1.4227944558532881,1.639215429714297,-0.8446395746527744,0.8425736427923936,-0.1809292880864848,5524,0.29024261386286015,1.6271224981844004,0.23689549393584866,-0.28060512024825485,-0.9103143067612106,0.5640430002942611,0.4753704736727222,0.9620998999223295,0.040134397367841
0.07492789167672857,0.5811516405679694,0.9404520159959752,1.639215429714297,-0.845462134587652,0.6636495441630911,-0.3237944908492217,5525,0.28622801390783176,1.6185752031581169,4.242323146288408,-0.2811223170416334,-0.8124427469706068,0.6021634224957972,0.4792510489680118,0.9620998999223295,-0.0001600128094539
0.26348496643115094,0.5549281858034848,0.8944133958672256,1.639215429714297,-0.8215617944620514,0.6257229263541777,0.17037437898433822,5526,0.282226350886067,1.3580130989161998,-0.08329780022253538,-0.28163951383501357,-0.8165903158519188,0.6217651350210139,0.4773107613203669,0.9620998999223295,-0.00088021129708
0.20820138949836864,0.5615406890218131,0.9367002984632838,1.639215429714297,-0.7677845401959724,0.6128725910513128,0.3129602409150705,5527,0.2782375462908824,1.3608680682161003,-0.160148764613313,-0.2821567106283937,-0.8168098778691291,0.6049826877681915,0.48313162426329836,0.9620998999223295,0.0108921992219888
0.1330504833943509,0.58195009849919,1.018426920287596,1.639215429714297,-0.6894027848384269,0.6156174070715237,0.3415378996475827,5528,0.27426152227572015,1.3526794766637753,1.0964151156752633,-0.2826739074217739,-0.7923341961127953,0.6216641162784463,0.5083553636826684,0.9620998999223295,0.000316907004525
0.17297424195497715,0.6003992242457488,1.0901314870694827,1.639215429714297,-0.6317933440953719,0.632608178408556,0.4240634698481445,5529,0.270298201646894,1.32036881406501,-0.03237071815522455,-0.283191104215154,-0.7893887977717805,0.6173456961046869,0.4996240692682699,0.9620998999223295,0.0037224774210049
0.15285895763605117,0.6352846895995443,1.2063438974200904,1.639215429714297,-0.5949992762938169,0.6631553024456426,0.03650457413486812,5530,0.2663475078566263,1.3075668082505758,0.33111154960989786,-0.2837083010085341,-0.7842750445106698,0.6263889008130136,0.4986539254444477,0.9620998999223295,-0.021936400165424
0.9040450089572318,0.7609470847765402,1.5135856574765345,1.639215429714297,-0.5258808430830888,0.7622106900945573,0.13610948238339962,5531,0.26240936499598394,1.312877620290363,-2.407666437415569,-0.28422549780191275,-0.8342950494455221,0.5981810398006583,0.487012199558585,0.9620998999223295,0.0169423154126298
0.24399386055480357,0.48323240829735425,0.7772879525174817,1.639215429714297,-0.5674791976854873,0.5877531126858923,0.08236872613455501,5532,0.2584836977881201,1.411675601421402,1.742170983583536,-0.2847426945952929,-0.7945683662463211,0.5634711292198654,0.48604205573476256,0.9620998999223295,-0.0145973819481844
0.21262474642756157,0.4359178235620392,0.6783147488068122,1.639215429714297,-0.4924410213717919,0.6305743634397271,0.08268169824131369,5533,0.25457043158135634,1.3494001325727818,-1.6243141075231011,-0.28525989138867297,-0.8296165312052609,0.5679370424195198,0.48507191191094307,0.9620998999223295,-0.0093390227026262
0.9734512387559263,0.41822865572996,0.5808288658420275,1.639215429714297,-0.5293764112238087,0.6299270321499522,-0.11466404222045216,5534,0.25066949234261415,1.4221921999267821,-1.0630472126210557,-0.28577708818205316,-0.8495681955004565,0.530586559906268,0.4841017680871208,0.9620998999223295,-0.0106460787670227
0.7221511907320567,0.45915597220466936,0.6590697831747785,1.639215429714297,-0.5856131144545244,0.6462556564905453,-0.12294383034126484,5535,0.24678080665071672,1.4803484612034337,-1.2025814007949116,-0.2862942849754333,-0.8755101525469255,0.571701938794702,0.48313162426329836,0.9620998999223295,0.0036553310155991
0.08992086644175057,0.39725614048761315,0.5407070945920145,1.639215429714297,-0.627652189691958,0.5803732067560834,-0.2299379101404871,5536,0.24290430168992383,1.5367997716853523,0.32396607647225606,-0.2868114817688135,-0.8676750085346807,0.5278229218156429,0.48313162426329836,0.9620998999223295,0.0014413375680575
0.08145638195300015,0.34260786384645076,0.4420515964800897,1.639215429714297,-0.6657124591205151,0.550523673985392,-0.21118236492476622,5537,0.23903990524346622,1.5293311794750828,0.08764878250174182,-0.287328678562192,-0.8620172125999901,0.4857555771918693,0.48604205573476256,0.9620998999223295,-0.010691668758173
0.25626920429579164,0.3835903939979203,0.5530649124774795,1.639215429714297,-0.642040576097009,0.5301981622577564,0.049546292269886244,5538,0.2351875456871973,1.505752943940673,-1.2074043830465486,-0.28784587535557216,-0.8887215145518282,0.44378901615059474,0.48507191191094307,0.9620998999223295,0.0302602045435998
-0.01268738056626552,0.2708603173113663,0.3261605295744097,1.639215429714297,-0.6742841077212797,0.4024108200976111,-0.09374519347082157,5539,0.23134715198336353,1.6005294987664165,3.163717804530051,-0.28836307214895235,-0.8202187704630022,0.6670803068437081,0.48798234338240737,0.9620998999223295,0.0019365771237727
0.24994641326057132,0.15217112999986257,0.08485553500207525,1.639215429714297,-0.6219465140160746,0.3127225004090706,0.38225017772714504,5540,0.2275186536743131,1.4178938284453166,0.14046647243916152,-0.28888026894233243,-0.8152795007147419,0.5073896305338556,0.487012199558585,0.9620998999223295,0.0088588225795249
-0.26269334105559633,0.1338230340831566,0.08815376809252529,1.639215429714297,-0.5846014827578524,0.29313802853097953,0.4240634698481445,5541,0.223701980876515,1.4117906962671096,0.8793549015077093,-0.28939746573571257,-0.7954434418570346,0.5356159117751411,0.4841017680871208,0.9620998999223295,0.0089406880539759
-0.2254523733402127,0.10487421529735859,0.07714251216980814,1.639215429714297,-0.527921941697051,0.28851727370803637,0.5800251248463735,5542,0.21989706427445863,1.3809926555124827,0.8880930607887833,-0.28991466252909276,-0.7736175817208646,0.5534592413725203,0.48313162426329836,0.8892963002685014,0.0007912018537341
-0.3459602972805096,0.18232465224515987,0.2727428533573,1.639215429714297,-0.435250783528687,0.3097845391420631,0.8120571211805412,5543,0.21610383511465678,1.3246862198440508,0.018254578606020314,-0.29043185932247134,-0.7731163699974305,0.5566250303138983,0.4792510489680118,0.9620998999223295,-0.0131235670993463
-0.03547503849745049,0.28828113363429336,0.5186945554684237,1.639215429714297,-0.39590006850128745,0.391750487781286,0.9111184034317241,5544,0.21232222519989855,1.3119957990135882,-1.46702361908075,-0.2909490561158514,-0.8028071750602168,0.5894446970198287,0.47828090514418936,0.8238059034565101,0.0103340543775163
-0.35930243803996714,0.23020465817203117,0.42232965343771073,1.639215429714297,-0.3880870675785016,0.357112749703168,0.3353429440381941,5545,0.20855216688330838,1.3775070747606826,1.0368182340517562,-0.2914662529092316,-0.7770503963184423,0.5533145236301957,0.4773107613203669,0.9620998999223295,-0.0049159531124548
0.9422184353465136,0.27932398427201727,0.5599360595579523,1.639215429714297,-0.3471411226411942,0.39819459786070205,0.326067599316831,5546,0.20479359306270276,1.3040989183028378,-0.5909374881079994,-0.2919834497026118,-0.7870538038963404,0.5543289090964634,0.4773107613203669,0.9620998999223295,0.0158964141136448
-0.17347697080772292,0.2503634167465046,0.5131348536770819,1.639215429714297,-0.36556679786298263,0.34237776011728965,0.6848720099323607,5547,0.2010464371749282,1.322333309248393,1.6304903382550877,-0.29250064649599194,-0.7497241520038476,0.549651609757314,0.504426281196189,0.9620998999223295,0.0016079063144951
-0.26883155656360935,0.20016938590759237,0.4253221468131866,1.639215429714297,-0.30461151119946983,0.29130789267187046,0.9983139462814541,5548,0.1973106331902296,1.2779201873695218,0.10538479848848825,-0.293017843289372,-0.7489853578797945,0.6459612314809222,0.6236084499527067,0.8148649644136994,0.0026624898540506
-0.09817941260312353,0.15064439722562722,0.33210478272617605,1.5857268191092906,-0.2501011176258658,0.24910903531215234,0.029224423836471603,5549,0.193586115606795,1.2972030106339394,0.21792736382049266,-0.29353504008275066,-0.7415332143423496,0.6613123481065443,0.7195071669374989,0.7394552435356846,-0.0025773188624446
-0.16203734594211397,0.09382502269981903,0.23049619000979482,1.4606674905772035,-0.15346136575896105,0.20689847495489744,0.15606376510034758,5550,0.18987281944528592,1.2795736446585646,-0.3413594841962376,-0.2940522368761308,-0.7474419099783577,0.6209787473134449,0.7195071669374989,0.7255424236622958,0.0024273740470843
-0.3638617398172771,0.12249312539518621,0.30741848880776096,1.639215429714297,-0.06941583761103028,0.20841400805098934,0.1558004909529991,5551,0.1861706802434379,1.2867290339540316,0.19285316804337047,-0.294569433669511,-0.7416333244109581,0.6228426162654533,0.7213504402027603,0.6872536134524674,0.008670520501369
-0.3386984643093586,0.09679504086622152,0.27364007290818665,1.639215429714297,-0.01657910007125825,0.17778604197434175,0.36435775496146433,5552,0.1824796340508258,1.264714063740468,0.8592343073265071,-0.2950866304628911,-0.7196193410680046,0.6251076211759135,0.7228541631296849,0.6740489712373288,0.0005420889754976
-0.30146154426114935,0.12016871357680917,0.3340614988970024,1.639215429714297,0.05337841822896034,0.20667277425279285,0.6731906708141586,5553,0.17879961742352496,1.2227064527574618,-0.008400043927134433,-0.2956038272562712,-0.7185789960785524,0.650599219528937,0.7228541631296849,0.649150593834886,0.0023993813238474
-0.17601835892191184,0.0811673775906613,0.26405910219741413,1.3755355625589074,0.14768252352909178,0.2013512214012171,-0.057816396481714084,5554,0.17513056741902,1.2027050096766332,0.18982207648719185,-0.2961210240496514,-0.7125239307776469,0.6277109863800732,0.720816861099658,0.6744343815174828,-0.0051733455987904
-0.12182284366706911,0.10989324499142643,0.3239904899210967,1.506674745741217,0.16304577634324607,0.24397676371585997,0.28713899416377575,5555,0.17147242159108614,1.1725695230122077,-0.6185186396037358,-0.29663822084303,-0.7245087596852445,0.5899990054411857,0.7198467172758385,0.6615325505929629,0.0038807819595754
-0.28126223570521114,0.1950746001882309,0.5093364791177876,1.5221984896269007,0.19191074805788774,0.266057161928169,0.2243853059671968,5556,0.16782511798465513,1.2015504961349661,0.3479226804244527,-0.29715541763641007,-0.7156664967252402,0.5727942195046382,0.7188765734520163,0.6995470339225445,0.0110561312935358
-0.12963017046927897,0.10755648236213054,0.3328271465067111,1.3601826766955476,0.2253042107561107,0.2093290053504659,0.5865940008548086,5557,0.1641885951309734,1.2052306975967406,1.1138053165169393,-0.29767261442979026,-0.6878816605092748,0.6080222707122344,0.7179064296281938,0.7180582414935417,0.0052764392135762
-0.3670507428502328,0.03933525939681671,0.21402389789929638,1.2474707003276468,0.20838646274800857,0.1724836912408853,0.5866405165099864,5558,0.16056279204255644,1.1706131929605696,0.4968923830864072,-0.2981898112231704,-0.6752526806630089,0.5972458238898818,0.7227571487473027,0.6777833373463065,0.0006085501047132
-0.499075888995036,-0.0667783220269474,0.03848789755251317,1.2210071486103764,0.2567492808024275,0.11504013359557527,0.8940883339603559,5559,0.15694764820837542,1.1271317675700212,-0.001435300973394416,-0.2987070080165505,-0.6733165458436503,0.6075561878896093,0.7217870049234804,0.6553468277128448,0.0005321581019928
-0.2693322000001481,-0.041065371673263906,0.08974725457031499,1.3042734432164647,0.31719508761216025,0.08031686222228203,0.43278516143447593,5560,0.1533431035890752,1.1346795963852148,-0.009589232677186203,-0.2992242048099291,-0.6719025295291742,0.5721315868947898,0.720816861099658,0.6154806551442417,-0.0011397315813103
-0.4376525521695414,-0.025375605944765577,0.1300880280369338,1.304103036582709,0.3181889467650397,0.0600171286059107,0.5784988594954257,5561,0.1497490986122064,1.1365346543217292,-0.18802183829083197,-0.29974140160330925,-0.6742689359774066,0.6020773635023929,0.7198467172758385,0.5760908837790681,0.0083675641819029
-0.032006546149986895,-0.06559292881144625,0.051259045086944476,1.120856696158595,0.3385937845865844,0.013592734723483338,0.15262382793844012,5562,0.14616557416752846,1.1178489455323668,0.8267681604034451,-0.30025859839668945,-0.6521425697584663,0.6013349713808411,0.7188765734520163,0.5592526922463269,-0.0051297518777986
0.03922463799889202,-0.04861808925629032,0.0696484698499229,1.27117874948208,0.390751137170541,0.03514491474316655,0.6884034729668012,5563,0.14259247160246205,1.0450851197339166,-0.6139087352916087,-0.30077579519006953,-0.666574387758419,0.6125752647593424,0.7179064296281938,0.5255882734773728,-0.0004549592763443
-0.36597608870037157,-0.051637931256322864,0.0747544249234084,1.1398278242549975,0.38530471834789115,0.015444423070037759,1.172025424659331,5564,0.13897965675696883,1.0805502042103006,-0.11497379651045676,-0.30129299198344967,-0.6703800560011074,0.6271022156741752,0.7179064296281938,0.5602069505800835,-0.0034137457572907
-0.18610396585156475,0.005880287907299618,0.17976559053816116,1.183392340307918,0.36674053034252596,0.05071217834086476,0.9165997335256018,5565,0.13537731879712414,1.0805741008778926,-0.430810008104588,-0.30181018877682986,-0.6765232072378959,0.6340503267820178,0.7179064296281938,0.5245303667673118,-0.0003806042630276
0.07973028022096515,0.008154685238354992,0.17009136921839724,1.165964955383089,0.37411400173608,0.06192074065883227,0.8022847626585072,5566,0.23730634344314508,1.0934921724235427,-0.10703728903811911,-0.30232738557020844,-0.6774276682994026,0.6090336182071036,0.7217870049234804,0.5564883360557248,0.0087572339973567
-0.29768237533711006,-0.05146903901334886,0.07045840302907466,1.1590332886727048,0.3800392121040944,0.023592925532019735,1.1226179307674522,5567,0.2693125342047341,1.0936963758179645,0.868296366298591,-0.3028445823635885,-0.6551272629668293,0.6059611523332542,0.7188765734520163,0.5726510026163697,0.0015852644031477
-0.3684011107925878,-0.08979705296361538,0.014062880548115456,1.0311023892473103,0.3400970301827399,-0.013372974284416153,1.419001301205289,5568,0.2931458083650768,1.0305291578668374,0.10275287521767179,-0.3033617791569687,-0.6525442271871046,0.6056170275440647,0.7179064296281938,0.5328056535892148,0.0140186917367415
-0.5464518538640302,-0.14870279460904262,-0.06885359362370501,0.9206814150090913,0.34790110156447757,-0.07990422418452135,1.2063144639956835,5569,0.2890719221907546,1.0690983158668328,1.4297859796020704,-0.3038789759503489,-0.6154458721927709,0.591284344086656,0.7242608716742271,0.49847306504908834,-0.0006689463658062
-0.435680643034225,-0.10499310253472996,0.013552264752660286,0.9559730091909717,0.4439068216477119,-0.05689795083243872,1.7263642248206017,5570,0.28501123890188934,1.0353223174527304,-0.1379219415516008,-0.30439617274372904,-0.6168182581135341,0.6295469716040959,0.7278989110135595,0.44997627301923887,0.0025288217305672
-0.2937097773146425,-0.11261174031363805,0.00433421113133985,0.8960699439858599,0.47236759568660225,-0.07454566536951103,0.4103822260473559,5571,0.2809636772639254,1.0806697644260699,0.20342311989760517,-0.3049133695371091,-0.6118404376961711,0.6381809060243149,0.7300817346171588,0.40512173352095004,0.0029675790749998
-0.3303532920466066,-0.07886541740304918,0.06644650729169832,1.0707711524976842,0.5272262981139143,-0.037702731800199306,0.8116287539930858,5572,0.27692915673063473,1.0645412760141402,0.2501908318214947,-0.3046806309800881,-0.6065154183220203,0.657202707296139,0.7300817346171588,0.39765514103688815,0.0012574888190837
-0.2988958960809522,-0.04784811141438866,0.12363493016515768,1.1285984795699615,0.5830198889925446,0.007377490420534827,0.9387536679337296,5573,0.27290759743667004,1.0293252513707818,0.06768034886583414,-0.4397465735712436,-0.602949989111171,0.6653433080882656,0.7276078678664117,0.421705729125549,-0.007380318627108
-0.3191742219285421,0.09589039082994247,0.39605098149756246,1.196412999824694,0.6146931076725922,0.14077085499159148,1.0018188151384737,5574,0.2688989201900192,1.0430774101531408,-0.8543449616697888,-0.5503491078355305,-0.6212136613996211,0.663529376096491,0.7266377240425893,0.4940213320719312,0.0074351927184239
-0.49066364244542215,-0.021261281490632857,0.18451028690541202,1.0650086461723423,0.6426982244552524,0.06021860595053817,0.02616934422975922,5575,0.26490304646476454,1.0811047008838093,0.727055100725286,-0.5508663046289107,-0.6038299415946076,0.6566085875092977,0.72566758021877,0.5428227802442167,-0.0012559095268958
-0.19315301892016584,0.011781054749974283,0.24163043991382815,1.060647498844109,0.6640568850940739,0.1080966262830588,0.7645031521929249,5576,0.26091989839372354,1.0400261567644895,-0.20068081686417263,-0.5513835014222909,-0.6065667399211093,0.6858584680551314,0.7246974363949475,0.5092448009277656,-0.0046601083932547
-0.010764743516077325,0.11817506643582282,0.4340070777669343,1.2170116811945422,0.6501142241858267,0.1973945090852535,0.14411136360713575,5577,0.25694939876137257,1.058260766805198,-0.5640814933055743,-0.551900698215671,-0.626288704213969,0.6783340933915234,0.7237272925711251,0.5540313847206528,0.0110656952803965
-0.2073097043795287,-0.010467722421290182,0.18685239868427686,0.9165734170325743,0.5769766026039557,0.13121403173499557,0.5909476806913287,5578,0.25299147099676506,1.0589120173489515,1.1144597750957956,-0.5524178950090511,-0.5979443040166821,0.696438746928127,0.7227571487473027,0.6345624837473022,0.0026534558553383
-0.5457875627442349,-0.10708052411048542,0.02963030707084565,0.9389631139078713,0.5803120208615086,0.07673411857833412,0.4087999475925382,5579,0.24904603916658483,0.9970413904237828,0.2165971336633701,-0.5536850271528309,-0.592048041045267,0.711485173424575,0.7217870049234804,0.5989248375469637,0.0004398506663516
-0.3383199525676651,-0.0800529797318087,0.07951130124579667,1.0635390555929436,0.6038346029350373,0.07343993682439433,0.7104905326586062,5580,0.24511302796824178,0.9993915425204744,-0.01959273494353848,-0.5542022239462111,-0.5904298062700987,0.7197195555907275,0.720816861099658,0.624020193105133,-0.003209496485369
-0.22239073831646386,-0.08040226210126344,0.07720334693102342,1.0888918602288722,0.6035958955951597,0.05492374185787102,0.3918295019732398,5581,0.2411923627231143,1.020032357914425,-0.40905204714430204,-0.5547194207395911,-0.599512238340668,0.716014083615959,0.7198467172758385,0.6515234263631319,0.0044033752743832
-0.3557932433279079,-0.17368372909320448,-0.07319110696301341,0.8874883655690671,0.5593807413956021,-0.03632123222606976,0.045607583970128485,5582,0.23728396936985058,1.0637756599681454,0.4034448863482566,-0.5552366175329714,-0.5885611571857596,0.747390465404275,0.7179064296281938,0.5952463852678738,0.0021883763799037
-0.4897604994526357,-0.13992252993516757,-0.009839826776119298,0.9961810547123237,0.5890420914905122,-0.009134043997627206,0.32993152870714604,5583,0.23338777445775652,0.9898570591487313,0.1669986712109093,-0.5557538143263515,-0.584429727517407,0.7773054198164633,0.7179064296281938,0.5707296529873787,0.0016796899355839
-0.31993733704435445,-0.08145922443969095,0.09020019374626237,1.050397830767348,0.5983566585336086,0.03815375366026369,0.5869101223192499,5584,0.22950370514030233,0.97199694885414,0.1126808816737745,-0.5562710111197301,-0.581122072110761,0.7940507971649383,0.7179064296281938,0.6240435924007093,0.0029090114997658
-0.1902281874308145,-0.09724946501157572,0.058739507837605814,1.008180168677117,0.5900243631094564,0.018895897820104663,0.3677682759861003,5585,0.22563168916861268,0.9725544008109622,0.24385303737798195,-0.5567882079131102,-0.5725061319196726,0.8179805738640259,0.7179064296281938,0.6531166034649855,-0.0039183180752282
-0.04496653006994297,-0.06614867937604835,0.10055440887266634,0.9709994478098799,0.6100747781461489,0.03227500022020945,0.5338337841643531,5586,0.2217716548852502,0.97224780223471,-0.48483945254822625,-0.5573054047064904,-0.5854177477669249,0.7805698671710383,0.7188765734520163,0.6109261104701056,0.0051817247341392
-0.0754111413775675,-0.14487153020995316,-0.04149030358490385,0.8114760352062792,0.6014178352416967,-0.02167996206801714,0.6435391644168867,5587,0.21792353121779567,0.9388069337802512,0.4865455507378445,-0.5578226014998705,-0.5693891320490019,0.779744366434653,0.7179064296281938,0.5971437613985415,-0.0030349235319613
-0.2934576509143889,-0.1432251979871066,-0.03598510746518777,0.9190056329536263,0.615606462346479,-0.006205661886912375,0.6529840137821755,5588,0.2140872476727465,0.8954508546492294,-0.39046167789212277,-0.5583397982932506,-0.5783402749985636,0.8218189756209221,0.7310518784409809,0.5343740995293165,-0.0040928681429786
-0.23882858824663275,-0.09268068414524407,0.04872525446294933,0.9511449127434145,0.6037278913921794,0.044003909578765404,0.20428225511784542,5589,0.2102627343294345,0.8819636894552997,-0.5033413956192712,-0.5588569950866308,-0.588921868877604,0.7815160862439039,0.7400257088113332,0.5970288664537013,-0.014625228849357
-0.2578232660184639,0.09589734360159019,0.39678672768224416,1.17413822039291,0.5877623536014761,0.16029366527183758,-0.07000799647745042,5590,0.20644992183389452,0.8947365666821193,-1.627544804629564,-0.5593741918800094,-0.6299375587831473,0.7763143012149745,0.7465741796221305,0.6165222479161115,0.00697588121357
-0.3966690035356798,-0.02514138986901295,0.17516246167340752,1.104825114499206,0.5310648221561396,0.09371381140756739,-0.026728193159206035,5591,0.20264874139301556,0.9893361728465511,0.6780718765129374,-0.5598913886733895,-0.6121908941740247,0.727192677439898,0.7465741796221305,0.6516683856149653,0.0099491489765459
-0.42918987344817633,-0.10059451578880636,0.05016324327740458,0.9104280444077323,0.5223872391063898,0.032005329645793806,-0.2069287982085969,5592,0.19885912476860115,0.9594641198474002,0.9954110116659238,-0.5604085854667697,-0.5866558514388569,0.7485749567992548,0.7441003128713835,0.5887108413657086,0.0038674836720957
-0.3108326260717363,-0.15722551044831062,-0.04195667407500946,0.9375645696616755,0.5321984430934179,-0.01160576086972459,0.3243587390849211,5593,0.1950810042715934,0.9203029459510382,0.34626605182970904,-0.5609257822601499,-0.5773214323107756,0.7718301543435475,0.743130169047564,0.5552206083626888,7.26906108359e-05
-0.36961347611550227,-0.16627753070300222,-0.191188081457477,0.8577046793661163,0.5192836651224917,-0.04063187952158623,0.6356797332067516,5594,0.19131431275632166,0.913941781533187,-0.05880385330609834,-0.5614429790535299,-0.577186217231177,0.7893365367139109,0.7421600252237416,0.5169242322329937,0.0180404125515654
-0.20492748900494245,-0.21902476748187125,-0.13808944293496833,0.7768054658277886,0.5181099617043575,-0.12537781232767567,0.32403666085702876,5595,0.18755898361490386,0.9082252065365124,1.8590565274076079,-0.5619601758469086,-0.5707917819908037,0.7752079636645135,0.7411898813999191,0.47160187535887776,-0.0010852337290013
-0.30054488156662695,-0.27887625129759813,-0.22676867927805247,0.8121257843119948,0.5793284292830423,-0.045749679697667786,1.011330697114918,5596,0.1838149507715836,0.8220643207065222,-0.1823984135866582,-0.5624773726402886,-0.5492111098214165,0.794908559746507,0.7373093061046327,0.4210633319968254,0.0057894361721782
-0.3314274595832504,-0.2717970830496819,-0.21401719691150156,0.7057224011988,0.6159713844864515,-0.06090625899526362,0.8191255796206499,5597,0.18008214867730393,0.8342464751063635,0.5513902928755168,-0.5629945694336688,-0.530729848341176,0.7676078146890333,0.7363391622808103,0.4618764042020494,0.0013846655225977
-0.5124826645088804,-0.29750971702162576,-0.25403060186280085,0.6811166213690862,0.6418456102258899,-0.07326704960142785,0.4076937685936181,5598,0.17636051230419378,0.795717766046776,0.08123376119045655,-0.563511766227049,-0.5223509686352527,0.7569823875268056,0.7353690184569879,0.4359643615652007,0.0039201717577541
-0.48252094892958175,-0.2977259785494747,-0.23563762351664114,0.6921365747396683,0.719205562669921,-0.10375186333680587,0.3543809755634402,5599,0.17264997714021416,0.7956735615452174,0.35186869599699616,-0.5640289630204292,-0.5156505062599208,0.7982697831118762,0.7217870049234804,0.430717868173197,-0.0029108981586881
-0.40057334820247,-0.261735318169393,-0.1800033392015649,0.6426471642098048,0.6943886577607897,-0.10283113006311044,0.5670746975597719,5600,0.16895047918387707,0.7836986925335342,-0.37724505590569596,-0.5645461598138093,-0.5156505062599208,0.8058206140357554,0.720816861099658,0.37189730371010093,-0.0016377099006564
-0.4225113270460627,-0.2922339937337185,-0.22037233552371074,0.5656100810271691,0.7376500261883391,-0.1528703712572567,-0.2606912952176103,5601,0.16526195493898152,0.7873021273026385,-0.24141183399756583,-0.5650633566071879,-0.5286887230385051,0.7569377444703083,0.7198467172758385,0.36643665263768976,-0.0072034808786464
-0.3360854048106875,-0.2629946178022409,-0.17762294427053063,0.5924933540973967,0.744621411952754,-0.13239126841657953,0.006844077280722061,5602,0.16158434140946268,0.789849601636539,-0.8354696491729473,-0.565580553400568,-0.5486658150815501,0.7625416824230461,0.7188765734520163,0.29163623490685625,0.0032327581997593
-0.34188994162603664,-0.31368857637423214,-0.25005297587079583,0.4511728393385113,0.6778078820830116,-0.19645656076072876,-0.2782253965674701,5603,0.15791757609421603,0.8273554095042581,0.27853830851402867,-0.566097750193948,-0.5405365556043401,0.7285758261577103,0.7179064296281938,0.34304748212458575,0.0140350878339437
-0.4972857347877059,-0.3515845001169182,-0.29610078384074656,0.5026695980984073,0.6494395633223191,-0.17684277548416635,-0.0936300132008288,5604,0.15426159698216657,0.7959005007726878,1.4315576684233973,-0.5666149469873283,-0.5030633194037676,0.7620741157559371,0.720816861099658,0.28517907664236064,-0.0031071246800631
-0.49800224234876644,-0.26246908810367575,-0.16465795730174393,0.4628243496439115,0.6406365483950474,-0.2021869856072348,1.002048168242661,5605,0.1506163425471363,0.722894375792428,-0.3981682860394629,-0.5671321437807084,-0.5111831355687761,0.76978266544829,0.7198467172758385,0.28808479786138363,-0.0049585611510863
-0.16575408904331743,-0.2708300448573163,-0.18570863469449495,0.3870876713152717,0.6124632284582922,-0.18724104204647649,0.8636291355382972,5606,0.14698175174308833,0.7206916183395705,-0.5958297433249167,-0.5676493405740886,-0.5251438293529055,0.7641348393925648,0.7188765734520163,0.21593658845742092,-0.0017085498268675
-0.05035606020843865,-0.27050045363906877,-0.19940355976464308,0.3444184121855827,0.5952205673087342,-0.18423311095725722,-0.06575198559501762,5607,0.14335776399911207,0.7915348338406418,-0.24890876633749148,-0.5681665373674673,-0.5298718625872928,0.7249099435434414,0.7179064296281938,0.1922920694493579,0.00413606230905
-0.3602321746634552,-0.26944864470402874,-0.19555532738491538,0.42860715731152144,0.5843511617981648,-0.2008030966679126,-0.2673860488295022,5608,0.13974431921472646,0.7878835204353545,0.3749984110564305,-0.5686837341608474,-0.5200655992205276,0.7151906453993435,0.7179064296281938,0.19189976753435378,0.0073148219995431
-0.3370707870346883,-0.26034331143822764,-0.18097299346770715,0.4437857367497194,0.5924245225723893,-0.21177990806992936,0.3324839285313854,5609,0.13614135775509817,0.7512119083583391,0.714271349264502,-0.5692009309542274,-0.49977326960092977,0.704811447974497,0.7237272925711251,0.13672233056183322,-0.0040891146162924
-0.1476575429084626,-0.2592999261382976,-0.18722481136333752,0.43484389844662236,0.5986611681989221,-0.18772252572494091,0.8765155346550824,5610,0.1325488204463454,0.7041092164443534,-0.5029407515838111,-0.5697181277476077,-0.5111909332986325,0.7435293708467757,0.7227571487473027,0.14295823455476164,-0.0099108029768872
-0.10867766062441937,-0.20716117552214194,-0.11715030332925748,0.511432953052525,0.5541216742857509,-0.14336060621102992,0.5551709762564866,5611,0.12896664857095919,0.725070832931834,-1.1243794886682374,-0.5702353245409877,-0.5397084274441185,0.7300098353444595,0.7217870049234804,0.1428287443704431,-0.0005005003748596
-0.3402102700494574,-0.190039381099213,-0.08742695937712014,0.5788798755385428,0.5201664256670483,-0.1179363575007222,-0.4225614870128894,5612,0.1253947838631547,0.7760243557128491,-0.11994234870099553,-0.5707525213343678,-0.5417293415370517,0.6809033073659658,0.720816861099658,0.15722237661376542,-0.0112311327008259
-0.3684165159303992,-0.048343050114662105,0.1543189541292179,0.6843677924971039,0.518638128242518,-0.020926590164256322,-0.18149181910860115,5613,0.1218331685044359,0.7693109012792517,-1.2652872775947999,-0.5712697181277465,-0.5730985891701593,0.6910138917347918,0.7198467172758385,0.19191005006206457,-0.0167848353573361
-0.047391818632266,0.057691275954588665,0.3113807086776077,0.9086525350915996,0.45911374714092196,0.07755696298080189,-0.45776488655106656,5614,0.1182817451190928,0.8392433597586921,-1.858121749168695,-0.5717869149211267,-0.6196054341897873,0.6711849069875546,0.7285780116902341,0.25987573966002264,0.0080941864670325
-0.2468106158634012,0.03231861998799101,0.2649595135328836,0.904809237617952,0.36301091562785187,0.06647795673368083,-0.4475478892106577,5615,0.11474045676984118,0.9179664679994193,0.7973947937300656,-0.5723041117145068,-0.6000401047664045,0.6688052467080235,0.7276078678664117,0.34538240110174184,0.0130656934572639
-0.2857691447369164,-0.15810914597866008,-0.06657701672569352,0.5347451418555451,0.2614299422394935,-0.09004376120191059,-0.3823552402073021,5616,0.11120924695337775,0.8584274244290561,1.3280436446521633,-0.5728213085078869,-0.5633736848432667,0.655441188143681,0.7266377240425893,0.3521346259504678,-0.0118884648657763
-0.1106533927395911,0.0,0.20268902002863917,0.7759890409747892,0.10097694525414824,0.03182436946057694,-0.18805618654403314,5617,0.1076880595961806,0.7943991849836407,-1.33551399810453,-0.5733385053012671,-0.5976200015481485,0.6799611128175095,0.72566758021877,0.22095847082819284,-0.000656263771766
0.02868998462843201,-0.0004067202858250844,0.1889585785875003,0.8231657930456496,0.003355860089116232,0.034833000044300406,-0.3450985938650648,5618,0.10417683905022342,0.8429297368566795,-0.1366110064012137,-0.5738557020946471,-0.607045328180866,0.6561927723263943,0.7246974363949475,0.3139041003713819,0.0148267061485028
-0.3767309639632619,-0.0743193236474071,0.06502176187119285,0.5513895704312763,-0.059903858276834046,-0.04940793222556159,-0.18786009438596143,5619,0.10067553008875042,0.8429048895139453,1.5160318442809433,-0.5743728988880258,-0.5658263841064578,0.6263292375695305,0.7217870049234804,0.2885057207064061,-0.0033936817971145
-0.3279851301348786,-0.06261206200549639,0.09165322148605877,0.6841892700961761,0.744621411952754,-0.030935246469814458,0.08967486477297647,5620,0.09718407790216396,0.7801074172245857,-0.4287764292856972,-0.5748900956814059,-0.5771475622769645,0.6396625843712558,0.7217870049234804,0.24226630975122704,-0.0064208931114287
0.14263380484750035,-0.08195803648011259,0.030538765294497422,0.731941900995821,-0.06983140518269733,-0.023738649712686362,-0.20515888622301545,5621,0.09370242809395914,0.7908322360654906,-0.7518517909729264,-0.5754072924747861,-0.5935152313729569,0.6071653603960635,0.7188765734520163,0.25056949079743174,0.0016700550286603
-0.2963476836762692,-0.14448366869264523,-0.06846052854279792,0.798872257013949,-0.09848346349588862,-0.07715494634617408,-0.0745960373244938,5622,0.09023052667658457,0.8161017126981399,0.1117600558664237,-0.5759244892681662,-0.5906122071076837,0.6111343803702178,0.7179064296281938,0.239980205979828,-0.008408843120809
-0.17885846277899653,-0.04155068365342972,0.10922925106262477,1.009113640346531,-0.12509998458914642,-0.013524037859894906,0.3068961118182181,5623,0.08676832006753617,0.7950506078330378,-0.9640416541755639,-0.5764416860615464,-0.6135910915677087,0.6270113311717966,0.7179064296281938,0.19731142754015057,0.0038014469162737
-0.2657128705276227,-0.10075374992386953,0.010304805527707541,0.9742003174145647,-0.14093314500877074,-0.07618507639671024,-0.4074202638555189,5624,0.08331575508535063,0.8566994460228619,0.3392390205000892,-0.5769588828549265,-0.6039604151003972,0.6177498001000636,0.7198467172758385,0.2477460440364877,0.0136916467671915
-0.24310383669936797,-0.18764231603334353,-0.12978819154377583,0.7371984237309724,-0.16162890103067837,-0.15085642095138244,-0.04428101467942573,5625,0.07987277894572854,0.877098132733884,1.3948566663971944,-0.577476079648305,-0.5674777184747182,0.6187744918111089,0.7188765734520163,0.22668009744575848,0.0069688913866299
-0.3939323817263944,-0.2271873172458368,-0.18220221382490115,0.5393745494657796,-0.1444840098382807,-0.21563718483939354,0.5511244712757052,5626,0.07643933925764343,0.7771884912821122,0.6772614145037481,-0.5779932764416852,-0.5495170755664377,0.6301642744177134,0.7179064296281938,0.14216096573713244,0.0016409815820546
-0.2329345296950735,-0.22209610641874145,-0.17284198850790913,0.5925706825769836,-0.11749552274997015,-0.20269484394933496,0.8770537496066066,5627,0.07301538401958314,0.7357500792038666,0.10857083010555346,-0.5785104732350653,-0.5431658940153135,0.6493332944283768,0.7179064296281938,0.11992352099021665,-0.0037039669777699
-0.39750393587392235,-0.166317820336799,-0.07619881705100666,0.6536163800738195,-0.0701246309231867,-0.16222569551888394,1.2024363288882485,5628,0.06960086161571766,0.7531564348314632,-0.4619384374227055,-0.5790276700284456,-0.5541763467765359,0.6590177105664117,0.7281414469695138,0.10228850443397616,0.0062200612180929
-0.12425160708389757,-0.20382113672568192,-0.14088641739931726,0.6528728406757833,-0.048006300961068574,-0.1761431488716552,0.09607439665746308,5629,0.06619572081222715,0.7621542676760085,0.5973111574748847,-0.5795448668218257,-0.538708856893496,0.660133715717161,0.7295481555140565,0.11057839720912674,-0.0029486993762035
-0.2916265009628912,-0.1852039424706873,-0.10766294571333913,0.650021627783655,-0.014136173934824919,-0.18512832910137753,1.148060512293395,5630,0.06279991075360139,0.7358250244694272,-0.3813226632324259,-0.5800620636152058,-0.545718467347529,0.6713906483237543,0.7179064296281938,0.09359564159941114,-0.0076607881137584
-0.20816061505381417,-0.13952906262073314,-0.033805931066292164,0.7982423828636266,0.054360777679494925,-0.15094039988696112,0.20888260651953253,5631,0.05941338095899929,0.7381136126082267,-0.884238941586042,-0.5805792604085844,-0.5669777856112105,0.6311327011142549,0.7179064296281938,0.06954564557107308,-0.0161579889502032
-0.07597041064026744,-0.03160076921515411,0.14602471791746693,0.8944606699346525,0.03437341027342295,-0.06507831331644938,0.4608910459200772,5632,0.05603608131866263,0.7766423031205875,-1.7912133999893887,-0.5810964572019646,-0.61134877981254,0.589482963172302,0.733428730809343,0.08837543332516237,0.0007299272206953
-0.1463101007477781,-0.04694668535348492,0.1157043783081183,0.8185657382043452,-0.10780697100517003,-0.08476584261175697,-0.28350529550000064,5633,0.05266796209037824,0.8663560290500222,0.011391066097962761,-0.5816136539953447,-0.6104246298407492,0.5974400419229948,0.7246974363949475,0.12439848167143096,-0.004011670098869
0.2964795507715164,-0.03991208332975613,0.0885864463699724,0.7702808469551137,-0.13513167870407194,-0.0597813997445473,-0.25507783497315945,5634,0.04930897389593781,0.8834009824267103,-0.4947392817675977,-0.5821308507887248,-0.6220232724032281,0.5509320167083394,0.7237272925711251,0.09300469972046224,-0.0059318930475093
0.3750821764201722,0.029461888848443883,0.1736909045373169,0.8359233709825052,-0.19460998764670198,-0.009276562534278008,-0.17928100308175923,5635,0.04595906771765694,0.9142801677944637,-0.699764473751245,-0.582648047582105,-0.640114609566011,0.5158537701141632,0.7227571487473027,0.11690435643052419,0.0020627665362629
-0.07805824878658367,-0.0557350550504833,0.018963257702039774,0.8315080203730585,-0.3271607909255847,-0.05667707565703572,-0.15020732729382244,5636,0.04261819489503961,0.9134957104442952,0.15359132423875024,-0.5831652443754851,-0.6333866536034387,0.5037578003761946,0.7217870049234804,0.15568086387238092,-0.0030142626511883
-0.10478992970568897,0.01575603956524509,0.1526534935279193,0.9260735780233967,-0.35918025358613825,-0.008929652055224781,0.06635399053720267,5637,0.03928630712123868,0.8912258155450977,-0.3883423596387132,-0.5836824411688637,-0.6425223745952382,0.49515911089309084,0.720816861099658,0.1142536135954114,-0.0110611306812664
-0.06777157977815021,0.14973556070957872,0.4173407146882402,1.0363717642285448,-0.3447714953888891,0.09146222794068912,-0.09244909905175643,5638,0.03596335643983828,0.8908769918005515,-1.2472491824739098,-0.5834497026118434,-0.6723382841227377,0.49211243744803024,0.7198467172758385,0.1589117451342185,-0.0057415558871335
0.15023411971998282,0.156108848001484,0.41734460684969155,1.1042103945241235,-0.4373463527349194,0.15845414541398675,-0.33658090335886337,5639,0.032649295241474786,0.9425264641470366,-0.6794266589076473,-0.6018877682958362,-0.6875926359668169,0.47814895098027804,0.7188765734520163,0.245202008257493,-0.0038323079937273
0.17563718594227923,0.17604291703599478,0.44526526877764694,1.081337326098315,-0.5383593455904826,0.1283077825510026,-0.289773537700413,5640,0.029344076260575367,0.9828978289735705,-0.47565890608499173,-0.6170674941815357,-0.6807281776369812,0.4386841721211615,0.7179064296281938,0.3015368060203816,-0.0148235700836492
0.4439328136257786,0.1670725859704649,0.43270097091006693,1.1145478723069375,-0.5868171785928731,0.19726179922478093,-0.30854293532195554,5641,0.026047652572124425,0.9740470295661025,-1.6488445436916441,-0.6175846909749151,-0.6944898604126638,0.42631705540808046,0.7321190366471843,0.343465172170601,-0.0085587658475777
0.3779106375181461,0.25876448045047495,0.6068766421777498,1.2368400297235496,-0.6662715183759722,0.2870422986089752,-0.48687245168904114,5642,0.022759977588475866,0.9789149692402098,-0.980151695495844,-0.6181018877682952,-0.7218799631641127,0.41360080313996106,0.7414324173558744,0.3665578721840311,0.0171882230382665
0.10750743864169857,0.157382189331699,0.3419438146476763,1.1739325641777096,-0.7503432696270318,0.2125177039954549,-0.5525598227961019,5643,0.01948100505613582,1.02676054444416,1.7680954995163718,-0.6186190845616754,-0.7175570558059307,0.40820855664348993,0.7475443234459529,0.4504509534119933,0.0017428201750093
0.4487450292817845,0.18909015531808243,0.3804450685613638,1.2332600979649355,-0.7908558260478772,0.249118921460696,-0.4962282356992865,5644,0.016210689052732416,0.9910122005249958,0.11952686407430617,-0.6191362813550555,-0.7163034836171064,0.426148753105167,0.7475443234459529,0.36259690442444603,0.0005295006236396
0.6145263088433659,0.17870638038847864,0.31787270376881493,1.0444509025324376,-0.796714019808491,0.2401549203569293,-0.4868184542859196,5645,0.012948983983844921,0.971567126312867,-0.01004527706133693,-0.6204034134988353,-0.7119014175012287,0.4016729430887075,0.7421600252237416,0.3935218866540683,0.0019656764600051
0.3851475537365234,0.12481969014339762,0.19028428856788696,0.9937635950518683,-0.725840813665801,0.2162410883805575,-0.5243069492933622,5646,0.009695844579943663,0.9615619178602676,0.14324972273173783,-0.6209206102922155,-0.7083181908682874,0.3486574471167107,0.7295481555140565,0.35431183658845145,-0.0032445486832596
-0.1091037949016189,0.1394623419851828,0.23990185975528283,1.0821982994922177,-0.6852384344077839,0.22646820429476877,-0.30860338651701197,5647,0.006451225893453005,0.9564573990665203,-0.4129226365129401,-0.6214378070855955,-0.7140064480534377,0.3592113752657222,0.7485144672697752,0.35110608876172256,0.0121120370021544
-0.004598391691202009,0.08949296552773085,0.1508622738024881,0.9673872507930464,-0.6697201810537304,0.15185164137727622,-0.38373730222400554,5648,0.0032150832956620292,0.9562404944834468,1.226252235513506,-0.6219550038789757,-0.6849880234743361,0.3664232757275661,0.7542868230215152,0.3135520674170519,-0.0145100971085265
0.035746983918531684,0.3006864563840853,0.6089239882466373,1.1861696674458735,-0.6437248288116597,0.31549374797177415,-0.1773159645946471,5649,-1.2627526168627306e-05,0.9033691860405817,-1.61532067491672,-0.6224722006723559,-0.7230121399401425,0.3535045064989387,0.7602532075380183,0.26892223916590263,-0.0022009720094426
0.5047462234327166,0.2949052651733126,0.5671423763065051,1.1347713266969932,-0.675799993918035,0.31717898474559364,-0.43085913483235694,5650,-0.0032319505717350104,1.0063513367479089,-0.3014248882953919,-0.622989397465736,-0.7289650838135677,0.2897184494875164,0.7919769105769944,0.3486142339726624,-0.0251768461744583
0.12726494306598352,0.47120582343603773,0.9931106167272933,1.3371365268410842,-0.6927950858926143,0.4771754245906008,-0.22435047778236283,5651,-0.006442929530583007,1.0149878353481587,-2.753824381759346,-0.6235065942591146,-0.7931976567626009,0.25816814879538474,0.8146782760544273,0.3824121358391944,-0.0004681645351872
0.23897254942144444,0.4339802081024753,0.8963235423680532,1.20835787957564,-0.8779539685510895,0.45164233021506434,-0.4024663080420798,5652,-0.00964560778496351,1.154389751935355,-0.11646843607887127,-0.6240237910524947,-0.7928421987122902,0.1908004839263432,0.8146782760544273,0.48965832245002666,0.0075722091460539
0.06402360247271578,0.33565686545410284,0.6692097289213934,1.2897898502496594,-0.8840893256857977,0.3619268577157997,-0.44886871716717486,5653,-0.012840028412697314,1.1550924646172422,0.7417451927701532,-0.6245409878458749,-0.7782009357984448,0.20550860476653468,0.8146782760544273,0.5139308496463257,0.0224684276704381
-0.1783623097703231,0.1639561282471571,0.3115986440194441,1.1762385368300206,-0.892225165617172,0.20728807612807387,-0.34551828251932404,5654,-0.016026234189866595,1.13309251914806,2.331694975027473,-0.625058184639255,-0.7191339755339347,0.20888001754395175,0.7984283670054101,0.4602380186927354,0.0006061983635001
0.08565668974072507,0.1338232170394488,0.2533016195381387,1.1395591259227713,-0.8763384951768539,0.18980656954572553,-0.18619184218880372,5655,-0.019204267593668445,1.0250273992480032,-0.001857440887415843,-0.6255753814326351,-0.7194355738515763,0.243140456989202,0.7974582231815877,0.38766410836342424,0.0079515334344384
-0.18217826441590965,0.1003331289993211,0.20477907146304686,1.0971693322068528,-0.8541404130926026,0.130203689300778,-0.045661537318796866,5656,-0.02237417080511965,1.0406525796811756,0.782190315690334,-0.6260925782260137,-0.698183096927167,0.2383552499030234,0.7964880793577652,0.37414034333889146,-0.0126596546204177
0.18132762617432366,0.2586691941195274,0.534433030200485,1.3619274468379485,-0.6818056113321078,0.2627634166242864,-0.07417157491404112,5657,-0.025535985711719274,1.0036292826447728,-1.417807246203753,-0.626609775019394,-0.7316006361222511,0.22091090338941677,0.8023089423006968,0.2681764126322507,0.0114522695510237
0.18522563565620503,0.15855629242941835,0.31426447050417294,1.3045578906583373,-0.6911306010989091,0.22244977810532562,0.047554032271076484,5658,-0.0286897539101833,1.0402098193550382,1.1558519843347894,-0.6271269718127741,-0.7011897502012542,0.1952884537028249,0.8013387984768745,0.4571632435186212,-0.006394823441176
0.19408180130371608,0.3069261984384216,0.6337650380435408,1.5608356413642441,-0.6626875648178342,0.3337189780579992,-0.4597103873248875,5659,-0.03183551670902018,1.0104135043202669,-0.7491543020709026,-0.6276441686061541,-0.719825243055536,0.18876263155804648,0.7955179355339432,0.42878461503421,0.0106004393776686
0.512192026195717,0.13061690181468094,0.22133064497862667,1.1939247289511012,-0.6225518070858536,0.22622120139014906,-0.3096633451534314,5660,-0.03497331513120603,1.0280546034135227,1.0648649300129196,-0.6281613653995344,-0.6914890146184448,0.17012546650780438,0.7945477917101237,0.5041027683554851,0.0102272891807711
-0.3924015141404597,0.0915521902143838,0.17366606146381627,1.0094188338476153,-0.6147089224363708,0.13072947881276362,-0.22540209621863913,5661,-0.03810318991667251,0.9907956797757937,1.0250144357734947,-0.6286785621929145,-0.6564762334032337,0.19186957520792142,0.7935776478863013,0.41212677121616653,0.0019382738640167
-0.05772262216881209,-0.09845268189738024,-0.1677072423279866,0.9755470573052843,-0.5834655334713397,0.020289883214683977,-0.03782053715326082,5662,-0.041225181524997614,0.9433262591248365,0.14030406906509496,-0.629195758986293,-0.6526826348084196,0.19486759951209878,0.7770852028813295,0.2984349456320832,0.009672619254945
-0.28841396931081814,-0.09439925027662792,-0.13803876453068553,1.0120822086292496,-0.5596512364950426,0.005040882060649465,0.027580570904444556,5663,-0.04433933013780419,0.9239101576851956,0.965895621704107,-0.6297129557796732,-0.6263433850610115,0.18939258207224172,0.7761150590575071,0.2536304032030515,-0.0016212234211477
0.4432834888640556,-0.17204884607153842,-0.2961354450495061,0.9808501668444345,-0.5263729458803649,-0.072456228167395,0.3278332699055598,5664,-0.0474456756613059,0.8825507026998507,-0.23963049794709204,-0.6302301525730535,-0.6310693866538802,0.2105185476261772,0.7751449152336847,0.2478081247495023,-0.0224387370246853
0.24786670222422388,0.021065835039860672,0.03469834598373384,1.3148852042082262,-0.4575037825747291,0.09318973927294395,-0.14255870501464263,5665,-0.05054425772883601,0.9030609335116525,-2.461629240231498,-0.6307473493664335,-0.6917025584112737,0.16152779541224213,0.7741747714098622,0.16928000313115255,0.0077016008508046
-0.21096727973820043,-0.11321648122283798,-0.1867795351125335,0.9841409689880175,-0.49258838998699767,-0.025229851794629225,-0.34955605342149837,5666,-0.05363511570316108,0.9960474018601737,0.7555121575236607,-0.6312645461598133,-0.6726911782987467,0.08929734373844136,0.7732046275860401,0.25799901449268314,-0.0160347665090956
-0.10936448811967464,0.04113529444936235,0.10664721096314272,1.063165336226901,-0.49796138171013127,0.08324909156185528,-0.35904580362157423,5667,-0.056718288679052334,0.9712672568032152,-1.778060879655013,-0.6317817429531931,-0.7155160475804556,0.10988482759513046,0.7790254905289714,0.22876223742582344,0.0050258904112874
-0.06039821586680102,-0.004043882892441181,0.03038779522878179,1.005065331821715,-0.541940345997117,0.042781975878007,-0.4248666060414231,5668,-0.05979381548554025,1.0503450356334874,0.46991210246591925,-0.6322989397465731,-0.702969386002122,0.12675082905503512,0.7780553467051491,0.24744920942668355,0.0090392483243968
-0.16537674576446346,-0.022605215545232628,0.010155742356909367,1.1555261969449238,-0.5491120129311575,0.03458993676694873,-0.3026367436919344,5669,-0.06286173468837154,1.018858305233849,0.8982480778398666,-0.632816136539953,-0.6792227278155523,0.14874764851380665,0.7790254905289714,0.20771277549238215,-0.0028759579998159
0.3130564862195062,-0.005107969577084315,0.023801615022463814,1.1125537442002145,-0.6121955623990095,0.026382481887992797,0.054402737459167426,5670,-0.06592208459230506,1.01319019762727,-0.373557545056142,-0.6333333333333329,-0.6849430810404362,0.16773313156966269,0.7780553467051491,0.1828538483567291,0.0249642289214529
-0.4131099735970961,-0.18458228981277547,-0.2620302000599333,0.80941556953346,-0.6089350109444976,-0.11235213936062127,0.07283700272360263,5671,-0.06897490324345153,1.0340045737819508,2.598070699956063,-0.6338505301267127,-0.6284700857778025,0.12533177503885998,0.8168610996580267,0.1568226934909885,0.002975643948313
-0.09771290225519139,-0.20392221593809776,-0.28447285471753786,0.8805028261002741,-0.471160370062421,-0.15071698369504818,0.21308494967367836,5672,-0.07202022843154278,0.8868617440358373,0.251052507619939,-0.6343677269200926,-0.6219994246446028,0.266373006114661,0.8371371055759027,0.07986241968392292,0.0066075746271732
-0.5043216941869085,-0.21371795763707765,-0.2743672774820981,0.6858274553218388,-0.41625492319444446,-0.18476724282381582,0.8027478325293161,5673,-0.0750580976921971,0.8873567648545182,0.6387604050127024,-0.6348849237134725,-0.614800699809354,0.2570351583689287,0.8532900002425365,0.03572940965993183,-0.0045265333475681
-0.37549200433464647,-0.15666894684961524,-0.16395307039953771,0.9270355425314593,-0.43481690991557265,-0.12842420870756502,1.397311618169477,5674,-0.07808854830920088,0.8397884091304832,-0.5497151005309606,-0.6354021205068523,-0.6078910505883298,0.3477578124676479,0.8440251267250385,0.055589264170727855,-0.0095036188925944
-0.16757483425832637,-0.18417508590685996,-0.20160424469409507,0.7833992724515324,-0.3576406852371935,-0.13379646202407117,1.397311618169477,5675,-0.0811116173166612,0.8597077687560516,-1.0809166154655625,-0.6359193173002322,-0.633972205394398,0.3568831751687162,0.8498459896679698,0.012539939959691,-0.0012547046993984
-0.32886634423318906,-0.12441633808666323,-0.08856108072729242,0.8185907325625151,-0.2625117646263115,-0.11043765779824813,0.19163309958290933,5676,-0.08412734150122513,0.920523688299587,-0.20044378367124197,-0.6364365140936121,-0.638546543583422,0.2902167252539285,0.8488758458441477,-0.015656907769588696,-0.0087200712455242
-0.0038873463281362507,-0.07422585980292616,-0.00568558016385487,0.8495462656130021,-0.28256456834907934,-0.074887510504407,0.46354194377384134,5677,-0.08713575740429273,0.9107464800721065,-0.9972822849944403,-0.636953710886992,-0.6607797422973453,0.3375625663587107,0.8479057020203253,-0.021566049499733585,0.0001490985680139
-0.016925638804160297,-0.12706543272019433,-0.09987573825141494,0.7574683766667086,-0.32701817688103124,-0.11978297019999469,0.7728427731604064,5678,-0.09013690132409087,0.9450394141188568,-0.0506689732714863,-0.6374709076803718,-0.6608942452473295,0.29285207094959775,0.8469355581965029,-0.007067262437619099,-0.0048449613432233
0.003237591588752337,-0.1013712469519312,-0.059711530663770614,0.7557446157380128,-0.34995110731855805,-0.08849906868090474,0.17160002305354227,5679,-0.09313080931786802,0.9673656391448341,-0.5837466802447124,-0.6379881044737518,-0.674465911150296,0.3213800928786997,0.8459654143726834,-0.0332373843847193,0.0167777692178541
-0.2402687220750275,-0.20981721120430855,-0.2292966964089179,0.6152230564456598,-0.40015114669655655,-0.18203014274796808,-0.0726502733649757,5680,-0.09611751720394368,0.9874656516727282,1.7241997555359492,-0.6385053012671317,-0.6301527798314415,0.33195363529782906,0.8430549829012162,-0.023056285344374323,-0.0023572747667269
-0.3974752262666673,-0.18450873393054626,-0.17327530821262757,0.6697014285634704,-0.3572416474531906,-0.1663346774970918,0.8469648322381946,5681,-0.09909706056378277,0.8982492667664396,-0.3181727180022723,-0.6390224980605116,-0.6377188895372842,0.3593796934691544,0.8420848390773937,-0.06821536690562724,0.0068670163643811
0.11045975708345315,-0.22736442432287265,-0.2540528101338976,0.5545205123507819,-0.3587774542074996,-0.2159810223718765,0.695959777163383,5682,-0.10206947474411868,0.9258997725420103,0.6663883226824246,-0.6395396948538914,-0.6176314319477799,0.40075233023945045,0.8479057020203253,-0.06266196325724663,0.0074068640027265
-0.28149208731850583,-0.249096139862299,-0.27701593015905646,0.6200873020406753,-0.3214091649275208,-0.21465453413200855,0.9674711030747056,5683,-0.10503479485892671,0.879256100886483,0.7239881459965563,-0.6400568916472713,-0.5994211411405896,0.4086939161390244,0.8469355581965029,-0.10837775614860064,0.0026206601691174
-0.12079554843734795,-0.29753414034829573,-0.3477497284110827,0.6141601363695066,-0.3758776031861155,-0.23857191785283255,0.825752802655879,5684,-0.10799305579145746,0.8290754254003027,0.2131397902859054,-0.6405740884406511,-0.5920457466574028,0.44020330059610746,0.8459654143726834,-0.09597557929279825,-0.0091483336235755
-0.2761904468975903,-0.2415876218589075,-0.2549298636982021,0.8114707699323821,-0.327611696591884,-0.1647406174512779,0.4965378346721271,5685,-0.11094429219622685,0.8265078563945473,-1.0430166154442484,-0.641091285234031,-0.6201775599562319,0.5059046832912404,0.8449952705488609,-0.11186045423943372,-0.0101121133069856
-0.12732445184305835,-0.081310931213468,0.009694858034353864,1.045235205177553,-0.4249909226501313,-0.05426160854074824,0.27073193008640417,5686,-0.11388853850100374,0.8994260315351432,-1.1459313379296348,-0.6416084820274109,-0.6448462987978582,0.49272677123053177,0.8440251267250385,-0.07982351673683213,-0.0086238802281813
0.2755200991007179,0.0446304815476101,0.21629072987729347,1.2474622944780285,-0.4448695943141291,0.023028425184149954,0.02612417653343532,5687,-0.11682582890874206,0.9854611484389768,-0.9871018760575322,-0.6421256788207909,-0.6696111060013897,0.4109304939900135,0.8430549829012162,-0.002808226966172577,0.0002613404312379
0.08242939090217509,-0.032747287626125686,0.06167858424262598,1.3378621687751857,-0.4840167048952342,-0.004712774321000611,0.07307047441229873,5688,-0.11975619739951197,1.0689310911681857,-0.038731278087393545,-0.6426428756141707,-0.6705258463113968,0.3959640174882098,0.8420848390773937,0.028211357536782795,0.0164974617222817
-0.10427343465219664,-0.15648506237078574,-0.15061756400138773,0.9627460613299309,-0.5062989306161777,-0.12307932600778466,0.1764935409715719,5689,-0.12267967773245769,1.03024906581468,1.6942802863040616,-0.6431600724075506,-0.6258494852505351,0.4120530352792521,0.8420848390773937,0.0038351051011911524,0.0183961228329059
0.020530933535688533,-0.21326686133883538,-0.2470728151656988,0.9572032719362769,-0.5052431405269973,-0.1651330693520646,0.7587873355441352,5690,-0.12559630344761358,0.901931362605331,1.8969180268126908,-0.6436772692009305,-0.5734784072899269,0.418282405756184,0.8420848390773937,-0.0846266329194698,3.60556731708e-05
-0.24134151411894653,-0.1226951448740468,-0.08854579138946365,1.027376780170096,-0.38262481623700345,-0.13164072943091323,1.4059756910099108,5691,-0.12850610786781852,0.7899691691943034,-0.06279933058204311,-0.6441944659943104,-0.5749766468336927,0.4458435437265626,0.8420848390773937,-0.07808129394787214,-0.0069945202153551
-0.20943533980132994,-0.06147285770269335,0.02584455605547161,1.0726214102833898,-0.3460768103998125,-0.08517244313266333,0.7856280666932749,5692,-0.1314091241005752,0.7654843045000146,-0.813207532899269,-0.6447116627876902,-0.5869982332743651,0.457864674807548,0.9061143314496387,-0.061159325547907734,-0.0008713963191315
0.08903827337018763,-0.059653010919956985,0.01870573547406734,1.1236592004988633,-0.31233800939860085,-0.09341981000788062,0.7100238471296718,5693,-0.1343053850398914,0.8576406309675549,-0.15963736474520784,-0.6452288595810701,-0.595387514882531,0.41862891624814125,0.8924838107249409,-0.040216867307573234,-0.0069045714216824
0.3582136044777251,-0.15480663358920912,-0.17471276869379804,0.8922516185846354,-0.22627872700065826,-0.12546757518411814,1.037963192309968,5694,-0.1371949233680074,0.8623906862273377,-0.803585397886946,-0.64574605637445,-0.6158293375533713,0.42610664366672846,0.9047076229050962,-0.026608232087661537,0.0198258192909944
-0.2545883658123348,-0.2867413632980627,-0.36849544122617944,0.7308007305762962,-0.2334114989332376,-0.23745717093287724,0.11796304761764724,5695,-0.1400777715573545,0.8814646266649985,2.049585388651551,-0.6462632531678298,-0.5630040707973714,0.39354589375502325,0.9047076229050962,-0.03880206056834556,0.0019447575911246
-0.6155881274551258,-0.265678604527796,-0.31232895723167564,0.739128598692926,-0.15087966680241643,-0.23340242760425797,1.028171726477045,5696,-0.142953961872151,0.786570556394067,0.14103890923266021,-0.6467804499612098,-0.5563499618556328,0.46960608274504106,0.9047076229050962,-0.10694477729036479,0.0050136081277834
-0.5332237014651897,-0.2629992989815026,-0.28820733491436723,0.9216132135128334,-0.1454695430321521,-0.2285966457952596,0.9529027855388994,5697,-0.14582352637030246,0.8099725178659395,0.4686019628760327,-0.6472976467545896,-0.5418212018221638,0.48099432277796345,0.9047076229050962,-0.11468742962555185,0.0012115170027999
-0.45846089508655297,-0.3087848604643291,-0.3401162020544236,0.767397992403257,-0.12217416375573978,-0.24539884457367442,0.7738830361337335,5698,-0.14868649690507005,0.7758036101428493,0.06268869514469516,-0.6478148435479695,-0.5400135197562063,0.5121502703958888,0.8808905920302713,-0.09811834278083598,0.0008541532285253
-0.4125846469232584,-0.31152386704113866,-0.3315266767379724,0.6881200267143658,-0.13265708443012544,-0.27082410544506114,0.2386495576703721,5699,-0.1515429051268242,0.750488577989356,0.02450118721345535,-0.6483320403413494,-0.5388104910568486,0.516963165504095,0.8808905920302713,-0.12236633557567818,0.0016357304552461
-0.4834164611462836,-0.34844246524244576,-0.36993542367280235,0.751768745069321,-0.05504095656233983,-0.27752978652574606,0.16358213150232878,5700,-0.15439278248470023,0.7326736191178225,0.1079035971590009,-0.6488492371347292,-0.5325295099351298,0.5293612687093444,0.8643981470252967,-0.12878339497244748,-0.0004970181373838
-0.4956380267639154,-0.41945346461968663,-0.4522593630193788,0.6835461316875286,0.02176182869533501,-0.2827892206347224,-0.02438342320542783,5701,-0.15723616022837952,0.7192937444029492,-0.11969857774862439,-0.6346004654771137,-0.5360926619668419,0.5048081429288309,0.8634280032014775,-0.1442346384060774,0.0001420754124654
-0.3956567447846458,-0.34092443416127594,-0.3383540190161881,0.8983587289019402,0.054803411091497646,-0.2512702332859616,-0.08090624763642508,5702,-0.16007306940965746,0.7522059072195274,-0.05146139096688535,-0.5558055340056895,-0.5364432849206257,0.49281282611939553,0.8537265649632566,-0.15382558953099346,0.0011364445261421
-0.5041718235496869,-0.35605399334040927,-0.3481535179622644,0.9071888906290625,0.07974770744911308,-0.22631145948576883,0.34145627228262115,5703,-0.16290354088419673,0.7292327184574653,0.05463113287213882,-0.4908197569175073,-0.5344769879524486,0.5007499309144193,0.8527564211394342,-0.12036983957334094,0.0073785028173556
-0.5290825079916542,-0.37944542333131887,-0.36908342564116553,0.8494427300175199,0.1325577651846164,-0.24904642102476213,0.06928749295917386,5704,-0.16572760531307903,0.708687202736796,0.7210041324937438,-0.49030256012412693,-0.5141102572275338,0.5293502255653962,0.8585772840823654,-0.1186179797203676,0.0013381225552162
-0.640183799296075,-0.43695954118447927,-0.4313500277608892,0.7393968584953181,0.15337403910337347,-0.2638739107547716,0.6232311682768216,5705,-0.16853246064233623,0.6761198864611808,0.07626585664802575,-0.4897853633307469,-0.5086724841716104,0.552702462680486,0.8576071402585459,-0.127059283131914,7.03336682754e-05
-0.4740886913439318,-0.3982105322456332,-0.3742042629134759,0.7797206861283563,0.2905838019600419,-0.24697046312149784,0.8103549294697985,5706,-0.17133099660240925,0.6658377744012175,-0.058991047038935054,-0.4892681665373666,-0.5086905022572671,0.552033921525674,0.8517862773156146,-0.14054486858297355,-0.0030241226221037
-0.27102637848912814,-0.3300807290384202,-0.2826966113257456,0.7351617206087853,0.2948460105667061,-0.23219431854464498,0.4251485214555092,5707,-0.17412324296755058,0.6934690591405368,-0.38937319174387014,-0.48875096974398746,-0.518772913684411,0.5589488231122742,0.8508161334917922,-0.11218871310105535,0.0004232505186547
-0.26219882859675153,-0.32416158514188276,-0.2763120937606831,0.7370906626268126,0.2930877636084433,-0.18779820095524816,0.7533232598549174,5708,-0.17286673210323703,0.714423387885444,-0.021470916432640465,-0.4874838376002067,-0.51807972429447,0.5859919569122125,0.8498459896679698,-0.07854110519826978,-0.0081441268124447
-0.21808134278960845,-0.2663085306913597,-0.19545012394115305,0.805374409055343,0.32011713644554807,-0.13977768084145425,-0.20395492976436713,5709,-0.3093225686201733,0.684819959196482,-0.9359358754675723,-0.48696664080682656,-0.5413412542490758,0.5903525124233903,0.8488758458441477,-0.08096233597732376,0.0060071805803843
-0.4126892144501047,-0.31987391111603425,-0.2692403073999117,0.6713102890686035,0.2741312223986143,-0.2016718904278536,-0.381854737000416,5710,-0.42120953315249354,0.7212452912721954,0.5745683670136802,-0.4864494440134465,-0.522802938649367,0.5784048087343994,0.8479057020203253,-0.054201764444163684,0.000211999129146
-0.4729023903819463,-0.24014108932948222,-0.14407320890373856,0.852221720248344,0.26429259211626155,-0.15289509830115952,-0.11900082204597408,5711,-0.42351517541639766,0.6714975561957743,-0.043976693177605095,-0.4859322472200663,-0.524171829417792,0.5618117763803984,0.8440251267250385,-0.0660581835216993,-0.0009891201707751
-0.41134775516048067,-0.23087719579696772,-0.1259218188678875,0.8166140265653564,0.25281560806758496,-0.16058537317912006,0.15303841359386794,5712,-0.42581675695422944,0.6768128175772951,-0.17218179830486546,-0.4854150504266877,-0.5264465305928734,0.5455540700277233,0.8430549829012162,-0.08250761673217645,0.0007779354473764
-0.5332784674779444,-0.19220590919824582,-0.057105109795007866,0.9173007214958855,0.23603771423168526,-0.11470113416964839,0.08763244704997905,5713,-0.42811429477645946,0.6742945115386101,0.01640905506401565,-0.4848978536333075,-0.5239504754342569,0.5517150148554695,0.8420848390773937,-0.07426161018467566,-0.0072079712820248
-0.43143584472416796,-0.1398738860386063,0.03252404406013414,0.8660545360960319,0.17065944768782507,-0.08186084718885597,0.24759131917678065,5714,-0.43040780580656823,0.6795134068476376,-0.8359908787698332,-0.4843806568399273,-0.5464378062781245,0.5520092883163612,0.8517862773156146,-0.06619732677609583,0.0047690224917775
0.3210015270580716,-0.16487374996464668,-0.05771811017261382,0.8308946755244666,0.1476967277628359,-0.10409233477308852,-0.08961816152243957,5715,-0.4360104861944598,0.7146764129044274,0.44240981463307666,-0.48386346004654723,-0.5318153073881359,0.5436747776952751,0.8469355581965029,-0.052998011950389584,-0.0009209409751892
-0.2441205466024829,-0.1303451242107036,0.0,0.774713691773825,0.146064288019716,-0.1002411540343579,0.4084390262860777,5716,-0.43829023145370366,0.6847000905475964,-0.1648185020254357,-0.4833462632531671,-0.5350988605586388,0.5785749169401775,0.8420848390773937,-0.08689311878790998,-0.000850882699603
-0.417376233111442,-0.14712688290493,-0.020899704835433606,0.6533001637377344,0.14477668622831566,-0.1507615403582541,0.9625724851044455,5717,-0.44056602420178126,0.7151260405837734,-0.1574050015315762,-0.482829066459787,-0.5381048136613729,0.5669906497678147,0.8440251267250385,-0.08668872903968597,0.0202966431559515
-0.34912492345693086,-0.2939061258143944,-0.2476825434553924,0.6614047201366254,0.0925543118969589,-0.25052263001526015,0.7935329514855161,5718,-0.44283788089873,0.7288740620595832,2.099775817731995,-0.4823118696664084,-0.5086805923101559,0.5494796229042932,0.8430549829012162,-0.11989177190973332,0.0038951104123163
-0.6012268365063952,-0.37755291587415124,-0.35381050628254057,0.5189068891869583,0.15470107247025394,-0.3255452690829691,1.2403700665949355,5719,-0.44510581792150505,0.6513747814618828,0.34910856112900235,-0.48179467287302824,-0.4924517637766663,0.5620462838568954,0.8420848390773937,-0.19706367173192166,-0.0056814241939637
-0.5194381999135553,-0.2475709439834468,-0.15738931344428364,1.0522613267324075,0.241319181250642,-0.27431380140279255,1.8678588666911087,5720,-0.4473698515645672,0.6412482119478787,-0.6730718551156807,-0.48127747607964805,-0.48199584579040256,0.5830437107312776,0.8595474279061879,-0.17760653474150398,0.0027872622041618
-0.4795149903812047,-0.23890859402884124,-0.13753850810320803,0.48457206152131715,0.26307454111936496,-0.2753625811104342,1.004524838388521,5721,-0.44962999804043635,0.6597439308249506,0.23085902837999667,-0.4807602792862679,-0.47754747739115033,0.5878187444883166,0.8624578593776551,-0.20922693848829305,0.0033354176100963
-0.4359933279387888,-0.28102699307602147,-0.1970656300872898,0.9196725921052068,0.30758272621841565,-0.3258237303700927,0.9663169451398915,5722,-0.4518862734803367,0.664531709825826,0.28938838634514474,-0.4802430824928877,-0.47279724483524904,0.6010786742108472,0.8614877155538326,-0.2305859051606653,0.0152365126248901
0.22596803875422342,-0.4012783742803214,-0.38771172435891643,0.338545121625311,0.3775702125810133,-0.40967974348251174,1.5736672143357004,5723,-0.4541386939346787,0.6749806636625626,1.5596661941615484,-0.47972588569950764,-0.4684999544035452,0.6080289364897065,0.8605175717300103,-0.24424320494710358,0.0044341361210629
-0.14066612051520933,-0.3699836658678931,-0.35286658715232005,0.9127503976058151,0.42587681671797994,-0.377249995789963,1.9364343757199065,5724,-0.4563872753737322,0.6232723407772824,0.4066634332226435,-0.47920868890612905,-0.44222685280694546,0.6268044023375824,0.8595474279061879,-0.2724768264009378,-0.0033958165587514
-0.5114455551247188,-0.36473562731067155,-0.3363668715641323,0.3157064232640774,0.4987032295307616,-0.3608455902545829,2.3770431045747213,5725,-0.4586320336880796,0.6197279196729405,-0.4290902729436892,-0.478691492112749,-0.437314319058253,0.6568150572264396,0.8459654143726834,-0.3296306635565328,-0.0008177728436422
-0.5735556332248315,-0.39307296496946353,-0.3644773535061624,0.18729848750535175,0.5192900404187634,-0.39749387199548447,0.6128222643844697,5726,-0.460872984689274,0.6320711650760577,-0.15389336967921008,-0.4781742953193688,-0.44112778764847344,0.5877094914486509,0.8449952705488609,-0.3636671032179334,0.0005456278089315
-0.2990374086354324,-0.41382597376882746,-0.39259821727029753,0.14087774959711297,0.5100259755191625,-0.4079291227600508,0.26852323289333707,5727,-0.46311014411032264,0.6385437677354399,-0.008387004087350856,-0.47765709852598864,-0.4375617635865014,0.549397257685902,0.8440251267250385,-0.4076776162337243,6.81666050239e-05
-0.35091550551448825,-0.40102479699879545,-0.37411163639683015,0.21729577274625392,0.5320948813577775,-0.38932704364275594,0.9657654983114637,5728,-0.46534352760630043,0.6495593473689433,-0.05939347479157236,-0.47713990173260845,-0.439161019738398,0.489770038188803,0.8430549829012162,-0.4238382224254568,-0.0004180057512153
-0.5269412722400725,-0.4073533651553126,-0.37464200177558704,0.22364375629307556,0.5619668862338468,-0.3866808578261457,0.5846579728385272,5729,-0.46757315075481787,0.6219553497264517,-0.11128655322741442,-0.4766227049392283,-0.4393787642793482,0.49631715393390413,0.8420848390773937,-0.42315176990902065,-0.0015424693659724
-0.5009289380670207,-0.3958181070170686,-0.35310653883669646,0.11944314456563167,0.5079708740782588,-0.40146985425819487,1.8945462904517656,5730,-0.4697990290566362,0.6238150686354321,-0.23128797996321324,-0.4761055081458497,-0.4460707549314517,0.5204330432490741,0.8449952705488609,-0.41255754964361807,-0.0106079855297146
-0.2726767993823719,-0.30821043646988466,-0.2343157876376425,0.28591423167791036,0.4969979489624387,-0.32828037188469145,0.9082472329810266,5731,-0.4720211779361495,0.6304221816427158,-1.1989016937803416,-0.4755883113524696,-0.477504672498121,0.49215578588962794,0.8440251267250385,-0.42936714328282827,-0.0055863982445806
-0.07192870497173283,-0.21384250452037357,-0.10429187351502982,0.34498615270327554,0.4639341398734522,-0.26318195768174235,1.158536397307556,5732,-0.47423961274197024,0.6980398656573114,-0.6629505744402329,-0.4750711145590895,-0.49446569591657324,0.4958857994535411,0.8430549829012162,-0.40784889971684146,0.0093862310440175
-0.42189668912821776,-0.3494183106633244,-0.30176401603001746,0.008958262410093945,0.38446790319638735,-0.3677030916654405,0.2852277430940814,5733,-0.4764543487474259,0.715988063185673,0.9352199473167909,-0.4745539177657094,-0.46590785980897303,0.4908436246541742,0.8420848390773937,-0.39314786679437713,-0.0046321899757966
-0.128967539972508,-0.28859467423102314,-0.2234708209187572,0.1151170001160738,0.3810106730816661,-0.32872038845195417,0.39716813037310666,5734,-0.47866540115104195,0.6624107444969185,-0.5610142823870804,-0.4740367209723292,-0.4791948282199367,0.5017905843580049,0.8420848390773937,-0.4328282122154113,0.0026047090987766
-0.09303079181212381,-0.24838083991450555,-0.1731366929217022,0.16842050289184454,0.31707468589185006,-0.30648498663772955,0.5646001128692899,5735,-0.4808727850771568,0.6850070546053799,0.2114164498812461,-0.473519524178949,-0.47125097457987103,0.5253132148837766,0.8527564211394342,-0.4241583788074778,0.0010738163704386
-0.28533000523629504,-0.29054740611439206,-0.23633034834363992,0.11671946065452812,0.3049324895460367,-0.31994082911673166,1.4929700047665106,5736,-0.4830765155763887,0.6705192485850949,0.048055182898484095,-0.4730023273855704,-0.4685996937241972,0.5301635302685089,0.8620212946569351,-0.4205153888316498,0.0040830448300046
-0.2380161491992722,-0.3100479228994673,-0.2667592656149723,0.05126484470356998,0.3120196566027995,-0.33194560194397016,0.7213989178742094,5737,-0.4852766076261048,0.6460593043427109,0.369232691880842,-0.4724851305921902,-0.4577306245172038,0.5172354204095895,0.8517862773156146,-0.4314456026437211,0.0071335037217481
-0.34366211535898805,-0.3707785856583919,-0.3493806731127436,-0.02140984064513428,0.33255908352799046,-0.3702252076511834,0.6655240457599308,5738,-0.4874730761309911,0.6622096018108106,0.6948326576194817,-0.47196793379881014,-0.43611838934298486,0.44920288371329553,0.8508161334917922,-0.4481762448324835,0.0001026513843249
-0.18987705194545054,-0.3861093953734856,-0.3745694260951673,-0.02662391106274715,0.34663687612159777,-0.3800401461046497,1.1956467539252096,5739,-0.4896659359235499,0.6211166033635828,-0.05569103571899645,-0.47145073700543,-0.43701330976520353,0.5205501321595626,0.8498459896679698,-0.48347027112955665,-0.0034076910904873
-0.45945637457729804,-0.33276003137825116,-0.29295489815721215,0.0064293483327084395,0.3407841699196534,-0.34904115575793165,1.8371137041146794,5740,-0.49185520176456793,0.6021217748542252,-0.4303564663504448,-0.4709335402120499,-0.44739505925620593,0.49539104739232376,0.8488758458441477,-0.48880864439466726,-0.0099009895192016
-0.2427644916750813,-0.24644215828336913,-0.16705554756919655,0.15212099119985356,0.3356173087213135,-0.30200744939952806,0.14567343049696238,5741,-0.4940408883436282,0.6297200476226386,-1.123438334013887,-0.4704163434186697,-0.4771470446893233,0.4815963564374096,0.8479057020203253,-0.4901855648712772,-0.0063800278806382
-0.30102277481745654,-0.2523097703629681,-0.17514071799196265,0.16484812423596723,0.2872520615175624,-0.29367680306297445,-0.02109024211947798,5742,-0.4962230102795926,0.6558976451967804,-0.7476178330439387,-0.46989914662529114,-0.4955445386923437,0.5278807990627455,0.8469355581965029,-0.4732016523798363,0.0005583471522279
-0.3210276103215228,-0.30080348464188256,-0.2461692223080556,0.03937943945042082,0.1911077240917562,-0.3349943238673768,-0.336243199352746,5743,-0.4984015821211428,0.6860052965808657,-0.007030637160845027,-0.46938194983191095,-0.49486799712112833,0.5162614012986366,0.8459654143726834,-0.46574479339584474,-0.0032784598759874
-0.3684909402302879,-0.26333428154828414,-0.1866539121903264,0.12476244964448592,0.14713313106698442,-0.3230254276430211,-0.03830328092330986,5744,-0.5005766183471476,0.6780479934373039,-0.4165638520859673,-0.4688647530385308,-0.5035706867834199,0.5469316280852466,0.8449952705488609,-0.4934148175911349,0.0083280842127042
-0.29572710658806384,-0.3236189078431466,-0.2755672982170838,0.02302952509558764,0.03351450637159951,-0.3695511076489511,-0.17680819971517062,5745,-0.5027481333672891,0.6899092534225234,0.8222957725595706,-0.4683475562451506,-0.479455571434027,0.5173939974575611,0.8440251267250385,-0.5080393045348609,0.010133259380263
-0.49879483307952255,-0.3274061084894367,-0.27298244774575403,0.06099322579317339,0.0275532017575091,-0.3802185636653018,-0.06412244240368634,5746,-0.504916141522416,0.6396860206927172,1.014998211373472,-0.46783035945177054,-0.46569843381002607,0.5069735470956903,0.8430549829012162,-0.5204559400175952,0.0045348363742145
-0.4767648950891247,-0.3380175883284195,-0.28160755638408125,0.04939977454704049,0.05566673921667734,-0.4069194170908784,0.7762641520676228,5747,-0.5070806570850986,0.5938161688157341,0.4174560302493434,-0.4673131626583904,-0.4531702022844555,0.5115056129716632,0.8420848390773937,-0.5437793275241336,-0.0025991794133541
-0.33746000931972414,-0.34108362132740094,-0.28538114347153576,-0.010358889204118406,0.033363080840958265,-0.409497057490838,1.2796825146508686,5748,-0.5092416942600241,0.597553691533055,-0.34410072803392605,-0.4667959658650119,-0.4604361271456887,0.5139983303967225,0.8459654143726834,-0.559901668096182,-0.0166671238426078
0.04574841166398653,-0.20161658062180318,-0.09484448073780137,0.17992525398998133,0.04404185388043848,-0.29723469429014726,1.187870524236367,5749,-0.5113992671845513,0.5698807426080809,-1.845642166967338,-0.4662787690716317,-0.510385302046634,0.5142323507539235,0.8449952705488609,-0.5510461445276132,0.0001422695566886
-0.0302116290568753,-0.23241026759765335,-0.15682282364314643,0.20160956285932383,-0.01833488011527185,-0.31607168742108066,0.0026017974354592185,5750,-0.5135533899290776,0.6429509452098927,-0.051419490215306826,-0.46576157227825155,-0.5089184468988277,0.4734759921470393,0.8440251267250385,-0.5143069324703633,-0.0138762987513817
0.096904447097684,-0.20711824637615986,-0.09909580748755414,0.42181395128529386,-0.03158693116514457,-0.2769046381032969,-0.25894424805473815,5751,-0.51570407649758,0.654092352834205,-1.5477338228446875,-0.46524437548487135,-0.5097252172301211,0.45647636192393987,0.8430549829012162,-0.5303986581581427,-0.0028284544292388
-0.17496168935992576,-0.1154874290958074,0.01331608303575313,0.3872414419233854,-0.09595031644942248,-0.2364886064962049,-0.3796705870368425,5752,-0.5178513408280238,0.7301134470365195,-0.3685514892906978,-0.4647271786914912,-0.5606569429726439,0.4438725765475235,0.8420848390773937,-0.49542255923202755,0.002907389185617
0.031517322980905246,-0.13049463270391237,-0.025985915254047358,0.4353355651199998,-0.16010539602996834,-0.227010317183707,-0.10800364948271363,5753,-0.5199951967928165,0.7237570243036385,0.24365954371249937,-0.46420998189811113,-0.551672799308024,0.416823151098648,0.8430549829012162,-0.5125370255336729,-0.0005656507105497
0.17822915222591582,-0.15241168158031876,-0.08528202217085955,0.4381934118474422,-0.21139863666513106,-0.23425930855204716,0.1537593129794161,5754,-0.5221356581992322,0.7450551410984843,-0.12706748673293594,-0.4636927851047325,-0.5536103141171961,0.3932539187802482,0.8420848390773937,-0.5210948303612714,0.0
-0.08618489909231383,-0.09835108208204035,0.004161655846941835,0.45454486828728735,-0.3035763583249487,-0.21358989442379578,-0.041381061384682075,5755,-0.5242727387899535,0.7551635612049143,-0.06669104551174211,-0.46392552366175294,-0.5530359224502519,0.548287724365607,0.8420848390773937,-0.5215391833563854,0.0104704634307484
-0.2749792663815063,-0.2307714179248723,-0.20834105598074393,0.22614063611006274,-0.30526629724435717,-0.33022869985170594,0.4182754787870087,5756,-0.5264064522433766,0.7484551710579684,1.0509271721204012,-0.20910266356348708,-0.5207047802973027,0.5393859840677147,0.8612936867890679,-0.5003860979789458,-0.0088916898300881
-0.1740035671391918,-0.16901032484923123,-0.10753311407889636,0.28837568009959663,-0.29751387958497866,-0.270544156695162,1.064383027989357,5757,-0.5285368121741539,0.6819656174738933,-1.015686497641717,-0.0005171967933793001,-0.5485909740144772,0.3937980149070309,0.8928233610632795,-0.5702056207227496,0.0020387119302169
-0.3236999853388954,-0.11206706589263593,-0.0028292510848731776,0.36375024675549794,-0.36030658819180644,-0.24021917203355503,0.5495395680874112,5758,-0.5306638321335599,0.7417614918664436,0.15100302841537788,0.0,-0.5420981610690188,0.3365953667620278,0.9150396546287998,-0.5277646033337909,0.0078351140945771
-0.16195389312787625,-0.17061735023304422,-0.10192206013223776,0.24809834400591055,-0.3642766035862829,-0.29448618669157434,-0.09631187819542321,5759,-0.5327875256099882,0.7281980579475366,0.7697211650415334,0.0005171967933794737,-0.5186974088370572,0.3528718098585398,0.9163493487909601,-0.5155697375540449,-0.0226636817460216
0.14163303491821133,-0.06731252229664658,0.03401657852897354,0.45817266464337947,-0.3469509981976641,-0.17947577380354177,0.5315289981586586,5760,-0.5349079060293016,0.7233400193561749,-2.4856825996198575,0.001034393586759642,-0.589623509238589,0.4178393614971075,0.9163493487909601,-0.561375547814905,-0.0120240486754615
0.1467991270775513,-0.10865028193414583,-0.05401193361561241,0.46113563300658655,-0.3655375417751071,-0.1786464243664396,-0.12435287124099759,5761,-0.5370249867553315,0.8064417767496519,-1.350050751771891,0.0015515903801396366,-0.6252376331322625,0.34806291399934974,0.9163493487909601,-0.5180221136994474,0.0008693139339368
0.31863778681441973,-0.10083736271317299,-0.08457408053524441,0.5611924446297605,-0.42377489442843785,-0.16161077024955708,-0.14237025393167183,5762,-0.5391387810902267,0.8343479850099742,0.026204547291898913,0.0028187225239210056,-0.6201934717032469,0.358809547934509,0.8876815987970221,-0.5105410113025869,0.0007599877748902
-0.3633946535311523,-0.23502045201984637,-0.2876188645855339,0.4120845802556731,-0.5547312469737886,-0.2301367618849765,-0.05707496627553675,5763,-0.5412493022749371,0.8312932376861442,0.014513686953616482,0.003335919317299611,-0.6196772886666504,0.37998344999884326,0.8867114549732026,-0.48658133653779223,-0.0034354315553655
0.24631398617643738,-0.23753171131731748,-0.3101925415021857,0.41668468393572994,-0.5914902830368346,-0.24405238246425026,-0.06563276974712907,5764,-0.54335656348958,0.8272453351091565,-0.43329709780661496,0.0038531161106797793,-0.6311291974084495,0.3710974541984797,0.8702190099682283,-0.5317461432899201,-0.0134995282654962
0.32519894531441956,-0.14997536070993386,-0.19130089559184316,0.6135773594077566,-0.6380494772165752,-0.17822035485447815,-0.29000920152598375,5765,-0.5454605778538634,0.8529247063993688,-1.5074973296625103,0.004370312904059948,-0.6711162915457418,0.36529219442936983,0.8692488661444088,-0.5372918898797832,-0.0016913127930184
0.3267711451741636,-0.145617959482491,-0.20493752037744106,0.4854231936150424,-0.7423889507893231,-0.18478265831880475,-0.439270663850252,5766,-0.5475613584275387,0.8445651817741411,-0.2471752338048475,0.004887509697440116,-0.6796892132174149,0.3828876233525262,0.8682787223205863,-0.5045063346712012,0.0049373615151309
0.43654812617728606,-0.25572211243157383,-0.4107449454463589,0.2965556591736598,-0.7525702398830602,-0.24903632495849962,-0.5039051058680402,5767,-0.549658918210711,0.926863257713571,0.460463549821349,0.005404706490820111,-0.6657477258684726,0.36777271355154284,0.8673085784967639,-0.49364572897744086,0.0202390550462532
-0.3846154037930995,-0.33736419463403294,-0.5048724034972056,0.09287595232202027,-0.8434120833225741,-0.3488055960017472,-0.45608629743715523,5768,-0.5517532701443317,0.8967563712812362,2.0937361380741306,0.005921903284200279,-0.6086221015206738,0.38021650432747917,0.8624578593776551,-0.5246978806660844,0.0004312521414648
0.06520429643499485,-0.34890568312125625,-0.5207646032574251,0.08961401321410599,-0.7938357067080477,-0.3723826028549729,-0.060194677760051586,5769,-0.5538444271105687,0.8000832362111766,-0.020509677404026237,0.006439100077578885,-0.6065359797756851,0.44004083498710556,0.8459654143726834,-0.5826321695989799,0.0018679498158495
-0.4951176604395752,-0.33338492193092584,-0.47017429280103723,0.23339545460200753,-0.7580385431671584,-0.3507988674215383,0.14825451148248786,5770,-0.5559324019331692,0.8007586579664101,0.1328622005301181,0.006956296870959053,-0.5995820639947657,0.40455304520187296,0.8527564211394342,-0.5770402226046764,0.0136249553719827
-0.6046824301455966,-0.34565123073980863,-0.4585164244907665,0.13914939846049507,-0.6990007615247216,-0.35141641809667884,0.12029822289799512,5771,-0.5580172073778847,0.8041015447572779,1.3876958020466623,0.007473493664339221,-0.561094489289739,0.4186668349565989,0.8517862773156146,-0.5969362708474107,-0.0021223915837019
-0.4033700274871554,-0.32110871640249694,-0.40357926326694016,0.12290524356943837,-0.551641098576608,-0.3720416682628169,0.4892219533189683,5772,-0.5600988561528814,0.7302414817332149,-0.2931233520458337,0.00799069045771939,-0.5670158577793315,0.43499803241335455,0.8508161334917922,-0.6002603255425786,-0.0051045724602434
-0.10130825902131016,-0.29238377984058356,-0.35791377973599986,0.24130118923945565,-0.48227252224744055,-0.3496057122684553,0.09347362121119503,5773,-0.5621773609090598,0.7555347761820369,-0.6114570588490285,0.008507887251099558,-0.5824662646070623,0.42196399990529243,0.8828308796779133,-0.6119644472083189,0.0080524475739765
0.08101021570511144,-0.3213064173338752,-0.4086922614311239,0.10451155333645633,-0.4727150324280533,-0.38125203424766196,0.29324117828570195,5774,-0.5642527342405254,0.7828559646863864,0.7929405137333481,0.009025084044479726,-0.5590019394693632,0.4168521789630906,0.884771167325558,-0.6210661286056673,0.0046656295801104
-0.159362812658389,-0.3528502447774761,-0.4468454826148574,0.09497887559956154,-0.34341798698358433,-0.40980793315208086,0.19930750752259416,5775,-0.5663249886848947,0.7163098970061497,0.43139503734184076,0.009542280837858158,-0.5461147214892117,0.40132985583477404,0.8838010235017357,-0.6314861333987829,0.0002462711368631
-0.2514086975796067,-0.29682541477282753,-0.3547526807401785,0.18210558765500037,-0.313659163457227,-0.3768025035151418,0.9373575061059276,5776,-0.5683941367237185,0.6940113179360946,-0.040275363180542235,0.010059477631238326,-0.5455135795755666,0.43087481656513427,0.8828308796779133,-0.6550913729055315,-0.004959375412698
-0.2454123391709566,-0.24367891841089798,-0.26416868031906066,0.3275523116942673,-0.275959799756793,-0.336458425794926,0.6057400729067579,5777,-0.5704601907828343,0.6789962232504616,-0.5958946306960943,0.010576674424618494,-0.5596908011138335,0.43351066656565757,0.8760398729111596,-0.6456283640731476,-0.0014139268291952
-0.1350841275511918,-0.2107216457545558,-0.20894988921677735,0.39522813447200533,-0.28642153453992614,-0.30947528344862374,0.8145911435995725,5778,-0.5725231632327602,0.7054536688607485,-0.21746044151847177,0.011093871217998662,-0.56468741694831,0.4362420603784532,0.8789503043826264,-0.6165834628449872,0.0017699110612288
0.01038138109533067,-0.2570687924126315,-0.2874810411279274,0.25747328907758055,-0.29046813397233484,-0.33670445775578794,-0.00819331193508743,5779,-0.5745830663890329,0.6785511181237114,0.12229057563067064,0.01161106801137883,-0.5598040463071008,0.4097607623053109,0.8614877155538326,-0.613359032733164,0.0033922261868726
-0.2614414381460131,-0.2491235587178348,-0.2653360290777548,0.3014485686325945,-0.25268640188234726,-0.3364507378836077,0.09698148209879415,5780,-0.5766399125126148,0.688570923318915,0.2954744706586039,0.012128264804758999,-0.5497164212559624,0.4017373136638867,0.8605175717300103,-0.6477620947872956,0.0030638123636186
-0.3442874130325128,-0.2968971154642988,-0.32522718978658993,0.1485531412995584,-0.2348154136217398,-0.37783818041494444,-0.03479127778862873,5781,-0.5786937138102327,0.7024851654058218,0.2604202268892407,0.012645461598137604,-0.5407470856420572,0.36750926556339103,0.8595474279061879,-0.6415938485350423,0.0004072601929754
-0.4364802096827267,-0.28682054158415254,-0.2950284008190219,0.15011837652001933,-0.14866800242232805,-0.3738169162270931,0.11920790190853953,5782,-0.5807444824347424,0.678854274725969,-0.023091708847001617,0.013162658391517774,-0.53957927963984,0.3545099499537508,0.8624578593776551,-0.657111740776822,0.0067872507155777
-0.43557937503672217,-0.3205309232672382,-0.33123947997910447,0.14205065365678884,-0.13730634200629477,-0.40020513728821305,0.2162221735965545,5783,-0.5827922304855234,0.6845449418052687,0.6579170745733242,0.013679855184897768,-0.5195194233879776,0.347439132817051,0.8614877155538326,-0.6682832363332954,0.0004880088015504
-0.2693510836051121,-0.2943371554100535,-0.28729103751540574,0.20037576648454156,-0.0929137221870199,-0.3685472410653153,0.6394365437610471,5784,-0.584836970008743,0.638421979175708,-0.014408379959242117,0.014197051978277937,-0.5180237466296124,0.34933342019093977,0.8653682908491191,-0.6849152736678941,-0.0061319770809451
-0.18214556627005707,-0.25224183079884877,-0.2227001469980431,0.24181683870725124,-0.04965649074651766,-0.3354267831309305,0.6109453946610363,5785,-0.5868787129978382,0.6618407116958834,-0.7209910148321608,0.014714248771658105,-0.5373247397253426,0.3716957376983276,0.8643981470252967,-0.6697934195945726,-0.0036801512164077
-0.35091652145850993,-0.22202051026039127,-0.1667272807105536,0.23245700654526721,-0.05229884659598315,-0.32468117496790116,-0.11796288612758242,5786,-0.5889174713937508,0.6823662016117278,-0.4592451778203717,0.015231445565038273,-0.5402793262427128,0.34591257846319995,0.8634280032014775,-0.645895805689701,0.0117159768311643
-0.3767309219176859,-0.2686002848806312,-0.2304045215678702,0.07652027571435278,-0.05982618077075206,-0.3646297801914447,0.006533648653302315,5787,-0.5909532570853643,0.6844007037179172,1.1842147496216437,0.01574864235841688,-0.5038714056690548,0.3711395370856865,0.8605175717300103,-0.6449249097430554,0.0111288862465659
-0.2187578882727131,-0.32286424537421843,-0.31041755715255326,-0.11322507521067944,-0.02751972496672502,-0.4164930854898377,0.3917955404337132,5788,-0.5929860819097986,0.6329658460373244,1.121571036710077,0.016265839151797048,-0.4681539818834891,0.36966984885409687,0.8595474279061879,-0.6880215426464076,-0.0074293181579526
-0.2972732076529004,-0.19835062029736902,-0.11431580013166145,0.18097448169749963,0.002957323690793339,-0.33857151425761745,0.8821126429780676,5789,-0.595015957652745,0.5870507806143433,-0.8594238627452974,0.016783035945177216,-0.49180561952737334,0.3837427278310423,0.8537265649632566,-0.7141389056725836,0.0057523038161901
-0.27887564914386026,-0.17719990961273444,-0.07637839084526186,0.1790778519772679,0.06434822588670891,-0.3181090538480586,1.1934827499525351,5790,-0.5970428960488915,0.6300999052333159,0.5475564688950654,0.01730023273855721,-0.47457514651943816,0.4035685070347451,0.8527564211394342,-0.688172880583852,-0.0090771556113794
-0.049740929806936264,-0.165861599427596,-0.0666924772690364,0.19839220320450537,0.08629929832840484,-0.2640997033183312,0.962551968437905,5791,-0.5990669087821402,0.5906634612375181,-1.0353107825234409,0.01781742953193738,-0.5038629046011913,0.39751917782184626,0.8449952705488609,-0.6779139273472451,-0.0030814478049181
-0.7376077007974414,-0.11396698480423563,0.04080267988311685,0.2673235216868681,0.056509346197015406,-0.26462199276076437,0.26860951546444756,5792,-0.601088007486034,0.6532572521137088,-0.3953623582338166,0.018334626325317547,-0.5113289204605708,0.37735998329606185,0.8440251267250385,-0.6388980103592853,-0.0042149636593145
-0.3432892397171453,-0.12820992340945067,-0.007570140835352362,0.457183928562847,0.0222090333642442,-0.18529496368100762,-0.039104116441990765,5793,-0.6031062037440623,0.68392592588974,-0.5163300031751318,0.01885182311869615,-0.5260774404705355,0.3712830726997813,0.8430549829012162,-0.6397657482378777,-0.0013291003663075
0.14662141970902123,-0.05346851093523212,0.08986246684401523,0.3667471016768371,-0.04331791648676839,-0.18529496368100762,0.0,5794,-0.6051215090900119,0.7364335631217852,-0.20832024876033703,0.01936901991207632,-0.5297419893487715,0.4086435667192116,0.8420848390773937,-0.6172244807058267,-0.0108193181988108
-0.1354582910280124,-0.052798592249488616,0.14406965779294748,0.4727155243415544,-0.08995680740842009,-0.18529496368100762,-0.10590336689510213,5795,-0.6071339350082314,0.7254154562491212,-1.221330162736948,0.019886216705456487,-0.5638480960867854,0.4057559489428487,0.8420848390773937,-0.6389413593809874,0.0169963583288415
0.30608110826656615,-0.15632693467489528,-0.09993485037867698,0.020848623417419436,-0.22138885738099257,-0.2774148624768476,-0.26923010659509494,5796,-0.6091434929340394,0.7647366084538891,1.7478123487914674,0.020403413498836655,-0.5117492731895753,0.39919574735072805,0.8420848390773937,-0.5678819569353347,0.0256302219450535
-0.09569634803980595,-0.39086297107127665,-0.45847022398732534,-0.05289191082803495,-0.20481126147113485,-0.4305600986296594,0.5419408005360352,5797,-0.611150194254018,0.6750309632340294,2.669329025027781,0.020920610292216823,-0.47104350596966615,0.40829068192482726,0.8420848390773937,-0.6341047173731397,-0.0022312744620838
-0.2580425972243892,-0.39955259834904233,-0.46257538504437257,-0.07071565024357093,-0.19606397879784712,-0.4271529532913358,1.2509924221253506,5798,-0.6131540503063049,0.588676486894772,-0.30461653240151454,0.021437807085596818,-0.4520468994820295,0.4345197154799705,0.8843346026048381,-0.7215396903342209,0.0043634257551779
-0.41528547620976686,-0.4509322539604255,-0.5167965403181349,-0.030221682740143297,-0.17188892780012682,-0.45741876128131015,1.8348942688894414,5799,-0.6151550723809889,0.5640660790312491,0.39924598225471675,0.021955003878975424,-0.4352540914980155,0.4227432936195327,0.9946884625645764,-0.719877339456566,-0.0027362161736315
-0.5679855436217242,-0.45395841251946345,-0.5029595559278867,-0.039413954808178484,-0.02866470247122591,-0.44951962845818083,2.1266503164821557,5800,-0.6171532717203135,0.532104692236504,-0.3585557947283162,0.022472200672355593,-0.43311001039935043,0.40724525533012196,1.1016953263321312,-0.7273838229483165,-0.0028766278066669
-0.5285861146139514,-0.46602963468276665,-0.5035839483997129,0.006538742711760667,0.02569774824610182,-0.44981610845714703,1.063725957819674,5801,-0.6191486595191316,0.5380849524589439,-0.373521453763441,0.02298939746573576,-0.44345124794683477,0.4155752172159631,1.1143557032330067,-0.7221902610827292,0.002544836179823
-0.48368953706111406,-0.45286867567669936,-0.47485989357389735,0.06623265912555007,0.0693280169996076,-0.44639122504687573,1.0245699997500028,5802,-0.6211412469250951,0.556947579240742,0.2051976994208697,0.02350659425911593,-0.43481188032142204,0.4217099693709594,1.1143557032330067,-0.7284147312356916,0.0079495615745346
-0.4977744157494168,-0.4754820733549201,-0.4923885731441705,-0.07118130625105008,0.14102331070891977,-0.4751912087171569,2.0180717278258515,5803,-0.6231310450390349,0.48494491302282944,0.7820658266644779,0.024023791052496097,-0.4102204326526685,0.41726270996528864,1.1143557032330067,-0.7344539681827222,-6.79897947803e-05
-0.6066092857610234,-0.484795301800074,-0.4905067587059713,-0.06249976181320544,0.18008670669819893,-0.4837760156405825,2.1009366690573263,5804,-0.625118064915254,0.47573212892648953,-0.07373297180168706,0.024540987845874704,-0.410263576161751,0.4337666319992931,1.1143557032330067,-0.7498680264156544,-0.00067994841116
-0.557179357309444,-0.47382777647668867,-0.4659140098271475,0.011620080232057357,0.2758781592174434,-0.46317126251795987,1.5638720033065785,5805,-0.6271023175618344,0.4625266881122549,-0.13907382930261913,0.0250581846392547,-0.41315224523104943,0.4173695680463649,1.0933520894472608,-0.7535011571583554,0.0006804110555762
-0.541854036457225,-0.47206572432998695,-0.45429204269625845,0.029113262432217128,0.28675343829102284,-0.46063780447348535,1.4398135364892188,5806,-0.6290838139409591,0.47783954148735613,0.006128257163912788,0.025575381432634867,-0.4093192918814104,0.4420204378522717,1.0923819456234414,-0.765176819049575,-0.000135989682232
-0.6245916094357516,-0.4814664303357681,-0.45523028507505453,0.026163171384253604,0.2995936070670606,-0.467830309609812,1.22022263337506,5807,-0.63106256496916,0.4629563640475997,-0.08105595090441724,0.026092578226015035,-0.40789241572725254,0.42793883456812715,1.091411801799619,-0.7620965520459038,0.0064603871817923
-0.5141351238305578,-0.47122865536144143,-0.43577568074547673,0.03169756580248537,0.3447430343542708,-0.4802993989697023,0.9630733775140603,5808,-0.6330385815176849,0.44489436754811207,0.6230499073879376,0.026609775019395203,-0.38931797169863464,0.4324705071793394,1.090441657975797,-0.7738358818115609,0.0022297295960567
-0.5661830957025551,-0.5493902731972198,-0.5230195856770132,-0.11725125104728629,0.365589575608888,-0.5400498384799801,3.030810710401164,5809,-0.6350118744127592,0.4294076265332657,0.17147786073756902,0.02712697181277537,-0.37799177128653916,0.4539633383782401,1.0894715141519744,-0.7857380625952824,0.0053933803216201
-0.5451120301778523,-0.5517201455872236,-0.5195163130947824,-0.18339790580206256,0.3562086320443102,-0.5832519330321584,2.5012703181434697,5810,-0.6369824544358947,0.41360465332943547,0.5091596995719059,0.027644168606153978,-0.363216341144764,0.4651979355065018,1.088501370328152,-0.8229306048425605,0.001609333509182
-0.6483292213232368,-0.5497946629350303,-0.5087796213473728,-0.20579699502913362,0.4911745276527289,-0.6000847393108397,3.336788320932547,5811,-0.6389503323241513,0.38413687053129864,0.10530120950819472,0.028161365399534146,-0.35809114520488505,0.4792217917150291,1.0875312265043295,-0.8615299250415183,0.0002677914250033
-0.41442671482989857,-0.5338813618303916,-0.489870329745908,-0.060307946595856005,0.565357095075615,-0.5876653337044189,2.684868349963898,5812,-0.640915518770519,0.3723712967983015,-0.037935550144743056,0.028678562192914314,-0.35794316547095084,0.4692302268388808,1.08656108268051,-0.8735014879846131,0.0056221135374963
-0.3666703027664592,-0.5201429279150273,-0.47513411109110554,-0.07143102968938626,0.5930411778032327,-0.5888504015744408,3.5890319338783545,5813,-0.642878796235836,0.3655418390654455,0.5335526301643422,0.02919575898629431,-0.33960258567473356,0.47875530635556235,1.0855909388566878,-0.8750314905438825,-0.001198002653306
-0.571573689687433,-0.4725618252408742,-0.4107182764963606,-0.041227911533920795,0.6790866965378615,-0.5583553312436101,2.829273528645769,5814,-0.6448394035493342,0.3484930684216752,-0.19439151910378075,0.029712955779674477,-0.3457058402286968,0.47154881534211257,1.0846207950328652,-0.8795275418329835,0.0039314987231147
-0.385549988010751,-0.4910675581819719,-0.4351633523076945,-0.2388057999251417,0.6805995005325851,-0.5835288271684231,0.9082467459737931,5815,-0.6467973512859496,0.36468692976531153,0.3531645444780354,0.030230152573054645,-0.32845093890422117,0.48261605418184633,1.0894715141519744,-0.8730057719229861,-0.0039161025708577
-0.39169684544690303,-0.4202957037543982,-0.34498158322386996,-0.006216938602497146,0.7057763536787779,-0.5327089102828257,2.1669476886993726,5816,-0.6487526499776292,0.3359764142462994,-0.4844945416992011,0.03074734936643325,-0.3415422776096517,0.5054131309810366,1.088501370328152,-0.8810856225221885,-0.0024655159936688
-0.33866605397672905,-0.42342506681595415,-0.3521133038253326,0.07690013334194085,0.7013727429420338,-0.523352596633219,1.6574274204851929,5817,-0.6507053101136249,0.3491668655857444,-0.32964018967257347,0.03126454615981342,-0.3498928673840467,0.5293366276598283,1.0855909388566878,-0.8592331871351438,0.010287240803073
-0.38919709178409184,-0.5207940811503928,-0.47593234636627857,-0.19582669779676917,0.6928026503382466,-0.5810369107990132,1.093049709692844,5818,-0.6526553421407991,0.3646273058486551,1.0315207152877994,0.03178174295319359,-0.31573520717861087,0.5261450560126447,1.08656108268051,-0.8516558821395183,-0.0112734730451569
-0.37011281073748215,-0.3966313445927006,-0.3177894466011635,-0.02691087886216139,0.7252866216689184,-0.5061887549497002,3.4523104480838525,5819,-0.654602756463845,0.32600102893313354,-1.2698057553143791,0.03229893974657375,-0.35467048335581375,0.5421511745263822,1.0846207950328652,-0.8548958252829608,0.0101314080439661
-0.5909983633701895,-0.4638794390147144,-0.40006532750807167,-0.19258113335745122,0.6994277081951336,-0.543624067191763,0.5011829389227356,5820,-0.5999764031988927,0.38857561272316693,1.014951815594425,0.03281613653995375,-0.31920774229035054,0.5181159119963283,1.0894715141519744,-0.8452127747628152,0.0007282353646633
-0.38989634667104417,-0.48600187421348073,-0.42896614926864934,-0.28056869887664776,0.7019499315596814,-0.556131021083219,1.810241386289925,5821,-0.45517535560403793,0.3798584786514816,0.011211327849135661,0.033333333333333916,-0.3169813551723932,0.5302971811629122,1.088501370328152,-0.8487625410611765,-0.0013231015196205
-0.1548035830328144,-0.4799520541829839,-0.4333272236926409,-0.3017444573785147,0.65300669438168,-0.5528074904037018,1.3973294816031678,5822,-0.3368897282903843,0.3601766925177251,-0.20772272362020464,0.033850530126712526,-0.3228201287971973,0.5271448157273261,1.0875312265043295,-0.8563645881470247,0.0055643878084661
-0.5694310727805048,-0.5140527297518863,-0.46884744014105817,-0.34784725765756075,0.6504593930913659,-0.5826760279138808,1.5221823548205433,5823,-0.3368897282903843,0.3832774140454333,0.5274343031865055,0.03436772692009269,-0.30315666739477354,0.516894455684733,1.08656108268051,-0.8589198384107336,-0.0001976280737381
-0.6567777342160463,-0.5199551963793616,-0.4676607881950822,-0.4523725137107349,0.6610868649632804,-0.5921345415560204,2.299585437980508,5824,-0.3368897282903843,0.37400002426716894,-0.08759190775806719,0.03488492371347286,-0.304887426147993,0.5349697409672887,1.0855909388566878,-0.871947858939042,0.001647229161461
-0.6960327571505448,-0.541262335734702,-0.48461369276025923,-0.459568781677392,0.6636274702601782,-0.6037651911038922,1.2991892077144496,5825,-0.3368897282903843,0.3688853471527006,0.10932451494783503,0.03540212050685303,-0.29907875993970606,0.5321715489344435,1.1020833838616595,-0.8821412247857366,0.0008617288717043
-0.5336503847406718,-0.5174396834454917,-0.45300344215451277,-0.34939161190332335,0.677120311346775,-0.5964753604134942,2.1292141585759707,5826,-0.3368897282903843,0.3709468357450965,0.025417381579992817,0.0359193173002332,-0.29676320484677143,0.5371590530265118,1.101113240037837,-0.8854711478380102,0.0009135657955545
-0.5930300521271388,-0.5402484898614622,-0.4754697386429234,-0.43685207500060813,0.6655473244397048,-0.6119534496287232,2.5858471826815235,5827,-0.3503547784847824,0.3656579334760231,0.03090714910731313,0.03643651409361336,-0.29406116136236904,0.5378917832106288,1.1001430962140146,-0.8878011462958494,-0.0011819548141234
-0.4032027253336605,-0.5545953910157969,-0.49437493883042627,-0.46507923525081696,0.6973992291268526,-0.6251944324914921,2.4305540474041805,5828,-0.3527656246799836,0.348645115812057,-0.19278576599161157,0.03695371088699336,-0.2973288017145818,0.5380323134671257,1.1040236715093041,-0.882602196914554,0.0074945756162767
-0.5980035948756395,-0.5654061301685972,-0.502186499860422,-0.5358947162251577,0.6888724567340234,-0.6459704508034148,2.328211126349357,5829,-0.35517188408069117,0.3475899774521796,0.7333299795819518,0.037470907680371965,-0.2715242679100333,0.5219153145263329,1.1030535276854818,-0.8782229510956319,-0.0124632948428681
-0.26760396955507526,-0.3987040965352926,-0.33002590808138144,-0.14763179485256828,0.7185927840593596,-0.5391001057702626,3.2538942714388233,5830,-0.35757357611922863,0.3042173889179242,-1.3969769541600405,0.037988104473752136,-0.31455023804075466,0.5198523798057616,1.1020833838616595,-0.9037809404101507,-0.006079027313101
-0.13820873195640335,-0.39756408296686696,-0.3085761673533402,-0.055575539330900856,0.6501184879357425,-0.516907494855677,1.917913553847504,5831,-0.35997072012140574,0.3444868701644976,-0.715575609534319,0.0385053012671323,-0.3392532763311625,0.4859306620910933,1.101113240037837,-0.8738947801978741,0.0097726366296906
-0.4666575790964153,-0.43555068686162257,-0.36218774639000456,-0.27930514207362805,0.6007435972850917,-0.5725937095345519,-0.2131917448381317,5832,-0.3623633353072228,0.37348390752361815,0.9763781340194209,0.03902249806051247,-0.3087295153316643,0.4356111047398647,1.1001430962140146,-0.8632122985432823,-0.0190269277733575
-0.14567641494078837,-0.37706736629142895,-0.2799217305353887,0.05655897794918577,0.5948185283303293,-0.46177786059349885,0.29615804657231454,5833,-0.3647514407916431,0.34138041601136615,-2.0976305694909683,0.03953969485389264,-0.37201512157852396,0.4387399646288222,1.1020833838616595,-0.8785596680368869,0.0068456376292191
0.02164637328219808,-0.2978531877396734,-0.20358632802866022,0.1084665577348126,0.5217353274872762,-0.428367560051175,0.6837703639992232,5834,-0.36713505558537046,0.46450705142524346,0.6639776353211144,0.04005689164727124,-0.35081551501001323,0.4405561777773315,1.1030535276854818,-0.8435280253270785,0.0125983205998192
-0.20232482477036237,-0.3976716460762584,-0.3809327068524958,-0.2658412072384567,0.47395579904868584,-0.5228709243617433,-0.2681341039673382,5835,-0.369514198595593,0.46450705142524346,1.2780288478683028,0.04057408844065124,-0.3066923795721145,0.4169626417723038,1.1020833838616595,-0.8417153734959504,-0.0019748537850791
-0.29287320881771306,-0.3423391085132503,-0.30179863968499304,-0.14041925637113503,0.40139994711673005,-0.483356595463133,0.789132892951564,5836,-0.37188888862671693,0.43490549839571035,-0.27743984007452827,0.041091285234031404,-0.30954967392497423,0.40086971673062183,1.1035871067885843,-0.8772504019928928,0.0032979359163594
0.07371694237104258,-0.35293375150113426,-0.33658361228736644,-0.06582090251727864,0.4070477510676836,-0.47518427092567556,1.2692226607937636,5837,-0.374259144381154,0.400838988268403,0.28536733322724783,0.041608482027411575,-0.3012440101259464,0.39163747266328525,1.1049938153331238,-0.8592920884406987,0.0053250931363997
-0.34380961231549645,-0.4481701308221486,-0.46138174791382813,-0.3521752896686146,0.3683729826879631,-0.5412023797970976,0.9004583550046442,5838,-0.3766249844599671,0.413532547296951,0.5017420967680567,0.04212567882079174,-0.2849040579429306,0.36587536757424804,1.1020833838616595,-0.8524299099707544,0.0089589327064978
-0.32722111054589453,-0.48518388145701646,-0.5046489578399272,-0.41799428830167107,0.40911797248929926,-0.5766337223200114,-0.29768536861804645,5839,-0.37898642736370286,0.38500923478387516,0.8896753471903986,0.04264287561417191,-0.25107551238742176,0.3552039270201419,1.1146952535713444,-0.868666189584411,0.0013610738823493
-0.406108501894866,-0.48115217910774977,-0.4926408712363589,-0.3285932476125509,0.453195880304245,-0.5702911040337856,3.3871749402753957,5840,-0.38134349149302055,0.3192827801964706,0.07865210149940194,0.043160072407550515,-0.2471571160480219,0.3798444088934747,1.113725109747522,-0.8867497848095838,0.0017864078347333
-0.5429058114245742,-0.5140730177087038,-0.5223444972940184,-0.3862519961868349,0.4564513186472835,-0.5921767131696288,2.31092217813651,5841,-0.38369619514946773,0.29595129904410034,0.12405140869825734,0.043677269200930686,-0.24055055843809497,0.36023613098544477,1.1127549659237,-0.8848529606711868,0.0042900707178505
-0.4318122286008304,-0.5469989664271582,-0.5555174927354636,-0.3394147066350152,0.49969750669122315,-0.6087847422366067,1.604894869504714,5842,-0.38604455653613884,0.2996710394873211,0.3912874469122121,0.04419446599431085,-0.2435235093625621,0.38206720225101565,1.1117848220998774,-0.884823109418636,0.0037956768744489
-0.6386338717522944,-0.6194188180741537,-0.6248460040875451,-0.38916982841480247,0.6211578555230631,-0.6254355643787872,2.6770065133111953,5843,-0.3883885937584349,0.2904780269028502,0.33855960307555727,0.04471166278769085,-0.23167520299889524,0.3913888787298891,1.110814678276055,-0.8892522186137106,-0.0022431590534455
-0.44190203097985553,-0.5691183236431225,-0.5643334959632479,-0.27346799825839097,0.6732405975349918,-0.6042375839879487,2.3351877239466523,5844,-0.3907283248246784,0.280318174473567,-0.3060354353224194,0.045228859581071014,-0.22259077946025946,0.39047009871475247,1.1098445344522356,-0.8934920465830957,0.0014452723396971
-0.5700610426735229,-0.5999416331225289,-0.5903639324606491,-0.31337122967845393,0.6783688659073284,-0.6095777033737538,1.4455477538562558,5845,-0.39306376764690226,0.2626328219808816,0.08766045695369153,0.045746056374451186,-0.2162125074987597,0.3940517611369528,1.108874390628413,-0.8838541576983026,0.0052916845202779
-0.6803865098922992,-0.6366653237043957,-0.6192359155701728,-0.4505334262901361,0.772935142451935,-0.6403465782684649,0.3614819588939089,5846,-0.39539494004146636,0.25710701719958046,0.49824050864195285,0.04626325316782979,-0.19591888488713538,0.38237617322999795,1.1079042468045908,-0.8772077501336047,-0.0013202079462898
-0.6561395207664921,-0.6360621254299674,-0.6096219910810523,-0.34872222649365153,0.7838272857596058,-0.6279818540174267,3.014919889288835,5847,-0.3977218597296983,0.22820578730199634,-0.20752145446474707,0.04678044996120996,-0.22623980498770374,0.39580041772090047,1.1069341029807682,-0.8812324971492196,-0.0055188347261785
-0.37100308043902946,-0.49053227164121793,-0.4437283429770477,0.008633312331831278,0.7255198307753247,-0.5423045792373375,2.459750401045662,5848,-0.40004454433868497,0.20827658459282988,-0.6556313925853952,0.047297646754590125,-0.24600852817724997,0.4056226729333099,1.105963959156946,-0.876787935005442,-0.0023230301568441
0.1773153822721212,-0.41771861278901873,-0.38357119641996157,0.046313060355380166,0.6846906940744051,-0.5179416297081777,0.003650006687258117,5849,-0.40236301140182884,0.29086893075787407,-0.3144747359596011,0.0478148435479703,-0.2545976331710342,0.3950671578587817,1.1001430962140146,-0.8616581723978028,0.0069853175739114
-0.3720808956988878,-0.5387748765467942,-0.5340074679031885,-0.27466263056237283,0.647747579260496,-0.5769912843557531,0.9890364523989117,5850,-0.40467727835956274,0.2750789435961273,0.6791659255430341,0.04833204034135046,-0.23039380732497852,0.3619870192756826,1.0860275035774076,-0.8575270844751148,-0.00854903981312
-0.25338881813262776,-0.44580409556584405,-0.42184365871655494,-0.11331990965399925,0.6500264581752805,-0.5316669765368256,1.2298742048680524,5851,-0.4069873625599807,0.23972296488861977,-0.9790051254781857,0.04884923713473046,-0.2601800252610325,0.38675308374419337,1.1142586888506243,-0.8606327980379231,0.0080396993418412
-0.4347084161027023,-0.47554307611833746,-0.4552658413953412,-0.05364645675483425,0.5979441284429959,-0.5523741994745572,1.0062480874807744,5852,-0.40929328125948033,0.28979609009325685,0.7916441742458536,0.04936643392810906,-0.23412683258591782,0.36729536590838413,1.1142586888506243,-0.8574535282696288,-0.0041773779232698
-0.0982626306661731,-0.4636362521595386,-0.45171092001903,-0.08817285381428376,0.5960994756964206,-0.549551092407394,0.10510473016137183,5853,-0.41159505162346505,0.2643049355116301,-0.5123825575069171,0.049883630721489235,-0.24595236389793904,0.37568945761502087,1.0850573597535853,-0.8515353324634921,0.0080025820919722
-0.5557221242786716,-0.5319992845775683,-0.5266883009949536,-0.19808830843973155,0.5836947153977252,-0.591359519397966,2.0558011679414574,5854,-0.41389269072688667,0.2887487445691028,0.7877039539442381,0.0504008275148694,-0.21754725281586001,0.38674007392681475,1.1142586888506243,-0.870138171375518,0.0
-0.5045290592554009,-0.5052100642105085,-0.48738980229999035,-0.2178417935883524,0.6150716475764786,-0.5778444580876055,1.6271066095442759,5855,-0.41618621555494567,0.25796735646575153,-0.06651907868930922,0.05091802430824957,-0.21943649010568653,0.4113992837020554,1.1142586888506243,-0.8721880370081978,0.0030731796949117
-0.5374586363283648,-0.536854314011919,-0.5181903074627111,-0.34189520185768646,0.5947915901165473,-0.5998805543607711,1.2735849314126577,5856,-0.41847564300372014,0.26411353423286926,0.26144167910014066,0.051435221101629736,-0.20440623540694594,0.4256804006638378,1.1142586888506243,-0.8681523760599043,-0.0039573625164607
-0.3112317113883061,-0.47469355444728983,-0.44400064689670954,-0.15853732021625289,0.6582368741510309,-0.5513791272353946,2.935705155321462,5857,-0.4207609898807096,0.20173058442238492,-0.48892014866030126,0.05195241789500834,-0.22064314055784726,0.4126742606400475,1.0846207950328652,-0.8641137323359812,0.0049343156543724
-0.41254481757659633,-0.5308550975573829,-0.5105980780086411,-0.36347838257109405,0.657567445707789,-0.5945038859197427,1.3328299196332662,5858,-0.4230422729055625,0.26708164650189475,0.4602676275499087,0.05246961468838834,-0.20151062656772664,0.4032447731185281,1.0846207950328652,-0.8517097756023879,-0.0101390122878445
-0.12425825760873761,-0.4300367048490893,-0.3950976768134696,-0.19852019607139243,0.6780390024275137,-0.5354233142347543,1.8304114391903914,5859,-0.42531950871060603,0.28183676101353117,-1.1488016349669405,0.05298681148176851,-0.24012593368341756,0.3971208475532158,1.122698940117874,-0.8674025507949302,0.0040584932613438
-0.1379454624440442,-0.45253054235198187,-0.43410156986283127,-0.29341254734173655,0.6361078411548331,-0.5498507655697091,0.3603472401752125,5860,-0.427592713841488,0.3473454575196689,0.3667408691996423,0.05350400827514867,-0.2251544974287034,0.33626273325485573,1.1746016346923447,-0.8584483948539144,-0.0045040418044711
-0.3481610531527552,-0.4504589614018953,-0.4298059665352028,-0.40612765078851754,0.6157864202163646,-0.5439050708229083,0.19444920797080326,5861,-0.4298619047577329,0.33184411806853736,-0.5472284141692481,0.054021205068528845,-0.24062982676593422,0.34478627044923454,1.2112730712328124,-0.8597305983352354,0.006780185457297
-0.41580997068282943,-0.5018996811604441,-0.4906603456518099,-0.584232848673232,0.5591678278672476,-0.5947321865695394,0.13999723912168066,5862,-0.43212709783340053,0.2914842483189756,0.6572277480702464,0.05453840186190901,-0.21733575015525558,0.32174627605885653,1.2112730712328124,-0.8547289907181012,0.0034568848038634
-0.35656884430515573,-0.5265261742025876,-0.5191685476119142,-0.650380796400592,0.5598283561047374,-0.6137303208336622,0.8811550759916555,5863,-0.4343883093576268,0.261817697364252,0.30252636898988255,0.05505559865528918,-0.20400524197863357,0.30764982735490054,1.2112730712328124,-0.8751508946142469,0.0122488037947484
-0.4478529817836964,-0.5602713637335373,-0.5540010724527942,-0.6206142199232799,0.5577005335615253,-0.6395152172689785,1.30718149799351,5864,-0.4366455555352531,0.2684492402495162,1.2409372837506878,0.055572795448667785,-0.1984351686434015,0.3272757633633493,1.2133103732628379,-0.8822243704268313,0.0032772420985829
-0.4308764332557612,-0.5686808682058808,-0.5599076218140426,-0.7170467291791649,0.4066639430882962,-0.6357759678775898,0.19690383583244675,5865,-0.43889885248733734,0.20566091033839395,0.2833088810105607,0.05608999224204795,-0.17539920782536494,0.3219571355090261,1.2167543838374058,-0.8926225668931019,-0.0024499026498356
-0.2132165199487739,-0.5812141983294383,-0.5803207906500316,-0.7204003569851086,0.4484451219116252,-0.6471121988112281,2.91671022479936,5866,-0.44114821625181405,0.20651200974554362,-0.3279736521457393,0.05660718903542795,-0.1568457422882771,0.3012607183062522,1.2175304988964637,-0.8956743123793749,-0.0231863975407682
0.06450058720295873,-0.4232617542160505,-0.38875811259704024,-0.17051189829622265,0.42009416473269323,-0.5241180357810693,0.9365264322911581,5867,-0.4433936627839745,0.1828842890526659,-2.541346218582167,0.05712438582880811,-0.24147152481330017,0.2621086650272891,1.2165603550726414,-0.9057167224731518,0.0147758479679607
-0.25007296238523974,-0.4479054975008884,-0.47204319858132493,-0.5324695400578464,0.3772243726807938,-0.5658047117005847,0.03943127600028825,5868,-0.445635207957112,0.3281258679158989,1.5106901729349906,0.057641582622188284,-0.18156767105874183,0.273638240675724,1.2155902112488193,-0.8456130161874419,-0.0146115245099629
0.1798500897188349,-0.33566501690659273,-0.3047566277541393,-0.22879959920482945,0.38941745888660734,-0.46814621199226536,0.03095365993180868,5869,-0.4478728675630342,0.27376952243304875,-1.6260384034204554,0.05815877941556845,-0.23484956266936732,0.22828683520640383,1.2146200674249967,-0.8872721581395677,-0.0062536259513773
0.14552980810521174,-0.23879260198251306,-0.18691686539965496,0.00487778890536231,0.38271126147340984,-0.4229234301601742,-0.2646957840192671,5870,-0.45010665731264643,0.3421423860667045,-0.7339327954123723,0.05867597620894706,-0.2592394458117646,0.19809247910973898,1.2136499236011744,-0.8711099217435868,0.0086933953028245
-0.1207137718857601,-0.37778317625649516,-0.4218093289055757,-0.2465287044186678,0.32425607110639953,-0.4858657907580028,-0.12444703717885612,5871,-0.45233659283647953,0.3476051299108781,0.8614827735157563,0.05919317300232722,-0.2263163940484056,0.18197798204169602,1.212679779777355,-0.8388679339616165,0.0044378694862752
-0.24003389580221213,-0.41886340388336796,-0.47284895055003706,-0.3220600786853599,0.23677699379479167,-0.5248372176161124,0.5456295917422899,5872,-0.4545626896852307,0.31945456872551337,0.40727794269921164,0.059710369795707395,-0.20861597373556995,0.18842771133939673,1.2117096359535324,-0.831947976137791,0.0103092783668854
0.31653598362385493,-0.4831977515127772,-0.588065715940065,-0.562737249624152,0.14207068179833493,-0.5881005184583935,0.7036620041117883,5873,-0.45678496333037877,0.29060478398370704,1.033980546539767,0.060227566589087386,-0.16922004862044487,0.1953751020314088,1.21073949212971,-0.8614188354133407,0.0006337945599204
-0.4860703403377796,-0.4740807892168679,-0.5585664835662738,-0.44501439109157664,0.1555225709501338,-0.5777014542504667,1.729444660950803,5874,-0.4590034291645911,0.2778371014821848,0.00123848776971281,0.06074476338246756,-0.1687698492024523,0.18584591263946526,1.2097693483058876,-0.8940911109589507,0.004053711405374
-0.34041383029566447,-0.47342305161648546,-0.5471162196063948,-0.34866316861808727,0.25801510831206653,-0.5786871966340025,1.767573279122064,5875,-0.4612181025023709,0.29249137109771706,0.3662520650682919,0.06126196017584772,-0.1530590514947214,0.2201057940192812,1.21073949212971,-0.8934646636378136,-0.0017663384643882
-0.47208732214368315,-0.47416679266148914,-0.5332913355007797,-0.2911906924888792,0.3060210710475939,-0.5842341619089102,2.1101004213953036,5876,-0.4634289985805366,0.22560291333739754,-0.2549685792488156,0.06177915696922633,-0.15958488307919216,0.26794291736727877,1.2087992044820652,-0.8913274102941057,0.0066986854065611
-0.5251646595336119,-0.46719913454191897,-0.5092495328271994,-0.4020580333449583,0.33907013421566107,-0.582206176527283,0.6978078556568509,5877,-0.4656361325587501,0.3144899181682682,0.6485713733196117,0.0622963537626065,-0.1318148638263689,0.25439574210209664,1.2087992044820652,-0.8882703762759823,0.0023854360012318
-0.34207881318861644,-0.48071046456790967,-0.5195503923257367,-0.4298680284065897,0.3796254874559676,-0.5931059433576775,1.455723477218448,5878,-0.4678395195200581,0.27777520858398175,0.18818363874019495,0.06281355055598667,-0.12186239876827874,0.28937416539152616,1.2087992044820652,-0.8922455840521761,-0.0087675350150935
-0.23549444427835772,-0.4122846301363464,-0.4289833275702581,-0.18000163810902733,0.396505456433561,-0.53020519459484,1.9959993154016233,5879,-0.47003917447134463,0.27263379423932177,-1.0022408889913972,0.06333074734936683,-0.15742497377226014,0.26344558547958763,1.2097693483058876,-0.8971240329387665,0.009287339382626
-0.474639748847705,-0.4758030868763537,-0.5008680481516328,-0.37352892864687365,0.42328484058915694,-0.5866166118232273,0.7076137604280198,5880,-0.472235112343946,0.2650356213213059,0.924879193168376,0.063847944142747,-0.12105300608675537,0.2015124022425685,1.2185006427202862,-0.877063001480541,0.0101283252909643
-0.5966421934578614,-0.5280001484147632,-0.5511633649976913,-0.5787781728208785,0.4474617519574597,-0.6186864155421569,1.4442290291954987,5881,-0.474427347994045,0.2867735420985413,1.0147087520302938,0.064365140936127,-0.0798826927439569,0.254296110974184,1.2175304988964637,-0.8834876951566134,0.0025531699855083
-0.6596440569631922,-0.5413638408586681,-0.5527239501732251,-0.6275940736562349,0.5299426640546252,-0.6294583021497799,3.4122488555965202,5882,-0.47661589620324274,0.19136512196903951,0.20610883514680803,0.06488233772950561,-0.07195732954620768,0.2927987682411302,1.212679779777355,-0.8922301042306738,0.0050679936510211
-0.437564560380224,-0.5293596875817159,-0.5323522511869225,-0.5592570650612717,0.5622028191777881,-0.6265418110818454,1.8204496244154929,5883,-0.47880077167905477,0.1773812423843383,0.4746005349289706,0.06539953452288577,-0.07552374298519487,0.30000126653350123,1.219034221823387,-0.9059832268935202,0.0045516633077102
-0.6233827078877191,-0.5413055661756757,-0.5350883791645716,-0.4571256154205979,0.5952197103750961,-0.6228558636714833,2.979743777284552,5884,-0.48098198905537937,0.15752258626674948,0.41951005417686615,0.06591673131626594,-0.06038509759488234,0.28910820015407535,1.22587373578133,-0.9101874994840107,-0.0028100892938373
-0.30481140439632365,-0.5081334437618296,-0.49626465194465263,-0.3033706268055341,0.7516864349636655,-0.5918196009041747,3.3434686654413466,5885,-0.48315956289299483,0.11971272335300481,-0.3663337042891239,0.06643392810964611,-0.048308372148621076,0.29962180603882027,1.2306759477092495,-0.9031493887074286,0.0032477702835922
-0.3326163783400628,-0.5462068448765593,-0.5416056113121488,-0.3991127993586135,0.7582199314371079,-0.5995976284804351,2.6327773858288257,5886,-0.4853335076800429,0.07265313986420537,0.28029188094022217,0.06695112490302628,-0.0306712565619686,0.30866279470353736,1.2291722247823267,-0.8913521557401076,0.0007955449537222
-0.5273023802612434,-0.5489222867018868,-0.5371853725652809,-0.2914197606686251,0.7817466438160766,-0.5738439837299868,2.04019281107335,5887,-0.4875038378325544,0.07146247014995831,0.018546185710498004,0.06746832169640488,-0.0301382900529654,0.2826392638140296,1.2282020809585041,-0.8827478991301608,0.0103338625873888
-0.47721341574401716,-0.5333817314756926,-0.513638778309094,-0.2479227917417693,0.7796402022715345,-0.5793311894794558,1.8067542605422995,5888,-0.4896705676948445,0.08351992051238787,1.0366473976730852,0.06798551848978487,0.010905076702593528,0.2753343500127135,1.2272319371346818,-0.8763873473014282,0.0053561702560671
-0.28493478692280805,-0.5304454941265971,-0.5132644184371864,-0.3415532150923861,0.7966253005431193,-0.574087580701322,3.9395732231570992,5889,-0.4918337115400391,0.028446662689824126,0.5053383356422582,0.06850271528316505,0.03203116214043445,0.2641719582957246,1.2262617933108593,-0.8773795399299594,-0.0046654425062046
-0.19893631762567782,-0.5120112029597332,-0.49806333313989243,-0.21514999563373285,0.8239536785908157,-0.5437773472604686,4.31840611918234,5890,-0.49399328357058736,-0.0008119960722885357,-0.5643488451532124,0.06901991207654522,0.026996273564627308,0.2608460372042813,1.225291649487037,-0.8702925131479777,0.0096770296267421
-0.5108305691616999,-0.5556413842391638,-0.5431574830771151,-0.3770861619507655,0.8083426486065766,-0.5652187009935798,2.912516802366287,5891,-0.4961492979185972,0.011788884754923169,0.9665815464010777,0.05477114041893004,0.0694634749754728,0.2746403861143946,1.2243215056632175,-0.8599400156489933,-5.99020471849e-05
-0.37301150801756927,-0.5153849860256073,-0.4943320379603794,-0.270333674772413,0.8286052476730051,-0.5546888899094362,0.5777026744884587,5892,-0.49830176864645065,-0.04944154761394507,-0.07274093823965617,0.04623739332816204,0.06703175363133176,0.29294704704524716,1.2194707865441057,-0.8667409869953767,0.0014377285708211
-0.3257580636582465,-0.4907564375363068,-0.4650819954906863,-0.2643233138076826,0.8288408641324808,-0.5191474270369318,3.7350876104962976,5893,-0.5004507097471541,-0.05229998133503754,0.08711320017596375,0.06826997672614402,0.07470936130426566,0.3062317787675363,1.2185006427202862,-0.8560517525098112,-0.0074175994165842
0.4091449854323276,-0.45906177709403423,-0.500760928372568,-0.1031123717179086,0.8139527456908846,-0.5163179742933884,3.0207413525854725,5894,-0.5025961351448507,-0.02705191476140694,-0.8581086457367856,0.06826997672614402,0.04100095063092353,0.28734059968653713,1.2175304988964637,-0.8404633263964593,-0.0028927857340473
0.10911218541632084,-0.44151957332081987,-0.4962723683701574,-0.192273825898159,0.8453201190286757,-0.5028612897597905,3.6101654606818085,5895,-0.5047380586952148,0.011235723561063839,-0.3751389574727183,0.06826997672614402,0.029524554807627765,0.2635722438798242,1.2165603550726414,-0.8439935269815771,-0.0008582653892125
-0.21768426440854868,-0.44723303349349613,-0.5007418369978706,-0.2182836934055362,0.8120945775898856,-0.5091804264212395,-0.25906176083535265,5896,-0.5068764941859795,0.04784597355692446,-0.15799987025720127,0.06826997672614402,0.027809018323856044,0.25808034683969583,1.2087992044820652,-0.8342723196614312,0.0060009193543102
-0.029496292098551518,-0.4126981890698862,-0.462735834501024,-0.30709817245489107,0.7462370702091476,-0.5131347386641818,-0.17669699717447682,5897,-0.5090114553373152,0.03236626936755864,0.574157582761496,0.06826997672614402,0.05436914267661167,0.25554795822727405,1.2097693483058876,-0.8336779211096468,-0.0064942871359122
0.09458214676831012,-0.38813481899294605,-0.4442876537871902,-0.28017970875246007,0.7088041117576864,-0.492020630537144,1.4248081835838304,5898,-0.5111429558022855,-0.0035577145526617727,-0.7595777156740263,0.04212567882079174,0.025639089537168733,0.28363829919313094,1.2087992044820652,-0.8388115273142063,0.0036920465895904
-0.2605812875808117,-0.40939136421010736,-0.4663477643472945,-0.39310208950859743,0.6106907975326338,-0.5029011578191066,-0.06853998117455048,5899,-0.5132710091672983,0.0969559616880897,0.327713057604178,0.04264287561417191,0.041305382421710606,0.2498516313785735,1.2087992044820652,-0.8379697648455635,-0.014382198542564
-0.011927408565512672,-0.3824414154878981,-0.4250376283046829,-0.1692753034450309,0.610678045765206,-0.41791245236076646,0.7097562324450357,5900,-0.5153956289525163,0.10186568464934904,-1.6014530168009131,0.043160072407550515,-0.017453820003459006,0.24531195535833503,1.2087992044820652,-0.8332024286915737,0.0055370307001345
0.16066273979489532,-0.3322016087273544,-0.3665392566891808,-0.21924535062730044,0.4700189738364969,-0.41141284377656523,0.22158445458919027,5901,-0.5175168286123255,0.18206496708858602,0.5246862262215745,0.043677269200930686,0.007498995197622927,0.2125224506350604,1.2359632315490803,-0.8111539132530077,-0.0048068142961162
0.04904074933468109,-0.28688118709890453,-0.32005904081434644,-0.15762205150218855,0.472129251725359,-0.40872333169213015,0.07799410798867744,5902,-0.5196346215357147,0.15483882041934902,-0.5793953876958955,0.04419446599431085,-0.014588129399628379,0.2449656219659698,1.234993087725258,-0.8067253567182349,-0.0139887507068138
0.18089352991147298,-0.2855207904646711,-0.3040266693680418,-0.1051553203308995,0.44273627155924455,-0.409933612130126,0.18840069453773162,5903,-0.5217490210467147,0.13087831985282494,-1.5595219760342574,0.04471166278769085,-0.07063822141824652,0.2588131476185969,1.2340229439014354,-0.802875600848396,0.0090406274488399
0.2306402092918233,-0.2625535198360047,-0.3040266693680418,-0.18964839819241322,0.23903083603931327,-0.38729815321030053,-0.3839546150247539,5904,-0.5238600404048231,0.18584170616253926,0.8986100296091416,0.045228859581071014,-0.035507075802804676,0.2627685659714949,1.233052800077613,-0.7887303623354639,0.0127204569947095
-0.08185104243407149,-0.36781684594546904,-0.4760494118051925,-0.4009878337178706,0.20177549140775647,-0.4507720161481365,-0.38307664581477036,5905,-0.5259676928054419,0.13469918952550813,1.2913449977487954,0.045746056374451186,0.017749640034831562,0.2721787298882996,1.2194707865441057,-0.7930580223636546,0.0
-0.298049473189413,-0.34650233801343927,-0.43118697128917605,-0.29179279888985704,0.17732809503285984,-0.4500118332109843,0.2362279735681986,5906,-0.5280719913802431,0.09933130543458947,-0.06639031535428994,0.04626325316782979,0.016684912371661004,0.28264978280229025,1.2185006427202862,-0.7997060614398608,-0.0103276700233279
-0.09942765646189121,-0.2315415983539697,-0.27245610457157854,0.020270732924456723,0.16681641519171017,-0.36021149827805843,0.4817350330239635,5907,-0.5301729491975801,0.09667583837058706,-1.1687454445635823,0.04678044996120996,-0.02519665420259536,0.2628369846104831,1.2175304988964637,-0.8104387463230838,-0.0082649697749727
0.0,-0.12443058610904928,-0.22812750318404143,-0.035251664164608,0.15326614188008558,-0.2719988783778855,-0.24751749780292057,5908,-0.5322705792629542,0.1348997975207006,-0.9485768882813264,0.047297646754590125,-0.05935119555121926,0.2418481147229868,1.2165603550726414,-0.7820873672890685,0.0152086559188174
-0.010172938446249667,-0.27842280223403604,-0.33306861941727595,-0.027382444020777254,0.12853452045524352,-0.3668452616773355,-0.1745546097167941,5909,-0.5343648945193505,0.14391313029900388,1.55693044347739,0.0478148435479703,0.0018055056703412259,0.24701247310840327,1.2243215056632175,-0.7536557693718264,-0.0063029047157272
0.15307787447176419,-0.22631922770142116,-0.2648115391668804,0.09501460644411529,0.1608815173819486,-0.33124438777258036,0.05306759804316471,5910,-0.5364559078476787,0.0684326466176076,-0.7391499336036381,0.04833204034135046,-0.022256626412770052,0.2593086236305432,1.2155902112488193,-0.7709907618005096,0.0077524128436852
-0.22547582822549392,-0.2512878397088199,-0.29299811146402055,0.1134653156633843,0.13779379108488155,-0.35523275911332375,0.18070914215834633,5911,-0.5385436320671225,0.08785216172509222,0.7610869416340791,0.04884923713473046,0.00984216751966319,0.28153369114955773,1.2214110741917505,-0.7462501057594053,0.0078752127543135
-0.46975210662766553,-0.26491836351631154,-0.2935404960896976,0.10375592277326119,0.14822333168283777,-0.3738324062853555,0.6552474057882958,5912,-0.5406280799356081,0.057876797439594244,0.7741943618984544,0.04936643392810906,0.03689788307216222,0.2778051910048462,1.2097693483058876,-0.754979932693656,-0.0137870697321918
0.6265752272690737,-0.2630461312908831,-0.3462420913617174,0.06810853010856077,0.17464337967469593,-0.3718190566035515,0.8945955418559858,5913,-0.5427092641500829,0.01775186790656321,-1.5380161247550217,0.049883630721489235,-0.021133538102571937,0.28896891943830977,1.2087992044820652,-0.7554316897150085,-0.024778219641818
0.49019060005029896,0.008653872255602503,-0.13690732644116546,0.22114978611278832,0.22793093457387614,-0.17660532226438524,0.3930808312161711,5914,-0.5447871973470251,0.07810913437179014,-2.7111686102780608,0.0504008275148694,-0.06555905977808425,0.30170855787483786,1.21073949212971,-0.7533621253098487,0.003210121006693
0.7951307498562101,-0.10405359889555754,-0.18497952449987703,0.21293931678092978,0.14040206893517226,-0.24190551478057917,-0.4653460979745834,5915,-0.5468618921027546,0.19379682956675492,0.276251669635297,0.05091802430824957,-0.09437374849368645,0.22571899947462726,1.2097693483058876,-0.7169408103626813,-0.0126359461771649
0.651355628129595,-0.01882694028142885,-0.07341623558973387,0.5297652098776389,-0.02923412572259396,-0.14745538272570857,-0.31811716171148796,5916,-0.5489333609337945,0.17042197699804862,-1.415126288651955,0.051435221101629736,-0.12006074557245082,0.2119139170062709,1.2087992044820652,-0.7187770534926957,0.0096459951347103
0.11532486571332246,-0.1350257159385988,-0.2750213295979474,0.3811351521689241,-0.11972796034054962,-0.22881308686859078,-0.3998370795073063,5917,-0.5510016162972993,0.2130151342056136,0.9632041806992729,0.05195241789500834,0.06836920037060933,0.19531077093320048,1.21073949212971,-0.688437737237027,0.0098691471826346
-0.2141543219294582,-0.2242138051105828,-0.3968799300776995,0.29074969658388067,-0.18764460915426062,-0.2940332216648021,-0.2623893233968691,5918,-0.5530666705914316,0.18212950803365632,0.9869586085083646,0.05246961468838834,-0.0842957733234244,0.29776587800152204,1.2097693483058876,-0.6907357371222538,0.0058698632782257
-0.2792869660584464,-0.2488410811284263,-0.4090607710764526,0.2657333502250112,-0.23556031404940933,-0.3139713134392177,-0.006396721391749014,5919,-0.5551285361556717,0.1377991462440186,0.5600829322685931,0.05298681148176851,-0.058146852841947,0.29776587800152204,1.2087992044820652,-0.6890671930849092,-0.0040973426228838
-0.03175774646658364,-0.24893785683754313,-0.39833411866807866,0.2623268741164807,-0.19663453237001297,-0.32718903724594506,0.2584257274978213,5920,-0.5571872252712414,0.1082283589638527,-0.5037537639846995,0.05350400827514867,-0.07565322462070348,0.2069762245377386,1.2087992044820652,-0.7042907498918773,0.0058596186820216
-0.3098682719045819,-0.28366983414038244,-0.4273515172772467,0.10678155792752088,-0.14686874626679344,-0.36334347713229403,0.27636202101319657,5921,-0.5592427501614683,0.13555272767198334,0.5590970294299317,0.054021205068528845,-0.05260428000984657,0.18533342695140753,1.2068589168344237,-0.7059382425847548,-0.0009295987590968
-0.15408117467049512,-0.278732329062023,-0.40526614276406253,0.13842393378122853,-0.0914359476709433,-0.3558143579593884,0.9160037860590603,5922,-0.5612951229920943,0.11676927724537915,-0.16548466657048433,0.05453840186190901,-0.05445218577734223,0.20690519199202764,1.2355266668283602,-0.7207525098141807,0.0004342165542876
-0.3357960498949397,-0.29577529712794925,-0.4090734246273328,0.09625064873665015,0.024982994072467082,-0.3720485078417391,0.5409617617426278,5923,-0.5633443558717143,0.10265253537637238,-0.019956913336031612,0.05505559865528918,-0.05042962504446453,0.22982729332822321,1.2903883000654863,-0.7118213096927932,0.01078869020506
0.1065398606345266,-0.388469151209375,-0.5481462978065288,-0.12405659649513905,0.025815985855344878,-0.44335781474604435,-0.11672540759141774,5924,-0.5653904608520393,0.13693195950680037,1.0851731987911448,0.055572795448667785,-0.006726464593328981,0.26827163268866694,1.3344813368581914,-0.7140041430705805,0.005674150252525
-0.3088884367280016,-0.39619390256884696,-0.5395527373628001,-0.23685561697489088,0.10356335307267941,-0.479376356833433,1.3464625368233183,5925,-0.567433449928334,0.08315096343155763,0.5392788933178575,0.05608999224204795,0.016340019184349356,0.28945614300047073,1.3344813368581914,-0.7331596632414842,0.0072280339245511
-0.4125078398427521,-0.4265870883507995,-0.5589333091816576,-0.3155812887034507,0.14361604959941118,-0.5176766691902719,1.3895526425415998,5926,-0.5694733350397415,0.04087121740478225,0.7051589735163765,0.05660718903542795,0.04813272108533033,0.29283269853768884,1.3370522179913193,-0.7647544322287753,0.0003754618373639
-0.03286664443852768,-0.43640916847946826,-0.5713425000089278,-0.30284406062194036,0.19639769562511103,-0.5283594400118938,1.7378843348863173,5927,-0.5715101280695875,0.006358840759629726,-0.02629265760710511,0.05712438582880811,0.04962183874422226,0.3033287979474916,1.3526715335548514,-0.7711549390043106,0.013608407530834
-0.47822341060744006,-0.45025984178016354,-0.5674205414315351,-0.24257017992239838,0.37765471780178,-0.5488087222436885,1.172328442589495,5928,-0.5735438408457908,0.014386126653589938,1.3861874683531188,0.057641582622188284,0.10918637845351066,0.3361371528318016,1.3635856515728466,-0.7853578419396515,0.0004180597667728
-0.49942384250353605,-0.46204145466253793,-0.5619721268330158,-0.21419653071394917,0.4582070349976919,-0.5371693439215806,2.02859316622525,5929,-0.5755744851411572,0.004844257195791794,-0.021724236893423586,0.05815877941556845,0.12344225523246613,0.3229422823455447,1.3407387645218414,-0.796394091811513,0.0038505164946187
-0.7497939429269558,-0.4654206226392954,-0.5409103482391544,-0.2108536244362253,0.471179626675371,-0.539362863958761,1.7497926025989288,5930,-0.5776020726737429,-0.031347377362283525,0.3446494244632177,0.05867597620894706,0.11702711068193615,0.33682131825574807,1.3397686206980193,-0.789051806345888,-0.0037465431478649
-0.5183238286832419,-0.42080239488559085,-0.46544363782817083,-0.04040096339265655,0.5316977053636298,-0.5094535611893628,2.32369958931922,5931,-0.5796266151071781,-0.059446582368247944,-0.46620295830545244,0.05919317300232722,0.09356057918803064,0.3353442460996148,1.3387984768741996,-0.8035972905486342,0.0025375313416935
-0.4814358652461549,-0.46590008237651076,-0.5105213010516457,-0.17131377477976592,0.6063359222144029,-0.5437743636434844,1.114109166187392,5932,-0.581648124051032,-0.036238832145530746,0.20452558056104772,0.059710369795707395,0.10670336380021575,0.34234324751149786,1.3378283330503773,-0.7737103283293624,0.0054772219270513
-0.540309801830801,-0.466440291674372,-0.4965353874595149,-0.19229448145298453,0.6326295396568925,-0.5436391500510839,0.9687972712631461,5933,-0.5836666110610755,-0.030492993839121768,0.5183023557424472,0.060227566589087386,0.12996251752448043,0.3450005043816867,1.3368581892265547,-0.7914339255954059,0.0017765151400643
-0.6016658233308207,-0.553071863081527,-0.5874557158232588,-0.26985840909296105,0.6457590421080177,-0.5832050833619554,2.4716221645248813,5934,-0.5856820876396922,-0.03632320634463512,0.12329621213793768,0.06074476338246756,0.13801344615871192,0.36504947539824334,1.3358880454027324,-0.7934968129336412,0.0019507003289596
-0.6223521574592755,-0.5704494750956075,-0.5933220829273302,-0.36724760632054004,0.7173651949919487,-0.6097572873426808,1.7037583120083226,5935,-0.5876945652361547,-0.07870955211622659,0.1419095738383487,0.06126196017584772,0.1480721796121517,0.3628147400047269,1.3417089083456637,-0.7961298582126782,-0.0021238943039783
-0.6029431771184565,-0.5438978071910747,-0.5502092402902173,-0.2845835145533926,0.7087809971301787,-0.5948995018487445,2.4479565776411505,5936,-0.5897040552469479,-0.07983615881542112,-0.29296141754316773,0.06177915696922633,0.14046688685945974,0.35203045600604965,1.3407387645218414,-0.803312391276162,-0.00366560178255
-0.4199142819498407,-0.5068260915518689,-0.5006028057518652,-0.12028478407898807,0.7008461083903671,-0.57094952698452,1.790420698820329,5937,-0.5917105690161039,-0.08692280796862514,-0.4575418348672656,0.0622963537626065,0.12407489302412315,0.35251071956943064,1.3397686206980193,-0.8069625842492618,0.0024329455240019
-0.40690751763117283,-0.5211725381021293,-0.5139994816184286,-0.2652451886948266,0.6424341694225039,-0.5850956258966217,1.2535351534075547,5938,-0.5937141178355249,-0.0874667090212249,0.1933834748335148,0.06281355055598667,0.1361878967383294,0.32175276294310506,1.3387984768741996,-0.8042097204085942,0.0010655296212276
-0.4759555379406038,-0.5383439441281024,-0.5283276851521238,-0.31490809171941836,0.6141692571822319,-0.6000144061565778,0.9255309631140862,5939,-0.59571471294529,-0.09520653169705333,0.04744980004525607,0.06333074734936683,0.14058388590012788,0.3147364703452769,1.33491790157891,-0.8124755784334956,-0.003074921480476
-0.5138335772205138,-0.4904492731016149,-0.4632920962896628,-0.2998034490339372,0.5851789119754702,-0.575898460023898,0.39786107829897677,5940,-0.5977123655339622,-0.06359890316998527,-0.39449378441218813,0.063847944142747,0.12397938171729844,0.29633268402453444,1.3358880454027324,-0.814952498446715,-1.18633383485e-05
-0.5449883882059129,-0.4896704347868602,-0.45507096177022277,-0.3996111565952065,0.5629117281169337,-0.5852041913736484,0.23378957831950717,5941,-0.5997070867389112,-0.04345185095946694,-0.06754899953683872,0.064365140936127,0.12601831687204804,0.29441120234147006,1.3387984768741996,-0.8128922073582415,0.0007236583241909
-0.12251802018215867,-0.48484849672321173,-0.46095131030725545,-0.3540314130016931,0.5534415738534336,-0.5892972965773752,0.5513961928163095,5942,-0.6016988876466186,-0.023600124393742875,0.01087314865505366,0.06488233772950561,0.1258505519083832,0.2736037007217533,1.392156387184401,-0.8184909292630314,0.0115582952091484
-0.5359410372251069,-0.5200212904268292,-0.4968216625605809,-0.4599121776764022,0.4853395113708212,-0.6168341736294147,1.3140317946411642,5943,-0.6036877792929578,-0.039392633658878684,1.1673409207929244,0.06539953452288577,0.18311726739266648,0.3037470050427776,1.401857825422622,-0.8318961292849681,0.00169928460372
-0.6452824812353521,-0.5867747811906302,-0.564670516976551,-0.5821007644972697,0.5169026308831368,-0.6556936795308802,3.077153286740501,5944,-0.6056737726635726,-0.10372760084679128,0.11500957352155289,0.06591673131626594,0.19102689403961923,0.34123960941720144,1.3969585991123201,-0.8411593503786081,-0.0014624157340381
-0.6772622817499256,-0.5958260825346037,-0.5654251409354862,-0.6747443858295755,0.5635860058408444,-0.6678974702420805,1.2532274526797023,5945,-0.6076568786940693,-0.12238057880171296,-0.22244248302145472,0.06643392810964611,0.1846001604704091,0.32206907910501775,1.4014212607019019,-0.8510769532287725,-0.0056824839812513
-0.48537714081061134,-0.5329289477802092,-0.4903199467697666,-0.44104678511994067,0.5689254532270237,-0.6136935232534727,1.378716722448521,5946,-0.609637108270395,-0.08783033939622714,-0.672905846306814,0.06695112490302628,0.15828049968108346,0.30700852620958025,1.401857825422622,-0.8571634588216243,-0.0032404404526889
-0.4093371818730487,-0.5138583593002363,-0.4676120810380418,-0.43052070074845544,0.5538464364572007,-0.5939653110778709,0.4899945935949629,5947,-0.611614472229102,-0.062092455726157056,-0.4122469364672659,0.06746832169640488,0.1411558944341419,0.28444583666922507,1.4028279692464414,-0.8389895950340738,0.0036647358352204
-0.5248706785633085,-0.5307431903998245,-0.4840716782680422,-0.44479654227225335,0.5174155713689318,-0.6039846393357856,-0.10850465377797616,5948,-0.6135889813576847,-0.03973709926267783,0.3247763598035347,0.06798551848978487,0.15940635793004984,0.2601399966242387,1.4008876815987996,-0.834985670619684,-0.0028857478497734
-0.36015210180844726,-0.4822695316308061,-0.4276277731270489,-0.3142747765436512,0.5090616929955999,-0.5706782763500833,0.7792844063672797,5949,-0.6155606463947678,-0.026954908186049346,-0.37443052750981426,0.06850271528316505,0.14352324895540602,0.2515969615852675,1.3669326477650339,-0.8377315117232259,-0.0011753591297415
-0.5346970836481774,-0.5235381382765091,-0.47390951798836023,-0.3084379309753404,0.41287099102590946,-0.5645230077865074,0.5887440848942103,5950,-0.6175294780305182,-0.005705949028394306,-0.19188861064670484,0.06901991207654522,0.13847283362343615,0.28271824588124783,1.3659625039412115,-0.8260318892660516,0.0029507249240006
-0.4948564305735981,-0.5576376057597128,-0.5112870177995595,-0.4672759096963059,0.4038019934634669,-0.5871938286553432,0.3890483173731683,5951,-0.6194954869068627,-0.017592032241830164,0.2485214634472032,0.06878717351952418,0.151522338699675,0.3017511973092598,1.355290921879171,-0.824583666281177,-0.0051294144106585
-0.32437221871414185,-0.5054126652547934,-0.45382983456558706,-0.4155322798946446,0.41328571305851614,-0.5575237202987261,0.6512839098313895,5952,-0.621458683617767,-0.016555778114855865,-0.6139150710748577,0.1219291440393063,0.12785289852765286,0.312291304648469,1.354320778055349,-0.8137671002519079,-0.0139860145073779
-0.07320976352316183,-0.38589880644743885,-0.43941870077439116,-0.19358918056636756,0.3855850147378003,-0.4808043919235738,0.3243341039928255,5953,-0.6234190787095563,0.016127997673005164,-1.5592510976831284,0.1655029738815613,0.18393285858542505,0.3232957550053012,1.3533506342315267,-0.8014970584081067,-0.0033056855275844
-0.2464656164063159,-0.4103130240517417,-0.34886465159904856,-0.2261813382733772,0.32736474040135327,-0.5027956331871117,-0.42858761650367955,5954,-0.6253766826811651,0.05297119315180071,-0.4192538470037245,0.16602017067494146,0.043620169231836564,0.347028755438753,1.359171497174458,-0.7803469362626483,-0.0063920881324386
-0.48151619393255934,-0.3968852043693752,-0.327202069908915,-0.11069336902514156,0.1918020748101198,-0.46707803859812475,-0.32906537595193586,5955,-0.627331505984415,0.047526204065642376,-0.7486475938648325,0.16653736746832165,0.043620169231836564,0.35153890779243413,1.3582013533506354,-0.7837894760837163,0.0049159434679242
-0.4935105250442712,-0.37076387488230395,-0.2971998130514043,-0.17166167027780874,0.14092821246149348,-0.4731752668364058,-0.4471480991564856,5956,-0.6292835590243061,0.07201008993848605,0.4583493965273847,0.16705456426170182,0.03488558091780852,0.34921146066502273,1.357231209526813,-0.7730027658590861,-0.0061601644760043
-0.1502831857820077,-0.36386867686048346,-0.27958788626843284,-0.10711531296044162,0.16382145051837535,-0.46982179130535123,-0.34741638599500707,5957,-0.6312328521593115,0.03413165877464908,-0.7238925201959564,0.16757176105508198,0.021145604254234052,0.3297728258999958,1.3562610657029934,-0.7821769268768979,0.0091152167277996
-0.4795834679553649,-0.38002714955178435,-0.27958788626843284,-0.26397342641804455,0.11343256726358499,-0.49633769523061966,-0.34764169496308195,5958,-0.6331793957015653,0.08861882175054463,0.9065931438778926,0.16883889319886178,0.18393285858542505,0.3146218652115021,1.359171497174458,-0.7789119848162729,0.0033722745520918
-0.5399904523522377,-0.434143983632251,-0.3881884787153272,-0.3681407376862599,-0.009309388172986375,-0.5291820953809921,0.014896824474345587,5959,-0.6351231999172151,0.057703452761448185,0.2936456026698202,0.16935608999224194,0.06232063594966201,0.31879287756730595,1.3582013533506354,-0.8005742842467786,-0.0037210419442416
-0.4406314300565759,-0.3627639849873549,-0.28904141360968955,-0.24151579531954212,-0.0929433679698021,-0.4786653747861973,-0.01268831152517618,5960,-0.6370699230999365,0.04326174462490208,-0.46350218830637513,0.16987328678562194,0.04420969492856192,0.34686966974196354,1.357231209526813,-0.8023944298408379,-0.016084336798282
-0.1502831857820077,-0.3250160420079786,-0.23828398988370614,0.03312955052571884,-0.16282677856585864,-0.4500979860171356,0.25910222666775334,5961,-0.6390139324241206,0.0892093848022645,-1.7830503372715025,0.1703904835790021,-0.027735204266131165,0.35229161937180503,1.342679052169486,-0.7839791582810011,0.0035510925380073
-0.2718298564179813,-0.2569055479819771,-0.14575461663483444,0.044055234574189646,-0.27995452362937556,-0.3711913030554167,-0.4581924507665254,5962,-0.640955238136607,0.16963556219397688,0.312560738548055,0.17090768037238227,-0.014969017947206922,0.409283672599507,1.3417089083456637,-0.7756619143898202,0.0015862366383419
-0.2301814698272191,-0.23394618313354254,-0.11518609299572902,0.03913867675237771,-0.23803176780966062,-0.34947199471757534,-0.34020029602319385,5963,-0.6428938504396534,0.1579531378373431,0.10298626014699795,0.17142487716576088,-0.005927611783694929,0.3893782838589382,1.3436491959933086,-0.7381572512006976,-0.0031674489531041
0.0052757102481969425,-0.21953027542112402,-0.11860391383124784,0.1519007208884244,-0.2525435241329804,-0.3377266293020208,-0.34948646918553766,5964,-0.6448297794911533,0.14262692465749047,-0.4043915860939223,0.17194207395914105,-0.01993844992102441,0.410690402374873,1.3378283330503773,-0.7307502419532237,0.0045218458794393
0.024809755316445414,-0.24709315600841858,-0.1783309815912245,0.02532409384456807,-0.34101881662988,-0.3683554076876852,-0.45852969646464836,5965,-0.6467630354049007,0.1736704903026216,0.4163485788717174,0.1724592707525212,-0.000752990530755748,0.38015525644581766,1.3387984768741996,-0.7236646200732412,0.0082730090821308
-0.33900246853839316,-0.2978001080120168,-0.25113557000284636,-0.051282845204132836,-0.34504340041660453,-0.393696362674003,-0.10465414393910441,5966,-0.6486936282508526,0.1508657709509851,0.8167619425179367,0.1729764675459014,0.036617021095867466,0.3965577565065671,1.3387984768741996,-0.7401018736397529,0.0012669684995314
-0.5005433593992005,-0.3050656336975738,-0.25210412860577697,-0.1622794599342216,-0.26445657467682704,-0.405423627942216,0.049497534635188356,5967,-0.6506215680554363,0.07579956508748702,0.06895098862107063,0.17349366433928137,0.04273040648262521,0.3746296033685396,1.3407387645218414,-0.7424602437879848,0.0004820438966217
0.12293765277528625,-0.29893689582946376,-0.27872340212440255,-0.156407971903594,-0.2570953142089484,-0.40267785032996434,0.2672180496586578,5968,-0.6525468648017249,0.0836364916979902,-0.014851917144310244,0.17401086113266157,0.04340428192364915,0.3788537097027725,1.3397686206980193,-0.7401731707848263,0.009600096247786
-0.5826675321488982,-0.3138339317100181,-0.2858670035600844,-0.2542623776914417,-0.1984657592842118,-0.4279150103526209,0.3303238910239231,5969,-0.6544695284297593,0.10008438306189114,0.958412609189453,0.17452805792604015,0.08998899813822758,0.41233936248012054,1.3387984768741996,-0.7342804312420323,0.0073732055358795
-0.5653798280916869,-0.3901616250232289,-0.3805214570828551,-0.4211595353217006,-0.13190972489582933,-0.48172309713583533,0.7294787752893582,5970,-0.6563895688367242,0.04410906648797546,0.7207402884013824,0.17504525471942034,0.12456066124505394,0.37820933916480237,1.3504402027600622,-0.7543845014861229,0.0031385092043372
-0.5708566117840297,-0.4390450341925413,-0.43335352983555714,-0.5344499247332944,-0.07283151157311636,-0.5187702535355454,1.2915401269971807,5971,-0.6583069958773266,-0.004823106381844653,0.2687155522454467,0.1755624515128005,0.13918768642989687,0.33101504294346445,1.3494700589362398,-0.7663913072595437,-0.0026564347348612
-0.5172993341496156,-0.40544170678642527,-0.37999827360330246,-0.36249831450583725,0.04247670783082074,-0.49995138982185666,1.0271039459352076,5972,-0.6602218193639006,0.008992136083434006,-0.3498253345592524,0.17607964830618067,0.12360553536199008,0.3323967742017565,1.3484999151124173,-0.7777741648248044,0.0022491861111193
-0.5263929822923259,-0.4138379899223953,-0.38260208526698025,-0.32810516802227774,0.07531990825899867,-0.5106157497018986,0.6449519351782299,5973,-0.6621340490667563,0.03422891054679734,0.17379095927155866,0.17659684509956083,0.13681118292076677,0.35422317776298723,1.3475297712885954,-0.7730196782426765,0.0057875160548104
-0.43763776845572816,-0.3977770416258935,-0.3563611852280643,-0.33601162213344704,0.22929330789299562,-0.5189979748347577,0.18134626009480434,5974,-0.6640436947143551,0.018921600757467495,0.5514869206193543,0.177114041892941,0.16430003836876367,0.3433657948471848,1.3465596274647729,-0.7706546934544832,0.0044624507460451
-0.7394997689198581,-0.3866255571089856,-0.328780993849614,-0.23236603127588487,0.25466756853939293,-0.5122744869307895,1.578831033242511,5975,-0.6659507659936258,-0.0270293899801921,0.41007324114469484,0.17763123868631944,0.18495126466335912,0.3157281568127948,1.3455894836409505,-0.7773660264963898,0.0115800548999558
0.03806087697804733,-0.451533550674537,-0.4346388901470102,-0.3256842875900553,0.26486412766778894,-0.5477317474490209,0.9332858003859881,5976,-0.6678552725501421,-0.051519812374937364,1.1697922706084833,0.1781484354796996,0.23941867150094506,0.27847459967119514,1.3446193398171309,-0.7804701450465591,-0.0016815855092569
-0.42597726482554177,-0.48102578120483824,-0.4670143788935326,-0.2869574798658332,0.3433752767656862,-0.5592310161650116,1.4495501254321115,5977,-0.6697572239883909,-0.0853041599720928,-0.24572907097230853,0.17866563227307977,0.23128934506629287,0.32315170449555186,1.3407387645218414,-0.7947626688023944,-0.0069915425607713
-0.40901897706943735,-0.48327070681088724,-0.46629637659988343,-0.23370466204535145,0.3843702260865383,-0.5361017849296387,2.0002600045276586,5978,-0.6716566298720044,-0.08817687717699801,-0.8124818121729835,0.17918282906645994,0.1971357844095487,0.310419801293348,1.3417089083456637,-0.7902337661715786,-0.0046274601239734
-0.4167365844727976,-0.39968720558455806,-0.3555171171709023,-0.11329937329187514,0.3822683683013574,-0.49040012292384494,0.9284580032669997,5979,-0.6735534997239965,-0.07172454642384003,-0.560187095430916,0.1797000258598401,0.17514958991318003,0.28839828487200125,1.3407387645218414,-0.7675018512668096,-0.0023539105662822
-0.39557106880057297,-0.4153740522739441,-0.3740932153584791,-0.15162004375457627,0.3577189534224079,-0.511101106908032,0.08667853600601577,5980,-0.6754478430269945,-0.04252602143383086,-0.3174917215443831,0.18021722265322027,0.16352980375408235,0.263738217500565,1.3329776139312683,-0.7589382452729634,-0.0028903439284074
-0.16913172059731132,-0.41985313633317434,-0.38807326921192425,-0.25723860429852047,0.33687340037162,-0.516715524291074,-0.3652169498197804,5981,-0.6773396692234761,-0.030055809670940736,-0.37481394228713044,0.18073441944659888,0.15115952419707984,0.25958351969628224,1.33491790157891,-0.7614617483688999,0.0038452436742275
-0.35184370494952893,-0.41601024911384726,-0.3819287720175239,-0.36953304723698804,0.22445414384309478,-0.5276027349650754,0.4222332965742757,5982,-0.6792289877159926,-0.013177624143905371,0.3441509956816556,0.18125161623997904,0.16874653781660065,0.2650649881871224,1.3329776139312683,-0.7580578913982293,-0.0046025098470984
-0.42279734956198456,-0.31813172023651204,-0.2428742098591072,-0.27700737902995537,0.2110187097823994,-0.4798499904055732,0.45812456117834405,5983,-0.6811158078674003,-0.02885111818528242,-0.5574811721624597,0.18176881303335904,0.14991969251713416,0.2797860618706224,1.3329776139312683,-0.7660363001289502,-0.0053223925433526
-0.22477614955934788,-0.23853881098605892,-0.12835698069954624,-0.08729303677611988,0.18994291296981122,-0.4224526187007568,0.06030147408950262,5984,-0.6830001390010879,-0.021512596573612437,-0.6343628112725455,0.1822860098267392,0.12175369618377604,0.2764947607744878,1.3310373262836235,-0.7556281306161188,0.0079161948298438
-0.30643366468096667,-0.312343985694403,-0.24027966450537994,-0.24153022659331733,0.13785247504335127,-0.4726561930051208,-0.029608803115023438,5985,-0.6848819904012002,0.00045142455819251214,0.7787190728910627,0.18280320662011937,0.16115691486755376,0.25756794947847983,1.3319104557250638,-0.7407121370485034,-0.0009448445996431
-0.3149283281358128,-0.2382877836353446,-0.1291247461617683,-0.2215287485918734,0.1568310002487369,-0.4212511300150774,1.2552621596046782,5986,-0.6867613713128619,-0.03830177854506088,-0.16713357926500183,0.18332040341349956,0.15901801802088444,0.24369198596940528,1.1517547476413401,-0.7510957490284249,-0.0092209481155632
0.22470642481380018,-0.16356971093059014,-0.05038908529933902,-0.02325874144865583,0.13918934195145924,-0.3540943340281216,0.405444548691512,5987,-0.6886382909423966,-0.04457474120518451,-1.0504657658180754,0.18383760020687814,0.11640590622444866,0.2793919005458331,1.004535422376369,-0.7386816588361018,0.0075766619059625
-0.3782508695156491,-0.2283319832312722,-0.14857378807034125,-0.08195170279829012,0.08341347112808922,-0.3907716264159833,0.3062125249762577,5988,-0.6905127584575483,-0.025477900936166305,0.7424136165832318,0.18435479700025834,0.15154503864255006,0.27230713811069157,1.0035652785525468,-0.7267479471679623,-0.0086446797636544
-0.3482268934316043,-0.04208586055661084,0.17132672283654216,0.278457004259123,-0.03305157116729965,-0.25069101272927613,0.7223951264120942,5989,-0.6923847829876993,-0.0397969548164337,-0.9890204001667124,0.1848719937936385,0.11112816760842219,0.2790726807230091,1.0025951347287243,-0.7313139052376866,-0.0116466588641304
0.08294993620623697,-0.09675359322490189,0.07155460917539501,0.22324682525167008,-0.05409661749373446,-0.1928128930845872,-0.16506732048371378,5990,-0.694254373624083,-0.009609364577303898,-1.309445728601293,0.1853891905870185,0.05248935618154418,0.2824326592268448,1.0016249909049035,-0.7079932132640181,0.0007251632768143
0.10611845509306066,-0.02914130751446637,0.15712589029844226,0.10467127192380626,-0.1114417502345372,-0.23424943192809394,-0.2818962605983821,5991,-0.6961215394200012,0.030450109050817017,0.01099100440607579,0.18590638738039866,0.05637770029136825,0.29336266000399086,1.3490334942155198,-0.7150453463281686,0.0215579712838416
-0.18606068151098606,-0.24691054006826352,-0.21077707561795647,-0.2480085314324451,-0.19254947576709813,-0.39078952664540506,-0.380884689303248,5992,-0.6979862893910386,0.03224058636491475,2.2346650210778995,0.18642358417377883,0.16280309603807283,0.2600010702120355,1.0108898644224025,-0.6931210104563459,0.0064432226651467
-0.3405994178962029,-0.29988243312083646,-0.283404965558506,-0.29984541256700037,-0.1664276212005005,-0.4387976467794657,0.40768624561020567,5993,-0.6998486325152694,-0.04463214602818349,0.6213253858893871,0.18694078096715744,0.1951293011264561,0.3003550512142365,1.0099197205985804,-0.7192073426671703,0.0039938918473962
-0.19360221805896644,-0.27526677265497473,-0.2468853790460809,-0.32223152461077526,-0.1682533880348914,-0.41219416840505946,1.1236550602747175,5994,-0.7017085777334646,-0.05876811915113586,0.3598454416871004,0.1874579777605376,0.21666351896802039,0.2832033518704882,1.008949576774758,-0.73814776030488,-0.0072540074451277
-0.01989687789291642,-0.09459047456131228,0.03743119778198874,0.08213372737961444,-0.14951404024194298,-0.29998159149310466,1.1073936156901547,5995,-0.7035661339493078,-0.07110814500657131,-0.8407331447642893,0.18797517455391777,0.18263828018164954,0.2875582537946147,1.0079794329509357,-0.7343675327141845,0.01396582190208
-0.18279900365907492,-0.36990038299346484,-0.3928392615036017,-0.4303731833243435,-0.13516517226938526,-0.4614162389744588,0.7621595844585883,5996,-0.7054213100295957,-0.02482126936730643,1.424036443260418,0.18849237134729793,0.2527879769161383,0.2729663574603107,1.007009289127116,-0.7226223810487954,0.0066833268407176
-0.5093067234942955,-0.45521083353902725,-0.4918665217447475,-0.5493970507171683,0.00843206550299169,-0.5225783279573333,1.8034798643274912,5997,-0.70727411480444,-0.08990073327177209,0.6467816652141671,0.1890095681406781,0.24677178947930117,0.2956041754798993,1.0060391453032937,-0.737233582956703,0.0067428703196612
-0.40775749683296025,-0.48544538788108865,-0.5206102039476114,-0.542670844024425,0.06572491358988755,-0.5611411890227507,2.414706737764302,5998,-0.7091245570674782,-0.08912499802912371,0.6533303637226028,0.1895267649340581,0.27215175592303115,0.26584595838599556,1.0050690014794712,-0.7584324300730289,6.88118739755e-05
-0.5495103343794171,-0.47663846434377444,-0.4970900538700611,-0.6454067949771221,0.28660842988603774,-0.5440935342331447,2.438425798137847,5999,-0.7109726455760621,-0.11843956291219432,-0.05895948823135328,0.1900439617274367,0.30699201481022154,0.28274212654122516,1.0079794329509357,-0.7626169382812068,0.0057912846769494
-0.28025536922207867,-0.4640964563067039,-0.4798852708755394,-0.5605764933707036,0.3330313540071442,-0.5523794192950859,2.666548230513893,6000,-0.7128183890514729,-0.13138189935090913,0.5518247942461696,0.19056115852081687,0.32339206111043545,0.264706794265861,1.007009289127116,-0.7601247927625764,-0.0047887806296335
-0.1811498890335905,-0.4572158224814009,-0.4745568275805189,-0.6258590517073537,0.41151002822218724,-0.5449989959425106,3.2478498679438066,6001,-0.7146617961791021,-0.1359219494655279,-0.5774705097030025,0.19107835531419703,0.3304937495752943,0.2543906624838686,1.0060391453032937,-0.7524046223129139,0.0033224493874841
-0.5129814990550833,-0.47198367368195143,-0.4824448298875917,-0.6601937806193449,0.5339544697517269,-0.5601850931580182,0.7652506124744983,6002,-0.7165028756086633,-0.1378635000559118,0.2882845829450761,0.1915955521075772,0.34824839362436216,0.24850639040091377,1.0050690014794712,-0.7447541486858734,0.0045675138162666
-0.5348678426310376,-0.4790494994765852,-0.48100999731522187,-0.6495006169287425,0.5610441492381206,-0.5618126207729423,1.3642627103492009,6003,-0.7183416359543766,-0.13935320408840943,0.4211803044547814,0.19211274890095736,0.37196084644172067,0.2269712085201329,1.0021585700080045,-0.7460293345647974,0.0015913605037629
-0.5770468854912142,-0.46313944234722354,-0.4509568335695606,-0.5731936778796223,0.6872025961525668,-0.5611787986388113,1.639942124995737,6004,-0.7201780857951626,-0.1387176255627364,0.1035115696926303,0.19262994569433597,0.37972367505773,0.3133393968290437,1.0011884261841848,-0.7389623995752523,0.0053339388698843
-0.5441864848727089,-0.45569821674280303,-0.4332557371194567,-0.43423656270969313,0.7041043731816652,-0.5486383138716254,0.02000330225420603,6005,-0.7220122336748394,-0.10345378705896763,0.5030513847388866,0.19314714248771597,0.41015031464409424,0.23979914401520872,1.0021585700080045,-0.7325875228839198,-0.0049669807298372
-0.1769881163783341,-0.43852290179181314,-0.4185228019568887,-0.3753229586902673,0.7336919233275678,-0.5406155342767446,1.4876428837410938,6006,-0.723844088102307,-0.1428738491091609,-0.5965344404252565,0.19366433928109614,0.3759923035989562,0.23020931215499005,1.0011884261841848,-0.7289253820044947,-0.0028362360812817
-0.17962275357101248,-0.4310298367502994,-0.41511185115972626,-0.3215900308545903,0.7294529758577802,-0.5310490486116584,1.2912202639693782,6007,-0.7256736575517378,-0.1093187499640665,-0.36908135732467956,0.1941815360744763,0.35677544913720155,0.2279508544081275,1.0021585700080045,-0.7250208722756578,0.0023892144338153
-0.12416911233456095,-0.4632947841699519,-0.46464043033860153,-0.4381542553528483,0.7141700859113795,-0.5448245805434654,0.6822241629170277,6008,-0.7275009504627636,-0.08616179367045483,0.18865132284953703,0.19469873286785647,0.3733242496569021,0.20587113786558858,1.0011884261841848,-0.721994478747074,0.0035185294703585
-0.6200417980789072,-0.486887967486628,-0.48187856469349766,-0.5046931862651028,0.7647444687372417,-0.5725437305025255,0.3069342020556675,6009,-0.7293259752406618,-0.10122679251148356,0.309192182522107,0.19521592966123666,0.3929738618799051,0.2068670737368114,1.013800295893867,-0.7154642554166935,-0.0031668834860036
-0.483557435570588,-0.4625613327961808,-0.4452750349405782,-0.43389155088537074,0.7691008966510056,-0.5538357894492405,0.8525571987120009,6010,-0.7311487402565345,-0.1144309458334463,-0.40439561091839066,0.1949831911042156,0.37884182963645824,0.1793865409093773,1.0050690014794712,-0.723556914634258,0.0051058033608055
-0.4562208413973468,-0.5034282726088541,-0.48985082497412846,-0.46200686823929515,0.7446058012945326,-0.5724816173465883,0.5925137502905965,6011,-0.7329692538474954,-0.08227229123904724,0.4785718871124214,0.24471166278769055,0.4021205820665824,0.15362226194506104,1.0040988576556489,-0.7171258345076317,-0.0126432241797862
-0.12402083097796644,-0.4167609443079354,-0.39169931352760856,-0.2501259551662942,0.7231487656371495,-0.5194908759534198,0.9946285511430946,6012,-0.7347875243168491,-0.08407904444170079,-1.415924306477589,0.2854926299456942,0.3326260219200846,0.14586894162611708,1.0031287138318268,-0.7226990774634652,0.0134911110006295
-0.17750989802286887,-0.4860151058377302,-0.4849253570012206,-0.43714585498447595,0.6885563820336836,-0.5732073894623766,0.4485541921753603,6013,-0.7366035599342736,-0.045407761912555446,1.3735598829060316,0.2860098267390744,0.4039209163724923,0.12383634430763302,1.0011884261841848,-0.7082148241928944,0.0001692144815794
-0.5598349160781979,-0.510785688586678,-0.5050622248434705,-0.45366646889002016,0.7553407073848687,-0.5648452551647833,0.4752007665560749,6014,-0.7384173689359885,-0.07337529507930358,-0.04837147525302823,0.2865270235324545,0.4081584206428808,0.14689765846241915,1.0050690014794712,-0.7181950492980278,-0.0020302281580256
-0.3991870844262344,-0.48970878813567503,-0.4765532986081581,-0.4086939017278278,0.7565662921448131,-0.5527090089856848,0.6448348519624286,6015,-0.7402289595249426,-0.08722812541204292,-0.2831356446827013,0.28704422032583454,0.39556068595255794,0.16675561329453525,1.0040988576556489,-0.7121521537801593,0.0080244122976616
-0.40993715659745006,-0.5094826753076854,-0.4965031580138475,-0.4928135033779347,0.7546646718629844,-0.5554950034409021,0.08036141611313209,6016,-0.7420383398709818,-0.0748429736015017,0.7900552452242978,0.28756141711921385,0.43888658617014314,0.14358279607813007,1.0031287138318268,-0.7065782237837926,0.0049893487422616
-0.28806154702258197,-0.5190401509312674,-0.5096318915060775,-0.4516886478944694,0.7167012717720743,-0.550947905611812,0.948123194825613,6017,-0.7438455181110244,-0.12651730974883732,0.46603416565549916,0.2888285492629945,0.46543635295443003,0.16436281426193414,1.0021585700080045,-0.698385321322935,0.0043509786326545
-0.6503808408295685,-0.5305761618230768,-0.5126401693378649,-0.46271703789848284,0.7655104103576279,-0.556046504954394,1.6446565095057584,6018,-0.7456505023492314,-0.13430746552907755,0.3978957992021016,0.28934574605637464,0.48864284643914674,0.1787717708445145,1.0031287138318268,-0.6939144491377014,-0.0034990280920623
-0.3502689590894074,-0.4666053280384103,-0.43650612146141343,-0.42097481237904255,0.8291150435365735,-0.5454195002463132,1.508660075130039,6019,-0.7474533006571799,-0.14570556591869133,-0.43997683442118996,0.28986294284975483,0.46836501451163953,0.17927061672196457,1.0031287138318268,-0.6934117714673751,-0.0021736705489154
-0.1695349321460906,-0.44573097339557194,-0.418766075080362,-0.34759446206686523,0.8280826566716163,-0.5207107257327681,1.9887315613104566,6020,-0.7492539210740291,-0.12282344435900708,-0.29851078424490574,0.2903801396431334,0.45726698181269365,0.16530199886771071,1.0108898644224025,-0.6946986412213727,-0.0031279674189819
-0.011367503146057311,-0.4442386540775583,-0.4330110312624755,-0.463853333558813,0.8408924407670683,-0.5392528844166898,0.14668976218996976,6021,-0.7510523716066889,-0.11494298550149824,-0.40041375350038655,0.29089733643651344,0.4405346199879062,0.15459326442314617,1.0099197205985804,-0.6894506806214087,0.0080685828600919
-0.5043599958109064,-0.49463933769851276,-0.48722929507225654,-0.5639115915231445,0.758694538974482,-0.5733503982833769,0.030114879426913075,6022,-0.752848660229988,-0.0865936546047318,0.7946839405300787,0.2914145332298936,0.48454611572159567,0.16633957660804502,1.008949576774758,-0.6964202912869863,0.0050025017038495
-0.6634912433686291,-0.5213667227651756,-0.5074522077212363,-0.7479205015203844,0.7538561371889089,-0.5732860443139267,0.8610367505464195,6023,-0.7546427948868353,-0.12159915260901334,0.46743808683403837,0.29193173002327377,0.511250324892202,0.20393705217569316,1.0079794329509357,-0.7103380930200601,-0.0009955206563256
-0.5868239274472942,-0.4838437708134737,-0.4550712994805322,-0.7672568305453427,0.7928346772630981,-0.5780940724256824,1.467562417742405,6024,-0.7564347834883822,-0.1260865322168293,-0.1727789900977504,0.2924489268166539,0.5040312424711648,0.2139085149576885,1.007009289127116,-0.7151969331437029,0.0002768090470575
-0.6185409714369298,-0.48150912355106795,-0.4438990428273795,-0.6926409515145914,0.7948678298472045,-0.5681582731380294,1.5997564047097532,6025,-0.7582246339141888,-0.11887577995731922,-0.036929823464560446,0.2929661236100341,0.504228378623468,0.2055160421285676,1.0050690014794712,-0.7160994494070136,0.0024352445650699
-0.6626407950859493,-0.46890238774739085,-0.4202599816566595,-0.7508347818347494,0.8406961125250635,-0.5635069961698628,1.1071284321014454,6026,-0.7600123540123837,-0.1334254761368115,0.1934357249402102,0.2934833204034127,0.5175234919130228,0.20465167870331755,1.0031287138318268,-0.7146366294762192,-0.0006625435971555
-0.6241120526649335,-0.41844737256706566,-0.40223495546206167,-0.6767410829758562,0.8591719020157337,-0.5307753531382405,1.1953183195554793,6027,-0.7617979515998182,-0.12360885671130795,-0.1371944720392785,0.2940005171967929,0.513254265283585,0.19691635154687917,1.0011884261841848,-0.7113006047184015,-0.0025966852111907
-0.43066453568143515,-0.41751983702454404,-0.3689874586789755,-0.6442092947359064,0.8705762651714705,-0.5181352628401111,1.354781651504272,6028,-0.7635814344622276,-0.1187945277433155,-0.3436197550680345,0.29451771399017307,0.4983019425257111,0.19381821104864042,1.0011884261841848,-0.7084721460490694,-0.0043206118769626
-0.3842643786856517,-0.3972019252303003,-0.3233359628975029,-0.6083797370091268,0.8454059646002173,-0.5187452887410999,0.871590489115302,6029,-0.7653628103543862,-0.08248222227059962,-0.5276066855587809,0.29503491078355304,0.48091549091329805,0.20966498101325032,0.9979869515655727,-0.7083938457353427,-0.0001112655505841
-0.012769112895164513,-0.36874405306627694,-0.28746236718207274,-0.664822011282547,0.8006061758196428,-0.5055042723017424,-0.13790557369133968,6030,-0.7671420870002656,-0.023852401961735555,-0.07824497903285459,0.29555210757693323,0.4738640708999774,0.23888549212547508,0.9948339841381512,-0.7038469056005314,-0.004395482069387
-0.3028408065117678,-0.3525483443891951,-0.27392281704240584,-0.6442135568728796,0.7846850289089717,-0.49152542205828076,-0.039736991268876934,6031,-0.7689192720931814,-0.03460808304808736,-0.5355765804892996,0.29606930437031337,0.450007748218501,0.24826076313358578,0.9938638403143287,-0.704722862432114,0.0111769307579126
-0.41463772745348226,-0.40933281892661466,-0.3598436409632685,-0.8769761472388623,0.7404901991556764,-0.5331704163149589,-0.10242075692939186,6032,-0.7706943732959517,-0.02869245845059404,1.1265488480151482,0.296586501163692,0.5120994375105365,0.24018303094059015,0.9923601173874043,-0.703078319124895,0.0025422790465461
-0.5450552178183341,-0.4294993584118824,-0.3800349283731299,-0.8582303223551255,0.7177446022929443,-0.5340201817118886,0.6566081512895626,6033,-0.7724673982410434,-0.07044394412593874,0.2049031543145753,0.29710369795707214,0.5227898000201623,0.24832515372576414,0.9877519342242493,-0.7119143422618242,-0.0035832414040598
-0.5080185398178452,-0.4000279886751279,-0.3378879323011028,-0.8181272806303663,0.6892332695563232,-0.5119126534128772,0.799128338007283,6034,-0.7742383545307227,-0.08206110618321594,-0.4489012155838639,0.29762089475045234,0.505591905129614,0.23138564360718583,0.9841624020761094,-0.7187325074962794,-0.0112309814819429
-0.17118149841009253,-0.3329104229765911,-0.2031678445036611,-0.5755302676338508,0.6805869141596887,-0.47959670658385134,0.27203652377807946,6035,-0.776007249737207,-0.06764880243481879,-1.2652702896622745,0.2981380915438325,0.44325092074034306,0.2391743097065871,0.9846959811792102,-0.7135229159975365,-0.003301253593264
-0.22358812572896855,-0.3069220182026219,-0.19661895897341597,-0.6261085655503952,0.6251463208535619,-0.46241114911373427,-0.19218600222841672,6036,-0.7777740914028036,-0.013137031658655728,-0.4188667744866017,0.2986552883372125,0.4227271493970999,0.23853580450094364,0.9837258373553908,-0.694174169994926,-0.0001122774530506
-0.2642707427695343,-0.2907001772267378,-0.1775086091747421,-0.6071774078956174,0.650094587841319,-0.4487091206881225,-0.32578475326741024,6037,-0.7795388870400612,8.250226359392249e-05,-0.07848175084140142,0.29917248513059264,0.4225940843110109,0.22170018107593473,0.9817855497077459,-0.6905834771499882,0.0062096458003551
-0.4979384008348582,-0.25217926519451483,-0.1438342907735668,-0.5490696749023748,0.6026288074412189,-0.4376944798271062,-0.10262462287830088,6038,-0.7813016441319123,0.0005679902162552007,0.5963294703535316,0.2996896819239713,0.4578601855522101,0.20858864405250852,0.9759646867648146,-0.687850172210364,-0.0031582001011768
-0.45881920025607437,-0.23936301102799917,-0.12086055802416053,-0.5978610419189984,0.5563652792127732,-0.4143209134677412,0.4238296216532463,6039,-0.7830623701318142,-0.04226632245258511,-0.4035759251393767,0.3002068787173514,0.4408137018648444,0.22626600126800697,0.9749945429409922,-0.6827956623259783,0.017072487428003
-0.011998227533155562,-0.40479201403206383,-0.4193584102900688,-0.9880024555873723,0.5307859655791256,-0.5252918443445093,0.146517829042785,6040,-0.7848210724638918,-0.04735819471048165,1.755807761098472,0.3007240755107316,0.5308787635890065,0.21166850075523105,0.9740243991171698,-0.6864971974785963,-0.0011557505775222
-0.4558880667252267,-0.3801155181225419,-0.3776055359845384,-0.9367161261754213,0.5789542987861717,-0.5030988999866232,1.1283042008400832,6041,-0.7865777585230789,-0.13621917707670114,-0.18983841238022528,0.30124127230411174,0.5273476388457169,0.22834422317909248,0.9730542552933477,-0.7059397635390926,0.0058168522320585
-0.5952890163067742,-0.40437060322089263,-0.3972921344746995,-0.9756568120794222,0.6127018709085439,-0.5223501023995484,0.8594191019950577,6042,-0.788332435675249,-0.11910529977159252,0.5543818578296457,0.30175846909749193,0.5542145832566461,0.24747079976344438,0.9720841114695282,-0.6966670381303844,0.0053425858911107
-0.6326883706214417,-0.4554614231934129,-0.4500287589347222,-1.0806417236625825,0.6858984949767536,-0.5578495051184668,1.9199680231774476,6043,-0.7900851112573665,-0.10147709577492821,0.5038023839077926,0.3022756658908721,0.5840778560657455,0.27118256873894203,0.9701438238218834,-0.69826670607048,0.0021914207096036
-0.8335521533440384,-0.49352791740703883,-0.48188695436256884,-1.1506039571002125,0.7490496291490093,-0.5778638610991652,2.5834246121960964,6044,-0.7918357925776074,-0.14683493011041165,0.1674320492409172,0.30279286268425054,0.600703500376347,0.2640694870892771,0.966263248526597,-0.7059717488492059,0.0050565794651993
-0.7785760443006803,-0.5033371470626682,-0.48138021417139987,-1.1650867575910295,0.8934954424311381,-0.592693909801897,2.1429843033396865,6045,-0.793584486915504,-0.15776545635621023,0.47323184216761155,0.3033100594776307,0.5932219604365762,0.27063705928777804,0.9652931047027745,-0.7181132834439716,-5.43907576899e-05
-0.651768645144483,-0.49388750485745814,-0.46167121103141473,-1.1307671148997673,0.9355449235672771,-0.5957101435629543,2.6348482107346047,6046,-0.7953312015220746,-0.17540469818107,-0.07228143740379785,0.30382725627101087,0.6147071764679067,0.2738855568916729,0.9643229608789521,-0.7165080306607621,-0.0001359842905135
-0.7252251773204738,-0.4177304183243527,-0.3588555754166696,-0.8950171637220912,0.9359165087458129,-0.536748547121714,1.6647081363440903,6047,-0.7970759436199557,-0.16226801108492783,-0.08099057017190879,0.304344453064391,0.6256192313509722,0.2873923390142795,0.964759525599672,-0.7111295374035901,0.0047328909325254
-0.6029371987919635,-0.4062293829924344,-0.3381330569933387,-0.8043896178928603,0.953691527654237,-0.5360745120911298,1.086814497282962,6048,-0.7988187204035333,-0.17546371332728672,0.4387035683388788,0.3048616498577712,0.6271682476126322,0.2644975863391043,0.8970919938880949,-0.7037688922437982,-0.0095836269456857
-0.2613786809735554,-0.37062294242590704,-0.29733091289916236,-0.8465542176723395,0.8828252918091517,-0.49927558154572993,1.8739095013402323,6049,-0.8005595390390705,-0.17515037774908,-1.0894349155103544,0.3053788466511514,0.5959817714504617,0.24805683668107617,0.7182944871577225,-0.7074697956522856,-0.0001913400534899
-0.4268205914506961,-0.4023106168828407,-0.3383314558999906,-0.8322388767900021,0.8333035449026694,-0.5111197012765754,0.08226429999104846,6050,-0.8022984066648358,-0.1315902160974991,-0.08689913513481852,0.30589604344453,0.5935598538225104,0.19223823207752996,0.6164778928476169,-0.6971047514496637,-0.0028706567477251
-0.3522684148910283,-0.4161342789739542,-0.3580878226393184,-0.8987727937962984,0.7794811937617667,-0.5303417690124493,0.15288864374637817,6051,-0.8040353303912348,-0.1412521994692401,-0.37290571645231385,0.30641324023791017,0.5786346763432514,0.16455972562547044,0.61444059081759,-0.6972630943697968,0.0061416975439723
-0.5408020711442576,-0.45867106795866225,-0.40674730182467217,-0.928197544249787,0.7472965795370297,-0.5597628769648716,0.5249586941084138,6052,-0.8057703173009249,-0.12377416354342086,0.5891411891478788,0.30693043703129014,0.6125551512221066,0.16185545424151815,0.6088622638306144,-0.7024532989354259,0.0002180076904558
-0.32797842380318715,-0.46136220527951677,-0.41312016010234465,-0.9647953598973297,0.7499154681548386,-0.5678230362076226,0.6484701323012577,6053,-0.8075033744489517,-0.19098828575307572,-0.04309900270402826,0.30744763382467033,0.610388880468073,0.16834010463990787,0.6048361669617541,-0.7099478289530777,0.0006538798551909
-0.4835852900205337,-0.45918046244444194,-0.4077396926159355,-1.0152871729813435,0.699174614100301,-0.5669260506747887,0.7985767045387677,6054,-0.8092345088628641,-0.1643872815280926,0.0034467342405287205,0.30796483061805047,0.6111589331392212,0.14706603395764847,0.6038660231379317,-0.7091058568460834,0.0027227185115148
-0.4295534723880374,-0.5098147134184281,-0.46702206025915927,-1.0423180296595873,0.688965245027599,-0.5917822229800662,1.2853634859328564,6055,-0.8109637275428354,-0.1557024605044017,0.22424889033899417,0.30848202741143066,0.6234265601423518,0.15372127308538977,0.6014891707695671,-0.702286295345463,-0.0133322476349598
-0.19579690483047815,-0.430921779411836,-0.38131266222961946,-0.7475446836851954,0.6832787616249094,-0.5145673990080948,1.177765771514785,6056,-0.8126910374617901,-0.17962711746133295,-1.4894265312102393,0.30899922420480924,0.5498034615166095,0.14540460391804705,0.6005190269457447,-0.7039918304516067,0.0109255027612591
-0.3403560915307054,-0.4987070014925404,-0.4652159736783554,-0.8823720043656419,0.646420434179221,-0.5497787599344203,0.7247132883207537,6057,-0.8144164455655126,-0.09020657459826781,1.099841106437975,0.30951642099818943,0.6105879041139889,0.14156348972581567,0.5995488831219251,-0.6917016796081882,0.0053901020449944
-0.4865525328499678,-0.49794243692594065,-0.461102413175698,-0.8834350282003567,0.660946692614571,-0.5512097126459342,0.4136858661521025,6058,-0.8161399587727777,-0.15313187273873816,0.5089817496129985,0.31003361779156957,0.6394394095200886,0.14477659940331866,0.5985787392981027,-0.693899103788733,-0.0012996855842437
-0.4890968096168932,-0.480052547964291,-0.43709820307637326,-0.8824376164086002,0.6940091688960017,-0.5335336970261574,1.6538179476815789,6059,-0.8178615839754549,-0.143853368849219,-0.20509458952588977,0.3105508145849496,0.6129917266698288,0.16605603449467685,0.5976085954742805,-0.6878744398496378,-0.004256588356544
-0.5582969090952848,-0.4854073699156751,-0.43878563730500564,-0.8009679447162472,0.6975087994393399,-0.5371544075531652,1.1029615655072766,6060,-0.8195813280386295,-0.1259785659488358,-0.5206869578505441,0.31106801137832973,0.5890157058205016,0.16004332546719602,0.591787732531349,-0.6846280845492777,0.0029678436180595
-0.2845367429267643,-0.45505459095379514,-0.4073075390247574,-0.8115964994229614,0.6811037909968485,-0.5370068345302438,0.9690258705130629,6061,-0.8212991978007153,-0.13937319447422417,0.25043466249937474,0.3115852081717099,0.6031639228291045,0.1698977384571778,0.5908175887075267,-0.6779777189225429,0.0006515367088324
-0.5037989014106737,-0.4562416701733553,-0.405593208915775,-0.8385321376095212,0.7071432437056471,-0.5471301914167985,1.428611305880081,6062,-0.823015200073569,-0.14918288553706507,0.0031750296758723717,0.3121024049650885,0.6045405726566576,0.17380330770544913,0.5898474448837043,-0.6794101260764187,-0.0081931631749709
-0.23959294978561796,-0.39171422848428544,-0.33108070118042776,-0.7673786394755302,0.7004857833837531,-0.5088596039858029,1.090622850687647,6063,-0.8247293416425968,-0.08651401719598546,-0.940869189932617,0.3126196017584687,0.551216733780422,0.20565834145316741,0.5888773010598849,-0.6895520264149754,-0.021335959799566
0.022398363625432596,-0.24513032540293128,-0.1311987377613934,-0.560976941631539,0.6545451732941355,-0.4182387786084656,0.2476519856596685,6064,-0.8264627995822226,-0.026019774047263626,-2.343726982080525,0.31313679855184884,0.4302627011252494,0.20723318571670094,0.5879071572360625,-0.6822027837193292,-0.0049192235575524
0.2520178407366439,-0.18520872148797188,-0.0706228967870265,-0.4607458009472204,0.5143030671760416,-0.37900852102819915,-0.3822780497807335,6065,-0.8281944532552482,0.00034952063755763904,-0.5914797139700212,0.31365399534522903,0.422653963599751,0.21302031916154326,0.5588028425214058,-0.678622302141787,0.0059547216968216
-0.2167612639988158,-0.2511218248310499,-0.2041422430194255,-0.3783246896171247,0.4319555041059434,-0.37900852102819915,-0.47110798528660186,6066,-0.8299243098952888,0.026018224366543337,0.5691621542484697,0.3141711921386092,0.4346129800271584,0.18225692036289529,0.5588028425214058,-0.663980832629137,-0.0096051823113637
0.4333741759475238,-0.1425430986338948,-0.0519359904265784,-0.3417875162134917,0.4598458092361131,-0.34500979222095796,-0.37379894509790657,6067,-0.8316523767131505,0.04311088999386934,-1.091649709318347,0.3146883889319892,0.4145788558847946,0.20836322334681134,0.5820862942931312,-0.666459638150518,0.0106005072251876
-0.2787392532948254,-0.1425430986338948,-0.0519359904265784,-0.33813963522164553,0.4084714751281716,-0.33536259397335244,-0.41834853692007196,6068,-0.833378660896971,0.0590523607154583,1.0650869186695242,0.3152055857253678,0.4376666719775921,0.22231346791025108,0.5801460066454863,-0.6512089091004899,-0.0058583942234903
0.12920739645730042,-0.11406978327027596,0.005094089257763717,-0.2696641503557682,0.2780160860745081,-0.3308328723748602,-0.04605870199810524,6069,-0.8351031696123625,0.06140019049946161,-0.6915961752075269,0.31572278251874797,0.40087240338672125,0.22098777597183022,0.5937280201789938,-0.651079399091698,-0.022505331621921
0.4333741759475238,-0.08056102211737079,0.07057668331599352,-0.08389137576187554,0.1679315746144061,-0.30152750362580677,-0.1617828276332629,6070,-0.8368259100025678,0.07896309220048635,-2.468479042399842,0.31623997931212816,0.38696789905533135,0.20046628241207148,0.591787732531349,-0.6459612842283656,0.0069759428312292
0.18605262142539306,-0.022756992951471062,0.052427112683860924,-0.04997831134114146,0.06416718828996681,-0.2374003100865837,-0.27742116630840985,6071,-0.7891211396872019,0.11234243700412143,0.6782728691537037,0.3160072407551071,0.312962760362175,0.18570215350450464,0.5859668695884177,-0.6376292978331739,-0.0012258746766047
0.488716778506595,0.03499298658537999,0.11941063485123365,0.11595859663381423,-0.04248130268149106,-0.1610149456612201,-0.45490640593687626,6072,0.6847121063336432,0.20758639756297093,-0.19728054048796415,0.36801137832945374,0.30101402920201464,0.2058639193453638,0.5849967257645954,-0.6178156445185116,0.0131871896888276
-0.34288708255276407,-0.15057581236879908,-0.18843049765965178,-0.248219819359569,-0.09266329138889,-0.2980819295195838,-0.42824373681733924,6073,1.8861121418091045,0.21960511193168505,1.341119921502919,0.41065425394362526,0.36804816582831795,0.2089414888224727,0.584026581940773,-0.6010303316213355,0.0123957628988316
-0.18743316230520365,-0.2826113276781708,-0.38100627840484,-0.5525890327547678,-0.1711920913431325,-0.4034905540710322,-0.2598705544300675,6074,1.8861121418091045,0.17234551844916293,1.2566018069319826,0.41117145073700545,0.4405048562348554,0.22096634272495788,0.5830564381169536,-0.6141386409482862,0.0018365987022954
-0.48137289143089246,-0.28401762686278137,-0.3620305667684362,-0.6370967398342577,-0.19955361804872615,-0.404280883013319,0.023796883603668075,6075,1.8861121418091045,0.13369304824220427,0.12947306457879146,0.41168864753038564,0.4478609002988223,0.2601215307461527,0.5820862942931312,-0.6367362717574123,0.0109438361723337
-0.3513396785300536,-0.3345934086571726,-0.4186765499810553,-0.7173673714528997,-0.1851376218843286,-0.44522365132663594,-0.07419588884104529,6076,1.8861121418091045,0.12819348403011657,1.101668791678791,0.4122058443237656,0.5085903656734394,0.2477538845360456,0.5588028425214058,-0.6353919249839858,0.0004945598019294
-0.2545195861240839,-0.3482283115081041,-0.4278379420109834,-0.6529161933311792,-0.11442879627949482,-0.4517910410864007,0.18292230493398626,6077,1.8861121418091045,0.09007971597729662,-0.013623155687987928,0.4127230411171449,0.5053611473634932,0.25862160336866596,0.5507991559748744,-0.6471563043255121,0.0051628493361053
-0.45644580172728144,-0.35847046683273937,-0.4257428209336591,-0.6772122529970674,0.03477121024030709,-0.46201676265536196,0.32462738556895504,6078,1.822636233441736,0.09510636912677184,0.484660862005155,0.4139901732609256,0.5368257717282129,0.2650980539561396,0.5437171060609737,-0.6448650615352628,0.0055188244798583
-0.35206188988140963,-0.39673535787491415,-0.46525756172718874,-0.7066028520585581,0.10679264956516583,-0.4853884093265836,0.6173358254943583,6079,1.8114776300516335,0.05955293442420657,0.5227641083571894,0.41450737005430577,0.5628299225437365,0.27295745387242454,0.5427469622371527,-0.6466788813380737,0.0011955224241906
-0.44167809683627096,-0.3755426463637522,-0.42482497378368966,-0.6939532436882442,0.20568337060700392,-0.48099223481094355,0.7588166773235956,6080,1.8004008065487804,0.026272327017997785,0.061346577194729836,0.4150245668476859,0.5674333312965841,0.28296699105407974,0.5417768184133318,-0.6465526427882935,-0.0066217981501641
-0.2394763544910303,-0.2636580608365797,-0.26506066577308623,-0.4241320124319668,0.2773757349995916,-0.4022422405222568,1.3618398752793062,6081,1.7894047484982254,0.02969011890362916,-0.7730804046926404,0.41554176364106454,0.5281311415738714,0.27846269932233486,0.5442506851640759,-0.6546580120282222,0.0059009946193395
-0.2692511162795633,-0.31154768265540994,-0.3289311109427935,-0.6458228791712327,0.38325247289200304,-0.44317212142602586,0.8189076537542596,6082,1.7784884591694068,0.07590965427803154,0.5634490337067009,0.4160589604344445,0.5525704995829255,0.3451045952082872,0.5432805413402535,-0.6376212091706872,-0.0011406845397362
-0.3379131273332523,-0.31849095716182596,-0.3315371728278772,-0.6833675159686564,0.4199279581777125,-0.4483582799814656,0.5605798675207235,6083,1.7676509591412568,0.030428037599557353,-0.18816591155391224,0.4165761572278247,0.539889484461616,0.3423478348219129,0.5423103975164342,-0.6423618939295855,0.0055467947179563
-0.3283403508176163,-0.348577064591997,-0.3666664242942458,-0.6750244683837685,0.46556118041392575,-0.45788372560468,0.9775080641652713,6084,1.756891285918011,0.06837798024932043,0.5256852147390603,0.41709335402120484,0.5734983457530588,0.33350639633268764,0.5413402536926117,-0.6397804538228192,-0.0003785630267946
-0.17880454655005698,-0.3861556119533691,-0.417296539202583,-0.6277086524159688,0.4965554965059563,-0.45722987343055144,1.5978538695944506,6085,1.7462084935555486,0.051638066780028184,-0.10677578445748372,0.41761055081458504,0.5639409421796393,0.3411581919597787,0.5432805413402535,-0.6365978510314172,5.41009130046e-05
-0.2220345250091162,-0.3392133181791408,-0.3538393233521315,-0.5985352525205181,0.5006634982477803,-0.4267569334744919,0.5221107896106515,6086,1.7356016522975803,0.07836623789969445,-0.060615690602441076,0.41812774760796523,0.5624519144126715,0.3250886086036552,0.5423103975164342,-0.6363716552674924,0.005247498062574
-0.19140533891992012,-0.3598548204297331,-0.382142727989391,-0.6928310495203606,0.5256258062139006,-0.44659727999155613,0.9035132499924056,6087,1.7250698482217492,0.09444981334959406,0.4937172782973409,0.4186449444013438,0.589363690494613,0.3278277755724036,0.5413402536926117,-0.6243184247181821,0.0025293294007755
-0.026539066719052425,-0.3620314065041441,-0.3938179188333931,-0.6434953693219728,0.5349458940389573,-0.43363107365088815,0.6009363563613775,6088,1.71461218289505,0.03920148422330539,0.2036069180766003,0.41916214119472395,0.6038172951235314,0.31590886714450106,0.5335791031020356,-0.6199625654084495,-0.0070320466065093
0.017829201578235112,-0.22522088098214924,-0.20945169296832553,-0.34153158987736987,0.598998853609341,-0.35155868692935777,1.3637923058528667,6089,1.7042277730384052,0.010841454786905394,-0.8169982791321796,0.41967933798810414,0.5593373281000615,0.32805668622880446,0.5083553636826684,-0.6139763489441823,0.014055573687332
-0.31240099755078493,-0.3540719696840715,-0.38674745236271796,-0.6154678303362275,0.5558621137693969,-0.4404142820499864,0.0931705179845712,6090,1.693915750200181,0.050708293029956185,1.4338527202923075,0.4201965347814841,0.6450136403445192,0.3776062650257452,0.512235938977955,-0.597258356272961,0.0009062798416279
-0.3803945904125022,-0.36767705256420546,-0.39613518870194386,-0.6625235354969874,0.5914000278176148,-0.4338948568232022,2.0975848270356336,6091,1.6836752604380758,-0.028777210115945875,0.03032302932128548,0.4207137315748643,0.6424167019285209,0.357812963484001,0.507385219858846,-0.6102605363473823,0.0022902792978525
-0.45346038530208316,-0.34521551697807146,-0.35599580304934264,-0.6064085367981444,0.5885607204973562,-0.4288541278551904,1.0580968811990286,6092,1.6735054640095337,-0.032963951069554506,0.17802679989736972,0.4212309283682445,0.6501051434784609,0.323366973798481,0.5064150760350237,-0.6081150509282884,0.0004251254229079
-0.1795619854544254,-0.35140527029351565,-0.365746723494104,-0.5953841112823848,0.6057373962099695,-0.42531388408331877,1.7038517558179154,6093,1.6634055350701054,-0.04342660085319633,-0.021034444360546484,0.4217481251616231,0.6509556407974972,0.33323737556626065,0.507385219858846,-0.6090728385594159,-0.0005311803116588
-0.35767418423406,-0.3445519980465895,-0.3502984801850335,-0.5616427635912942,0.6075442310060964,-0.4173334297492656,1.259013535412078,6094,1.6533746613795801,-0.038718408450557434,-0.12310863236333854,0.42226532195500327,0.6457169471890264,0.3454965968500934,0.5064150760350237,-0.6023576194487212,-0.0049426025061
-0.16303693418986726,-0.30301833577234377,-0.2956422362046521,-0.49100979029108194,0.6316702400470413,-0.389031989663106,0.7969788018268944,6095,1.6434120440158086,-0.05678228647854045,-0.5939323569042868,0.4227825187483834,0.6135356445881791,0.3157506185723695,0.48895248720622964,-0.600166298671226,0.0002670515611786
-0.08416524436442145,-0.32474186373430036,-0.3319195937736398,-0.5292147835994788,0.6147255216587801,-0.40792162172900664,0.299606445133859,6096,1.6335168970957292,-0.05100154587983859,-0.03788575841514126,0.4232997155417636,0.6126371181881309,0.3107340328588511,0.48798234338240737,-0.5925061138665202,-0.0112131567342043
0.14274438553228214,-0.20506709484333713,-0.17649159951705615,-0.2835610114822005,0.579353989672533,-0.33105745538163794,-0.19771671161407403,6097,1.6236884475036077,-0.033698541908143434,-1.2632605496527676,0.42381691233514357,0.5426607878573172,0.28934391079401744,0.487012199558585,-0.5902381128620704,-0.0028080789120652
0.13440461866010597,-0.09569311903336924,-0.01632256425460345,-0.1480842007342054,0.5188527268245711,-0.2723966037626036,-0.047239798847265826,6098,1.6139259346261514,0.010147065506456629,-0.3661191201038103,0.42433410912852376,0.5243839523850835,0.2806785857634915,0.48604205573476256,-0.5810939239725077,0.0090436480854112
-0.2366096414515366,-0.24351374421395144,-0.24627481997877884,-0.40349009168552674,0.45476720692616573,-0.3618540425971464,-0.21615771483050328,6099,1.6042286100943104,0.01862788993359759,0.8988896664754059,0.42485130592190234,0.5770974494731673,0.303700018772254,0.48507191191094307,-0.5749410315335607,0.0071378735978093
-0.2689206187051639,-0.31896947014926624,-0.3483648730973267,-0.5202522661942974,0.4436712782801545,-0.4003204760956799,0.36049429731044086,6100,1.5945957375316258,-0.022252580807810066,0.6954710563940578,0.42536850271528254,0.6161509849761694,0.27188919478122636,0.48798234338240737,-0.5904576645562575,-0.0053287863950964
-0.09420412829266138,-0.2773705888194382,-0.2923811113962013,-0.4760558689029382,0.44987571909062596,-0.3828766937287288,0.6263251872356056,6101,1.5850265923087847,-0.05031467074792491,-0.6351956434759348,0.4258856995086627,0.5722635989958016,0.29556218180591576,0.487012199558585,-0.5934211090234812,0.0058234223707005
-0.14940279264262676,-0.31758269690309016,-0.3490885459117392,-0.549594359926706,0.4128141137339761,-0.41996096878491984,0.33266138460622485,6102,1.5755204613044635,-0.03995538006509636,0.5551475231376397,0.42640289630204287,0.6048142472438088,0.2935241565732011,0.48604205573476256,-0.5888906795604549,-0.0038625735870349
-0.00726974354300415,-0.2842019449936061,-0.3094181965011786,-0.4279776814305533,0.445006757538002,-0.39599527843282484,0.1811575621947172,6103,1.5660766426718609,-0.05405156242515511,-0.47871658187270744,0.426920093095423,0.5854216454489168,0.2836095336635641,0.48507191191094307,-0.5913241344142656,-0.0041353384263526
0.10289241002735451,-0.2774679572975712,-0.3130027039717899,-0.3819770128959866,0.4535965120974845,-0.4011055680040474,1.104259308133348,6104,1.5566944456112985,-0.038184143507986226,-0.5078093611085088,0.4274372898888032,0.5552805869616955,0.29097299303130125,0.48216148043947593,-0.584833288865361,0.0047457263364172
-0.19290591693039577,-0.3495988318742298,-0.40884248837809173,-0.4790710018069138,0.4348637722250851,-0.441756117411591,-0.10461810888370279,6105,1.5473731901481964,0.0161069319252039,0.440137975702754,0.42795448668218317,0.5785423758946378,0.2929272496195854,0.48119133661565355,-0.58249310759323,-0.0071923139145568
-0.11387530437967841,-0.2871090891326643,-0.3231323975503787,-0.28971063075570064,0.4213268859753274,-0.40120870953049215,0.019486045151151998,6106,1.5381122069165527,-0.014129088931754236,-0.8341048955008066,0.4284716834755618,0.5363999584813677,0.29731568571932243,0.47828090514418936,-0.5789874802382168,-0.0021084499147312
0.1389914904398029,-0.30756436021299605,-0.3793715902217678,-0.28221341091399715,0.33962717109493484,-0.4157439096384287,0.054661678650879085,6107,1.5289108369477467,0.02319178288199813,-0.2914421007942631,0.42898888026894194,0.5236385919454132,0.3016813160671142,0.4773107613203669,-0.5707594535301016,0.0049301115800735
-0.27997476917615116,-0.3212054436756436,-0.3882671460352907,-0.3468670889472587,0.3140995331585814,-0.444741183141393,-0.25677114778819105,6108,1.5197684314644282,0.044724858414468105,0.45988327461838036,0.42950607706232213,0.5480081821121197,0.3311045889148806,0.4753704736727222,-0.5718133038343127,0.0081945119151574
-0.3194223398729667,-0.3565573333292925,-0.4252531491503945,-0.4897341394183927,0.27897588828717407,-0.4715123558317428,-0.0259643001106178,6109,1.510684351679371,0.020487022313834622,0.8082973263225468,0.4300232738557023,0.5910687631740565,0.3365453514859054,0.4762436031141624,-0.5730110469319186,0.0066306610998994
-0.4438066863703093,-0.408821339095776,-0.4784577511319063,-0.6107885576579342,0.30572890545066855,-0.46537947222956455,0.5425838485579171,6110,1.5016579685992542,-0.045629697530351544,0.6413965764008885,0.43054047064908246,0.6292654562838179,0.32817332554984174,0.3862627634546834,-0.5805897364004551,0.0033466137287541
-0.3922824125341851,-0.4088722274801885,-0.4678985006582591,-0.5795170319264411,0.32050521427313294,-0.49576229731016336,0.8442261936349568,6111,1.4926886628330305,-0.0672645430993813,0.29084223532961595,0.4310576674424611,0.6437643337528569,0.2906298250440613,0.31282287599136777,-0.5870023659440015,-0.001323591699046
-0.3920259462578385,-0.3892173229790064,-0.43352462644979195,-0.7148524933975092,0.38934705506901424,-0.5112317887362774,0.994550776108546,6112,1.483775824404972,-0.11599057002994662,-0.20756029765906922,0.43157486423584107,0.6351429570258006,0.27290916379196317,0.5423103975164342,-0.5820937026166969,-0.0118220854924972
0.20743712518373678,-0.34858191332393335,-0.4023477301336076,-0.6522044168827046,0.41454747759782046,-0.4772612063590792,0.709162364676005,6113,1.4749188525720909,-0.09571116166275453,-1.3281488191786253,0.43209206102922126,0.5604643333463174,0.29887783922639893,0.541873832795714,-0.5855947154307372,-0.0110515023849802
0.15030470202424548,-0.23887448996900715,-0.2641849040556106,-0.45333736255966445,0.4334904671875739,-0.40872089841599896,0.8774631077504973,6114,1.4661171556459,-0.07298317423475398,-1.2459198998333867,0.4326092578226014,0.497199772870348,0.3114736591236321,0.31185273216754533,-0.5790261877490926,0.0041228169064957
0.06569259270292892,-0.2845898171567826,-0.33941998183614774,-0.5407827215483513,0.3794307607746816,-0.4349133886482342,-0.4393760485090743,6115,1.4573701508183816,-0.015263667918286514,0.3737570132974851,0.4331264546159816,0.5168098345848126,0.29839510799261826,0.3108825883437229,-0.5706465296680407,0.0107509450700178
-0.1681716743651396,-0.35667491601807083,-0.4335750426584835,-0.7854930571500294,0.34470523059644376,-0.4848800813340248,-0.4123503172670356,6116,1.448677263992037,-0.017432543151061634,1.0812091627519222,0.43364365140936173,0.5770573689609451,0.33859868595807896,0.3085057359753581,-0.5743236418772067,-0.0210326583259847
0.38504726491801283,-0.21582641311366085,-0.26516482759692805,-0.4889304608841811,0.27781487713838604,-0.3947398559782984,-0.038944140428181034,6117,1.44003792961387,-0.05746176931327307,-2.3113315792428657,0.43416084820274037,0.45523315702937,0.3544602583284708,0.30074458538478505,-0.5767797062814056,-0.0089814632114094
0.35781166309239076,-0.168298861599301,-0.16926551034799409,-0.21639431705258136,0.19344794506843804,-0.34229454151972355,-0.19920407019666278,6118,1.4314515905133078,0.02697529677237629,-1.025010781071858,0.4346780449961205,0.47411813415781007,0.34946788881752705,0.2997744415609626,-0.5644055225004002,0.0078789042808877
0.04018606424675865,-0.20023002442471385,-0.2686453144381783,-0.2660456165840008,0.034412000986114355,-0.3742738277482959,-0.6172051824618686,6119,1.422917697743823,0.07283200240677709,0.7746099899079587,0.4351952417895007,0.4443656810599656,0.34574138730900206,0.2988042977371402,-0.5559502785887173,0.0068869539351543
0.5067087020502744,-0.2336936660623081,-0.3540150544046509,-0.26738963593589943,0.1088020087370962,-0.398975926688542,-0.17262250240336746,6120,1.4144357104281469,0.02756986118253341,0.668752768154186,0.43571243858288067,0.4691428654672965,0.3731669846566702,0.2997744415609626,-0.5536725989981365,0.0104505970505326
-0.10421694030650133,-0.3301514593923769,-0.48094975122462036,-0.4580357805211493,0.03672240973388032,-0.45322307783873106,-0.1905363806668391,6121,1.4060050956071921,0.016011654651334972,1.0491290057794462,0.43622963537626086,0.5262915064810149,0.37541340833559866,0.2988042977371402,-0.5545679992571023,0.0014237742416476
-0.25136380814686776,-0.3852644083895519,-0.5376981131502635,-0.39726669835195033,0.011520221756545029,-0.48080926181262645,0.20076587983565547,6122,1.397625328092336,-0.022970418429328038,0.08564534434555686,0.436746832169641,0.5322076459764293,0.38115147995764986,0.2716402706701282,-0.5616779997051732,0.003487311814516
-0.4318401970277418,-0.3922329813244118,-0.5260426330848242,-0.31177810873756184,0.6114939408650724,-0.48673484002873174,0.42319513346116666,6123,1.3892958903210053,-0.020976000767324376,0.30592445317501277,0.43726402896301964,0.5518403681415852,0.38937391740758726,0.2706701268463059,-0.5599983731566333,0.0045444822059654
-0.45795016383321885,-0.39581909760562956,-0.5112584286534778,-0.4105761884518758,0.08778532362840327,-0.4962721822848934,0.2451436492429761,6124,1.3810162722157067,-0.015106226416459534,0.418743557539786,0.43778122575639977,0.5735054917761522,0.38701621455426133,0.2726104144939506,-0.5577832455668363,-0.0023417955004299
-0.419265174306215,-0.38990627811603507,-0.48752208653070184,-0.30835971834319165,0.14141056041163638,-0.47987063220732173,0.5742270910559261,6125,1.3727859710460775,-0.03782236443637889,-0.3162841431572548,0.43829842254977996,0.5590101806811342,0.37371199346542244,0.2716402706701282,-0.5566699201989112,0.0020272074378677
0.08849726676734594,-0.38601216149920303,-0.49129788024808363,-0.3028642656840288,0.24943855652166283,-0.4836286030099696,0.5650735187612749,6126,1.364604491294145,-0.0011534653649424732,0.1500973934933005,0.4388156193431601,0.566963467875504,0.37258335162048134,0.27746113361305963,-0.5522863648131586,-0.008198903421646
-0.15209456390677553,-0.33549443459230893,-0.4204308660547475,-0.1701325349777911,0.268381704164888,-0.4535812846499572,0.511358961548794,6127,1.3564713445225647,0.018496788121527732,-0.9413747309500072,0.4393328161365403,0.5187503004021196,0.39187373089473027,0.2764909897892372,-0.5519015761082045,0.0031402650229237
0.31039787930315993,-0.3411866987294075,-0.4513405700469796,-0.3763822719046636,0.263832118602629,-0.47108338848915265,-0.12073965139055,6128,1.3483860492457602,0.09358661725131785,0.26892456660210656,0.43985001292992026,0.5354831239311931,0.37445686229560365,0.27552084596541476,-0.5478355773446708,0.004682274250537
-0.3195049298783819,-0.3583887304129802,-0.4601663587505275,-0.3980621453605478,0.24224870372235496,-0.47780647938567705,0.13704185852053613,6129,1.3403481308040586,0.08089666983584816,0.43353676846015443,0.4403672097232989,0.5609800753204005,0.36097787864470315,0.2726104144939506,-0.5525933018394236,0.0029826899819809
-0.15460656506356538,-0.3782636058447199,-0.48021445903769394,-0.4370227776103183,0.22476304729991614,-0.4866838812378526,0.29689718416919725,6130,1.3323571212404404,0.11484784037274033,0.2521053175143354,0.44088440651667904,0.5765038805864184,0.3806285273114443,0.2716402706701282,-0.554087280071231,7.96557833349e-05
-0.2402208480810318,-0.3886119254117186,-0.48445409789779287,-0.43628912198823333,0.23387395463171298,-0.48833008775179143,0.23429225111099483,6131,1.3244125591801508,0.10327445262882241,-0.05782320891369339,0.44140160331005923,0.5739867335989374,0.3512048060760133,0.2852222842036357,-0.5518121505285581,-0.0014071418064007
-0.1089289277604594,-0.4110705066873566,-0.5103563128575919,-0.26555991087591385,0.2313695913906072,-0.48707093989325123,0.45627506806141116,6132,1.3165139897128475,0.10378248748142202,-0.21649987307741927,0.4419188001034394,0.5645261946147193,0.33313791315762237,0.28231185273216863,-0.5504436598045801,0.0019142827799389
-0.2704511581585213,-0.3849772744178758,-0.4688371175283967,-0.40208964066221753,0.2740908992161884,-0.4816062371495015,0.49137485039126033,6133,1.3086609642774585,0.1062163499241074,0.1380440382252838,0.44243599689681956,0.5737475820704463,0.3444722260568117,0.2813417089083462,-0.5440534738525715,-0.0087039597845313
-0.26206218658072755,-0.3501895400905388,-0.4162381332591645,-0.2072707846489153,0.27425257342460824,-0.45463138259408137,0.0012595430683705066,6134,1.3008530405493377,0.11296712527020394,-0.9953262309344596,0.4422032583397985,0.5207143783113113,0.33529534554967627,0.27552084596541476,-0.5473944866046551,0.0058892819031419
0.3302147989065482,-0.3768461449305711,-0.47778624614484577,-0.34341812784117587,0.25040187954115384,-0.49011515790236393,0.11684132979976487,6135,1.2930897823301348,0.15127693761670244,0.562306003071875,0.5035945177139896,0.5511911559691199,0.33591338838828344,0.2745507021415925,-0.5413412691154058,-0.0010911223037827
-0.12127348081181988,-0.3744792404279174,-0.47142112231683025,-0.3134308886566642,0.20406132612469208,-0.49254325762866197,0.6062372891340025,6136,1.2853707594398238,0.0841186613042125,-0.1827897528277343,0.5539177657098521,0.5419234161367922,0.34790048959639674,0.273580558317773,-0.5461288045420459,0.0015185826314632
-0.08795094262026205,-0.4084636059735645,-0.5126138805952069,-0.2851723300551505,0.17893900509483357,-0.5063580167491057,0.6948905511487865,6137,1.2776955476111669,0.09492059820269372,0.09576500488556541,0.5544349625032322,0.5489964268430991,0.3396493873393549,0.2726104144939506,-0.544131918719289,0.0097095127993793
-0.5498329529852863,-0.45454831662129946,-0.5493626708436777,-0.5097811739544866,0.17680591683045072,-0.5416571403661303,-0.053551445567761785,6138,1.2700637283864362,0.10197838164078299,0.9700699143624982,0.5549521592966123,0.602665694848678,0.3294083754775487,0.2716402706701282,-0.549484312205337,0.0009220959285956
-0.46002085386031777,-0.46076030270819807,-0.5422502408913711,-0.34306604995753787,0.21116481448542967,-0.5295775385171699,0.8278632265648616,6139,1.262474889016311,0.04633232831951664,0.032118368841741955,0.5554693560899925,0.6032446130726388,0.3379054023596771,0.2667895515510193,-0.552603766611477,-0.0047378391650347
-0.3956205563725332,-0.4576244043063619,-0.5277113620063215,-0.2410227574796506,0.23276418860285725,-0.5189998556616048,0.5600851972909459,6140,1.2549286223609435,0.07326191132379599,-0.5720119400625845,0.5559865528833718,0.5744186917364102,0.35307429200674895,0.2658194077271969,-0.5501355577970963,-0.0087802813700484
0.1083146218869056,-0.38977292544023934,-0.4597220695127362,-0.131299656963303,0.2879321153054567,-0.4697691096810149,-0.08158536258732096,6141,1.2474245267931263,0.09603095209125571,-1.0034942481885607,0.5572536850271523,0.5043008248277701,0.36888981069369314,0.256117969488979,-0.5460881954971621,0.0034685161543699
-0.23966745713713455,-0.438643179693532,-0.5139272847326136,-0.2979978065098371,0.25783094315492144,-0.5072946882057939,-0.34849727140590797,6142,1.2399622061034679,0.13408056644989133,0.30391824148136576,0.5577708818205325,0.5241687793168772,0.354421484549434,0.2551478256651566,-0.5435505636139965,0.0036692373215674
-0.4874651301856072,-0.43968649140392446,-0.5017851533307759,-0.19150546226477447,0.26897526252902626,-0.5226047770622925,-0.04530959545782002,6143,1.2325412694076874,0.10454034516607959,0.3253644247329296,0.5582880786139127,0.5447388513766552,0.35889873650023624,0.2541776818413342,-0.5450832291359912,-0.0063049702141291
-0.21598362585810577,-0.4029901385302511,-0.4548455239244098,-0.24598019912803526,0.24993828376069427,-0.5006477421421477,0.06154971353796275,6144,1.2251613310556622,0.10542565575525786,-0.7392844174180893,0.5588052754072929,0.5062363612694891,0.3640208779561516,0.25320753801751195,-0.5496141915236404,0.0084244204722361
-0.36681247590985033,-0.47340701599162155,-0.5301366199410625,-0.40457894749166784,0.21205026021598294,-0.5388109684092578,-0.20521766811619715,6145,1.2178220105425164,0.13726983880007948,0.8328805157479644,0.5593224722006714,0.5510007600056863,0.365814391763884,0.25364410273823196,-0.5465358369640038,0.0024321893461813
-0.48283115170312735,-0.46488051427225763,-0.5094532273786407,-0.34687449012020216,0.22133075796001317,-0.541065720175109,0.08024886595458978,6146,1.2105229324215543,0.06817704940279372,0.19325998198053193,0.5598396689940516,0.562971294264632,0.3870341526474709,0.2512672503698671,-0.5479760489756866,0.0040086506067309
-0.6725951083196607,-0.5094774132624793,-0.5450927724243686,-0.39017275338581564,0.26038807090992894,-0.555382896739863,0.3472948208250616,6147,1.2032637262188899,0.09883642545184229,0.3615283477049645,0.5603568657874318,0.5855539315814531,0.3821861351337455,0.2517038150905871,-0.5418981326937041,0.0061465717991049
-0.5432687447353729,-0.49884615414411093,-0.5233970773594887,-0.46673462047628905,0.2838720874451585,-0.5532691074930044,0.4452481430108511,6148,1.1960440263499827,0.09916507639489881,0.5897258391948403,0.5608740625808117,0.6181900203274348,0.38897616347374026,0.24253595595547148,-0.539261745843719,-0.0007309940509178
-0.459610680657315,-0.4867958300884603,-0.5030812479497379,-0.4509015657400073,0.32440137855860585,-0.5432422185637131,1.1657547382046989,6149,1.1888634720378,0.06400541380353356,-0.14435037339151166,0.561391259374192,0.6096608552749471,0.3756294764172042,0.24641653125075808,-0.5434103696997635,0.0051729539784213
-0.5435343299564318,-0.49359202522318096,-0.502087281827424,-0.487005892320765,0.3079902100946887,-0.5468236884049069,0.5237148757933613,6150,1.1817217072326611,0.051846331227538886,0.485803793264262,0.5619084561675721,0.6143518960538152,0.364028402076401,0.2454463874269358,-0.5373008005801654,0.0016114781099188
-0.5500889785988425,-0.5044415617245269,-0.5061277146676859,-0.5225730272410937,0.3633286948849986,-0.5432903711055606,0.8792907980157932,6151,1.1746183805337522,0.027838068881938058,0.10565888329610199,0.5624256529609507,0.629450542213931,0.37163950816329133,0.24447624360311632,-0.535543516577272,0.0011158397601536
-0.28627486118675,-0.49180765160570394,-0.4933960949682974,-0.45705099750414724,0.42007710766915496,-0.5333996864128091,0.931908321652539,6152,1.1675531451122305,0.013711803996449935,0.05275542338090611,0.5629428497543308,0.6434356964131941,0.3502397556336763,0.24253595595547148,-0.536334294378574,-0.0004924961193679
-0.5530298603065624,-0.4718274232257784,-0.4638359145106506,-0.4467024118014557,0.4809562911951655,-0.537098955753451,1.2426146629435364,6153,1.1605256586358819,-0.0006242981846862636,-0.11889357456313361,0.5634600465477111,0.6453764954264363,0.3452829973012751,0.23768523683636264,-0.5321375320545839,0.0020228214774304
-0.5154874547031473,-0.45713395642865945,-0.4413777391375387,-0.5078811550884196,0.5179563463371764,-0.5399982929297161,0.6540178139087107,6154,1.1535355831952971,0.015235951027094019,0.14956486305906022,0.5639772433410912,0.6542310238623051,0.34187451390866885,0.2367150930125402,-0.5278497525352872,0.0065220770699336
-0.37044705102858533,-0.4834045323064859,-0.4702943081231076,-0.6502636577937794,0.5280124401309509,-0.5528428337371126,0.982815674350501,6155,1.146582585231516,-0.007037177988325953,0.6298065312007094,0.5644944401344713,0.6899472759626004,0.33484467332970036,0.2357449491887178,-0.5290818263955934,0.0047570068200284
-0.5947306875368351,-0.5465020829373634,-0.5308897169608184,-0.5928028740450707,0.5587065670176492,-0.6055117851581602,1.2080276968110595,6156,1.1396663354651868,-0.012958950594677773,0.4414064139426304,0.5650116369278514,0.7146449421263631,0.3386052322379334,0.23477480536489553,-0.5352618806879679,0.0010492645346986
-0.535390754027795,-0.5176790248810716,-0.49598716810642085,-0.7511778091058137,0.5932825217064577,-0.5912263586563811,1.6858854286438534,6157,1.1327865088270754,-0.03055535389000147,0.045649315120988486,0.56552883372123,0.7179377974237166,0.3391742903376195,0.2318643738934312,-0.5495881931293182,0.0001022593979511
-0.4444407215804567,-0.5275527384542924,-0.5043079112639182,-0.1985998573376379,0.6646417265059137,-0.5910264741785826,2.1069209181980995,6158,1.12594278438999,-0.017278232538787505,-0.05543214541396523,0.5660460305146101,0.7138841838008048,0.3623901397748209,0.23089423006960894,-0.5430802776616563,-0.0034764820489505
-0.5155147328059818,-0.48580118165275055,-0.4554726832154373,-0.7680675899643453,0.6936561870113814,-0.5702178977642142,0.5665063173723146,6159,1.1191348453020395,0.012311815517158466,-0.43741994916787197,0.5665632273079904,0.6905370199969764,0.3478750517213639,0.2289539424219641,-0.542169149947158,-0.0070798277982979
-0.3400471488600183,-0.42066891570477893,-0.4275509559044329,-0.59095718975457,0.7316279787134701,-0.5110635245405667,0.21137935183806533,6160,1.1123623787212382,0.013725457143218978,-0.8220555693818881,0.5670804241013705,0.6465794618610733,0.346386153724686,0.2405956683078268,-0.5357647635626841,0.0030484654600764
-0.2829522369818034,-0.4454140886277614,-0.4151871763184217,-0.6885183358320655,0.6926402968697044,-0.5330457928345855,0.22864942308653002,6161,1.1056250757513644,0.06336503040128043,0.2590184771635203,0.5675976208947506,0.6621923601738705,0.4006882919363544,0.23962552448400437,-0.523281072805095,0.0008241899511178
-0.4328858879448158,-0.41320249376793994,-0.39704390834607656,-0.696125044578217,0.6873970758253068,-0.5194840948553306,0.16609183415049766,6162,1.0989226313791527,0.020331615152022205,0.02162529798018997,0.5681148176881309,0.6644699380445105,0.39541783412817794,0.23865538066018488,-0.5269160529253655,0.0027793506069602
-0.3891709077220237,-0.45214108061152214,-0.42122277164412036,-0.8470264952961098,0.656687213295892,-0.5408114039932288,0.6712544592984414,6163,1.092254744412586,0.016518884347387536,0.23033689199975999,0.5686320144815092,0.6746465040136537,0.4164306287547764,0.24253595595547148,-0.5272747507160865,0.0073140685528629
-0.3339576345971067,-0.5485816848552311,-0.527472274660635,-1.1257480951412948,0.6275357199972875,-0.5990833432323596,0.493124060411829,6164,1.0856211174204828,-0.014901544965096127,0.7143421400578039,0.5691492112748894,0.6965123885920208,0.42050429757363234,0.24156581213164924,-0.5285650687611069,0.0011464673587133
-0.47498907979049587,-0.54711268042101,-0.5231661613742984,-1.1435513822874859,0.5939285843304656,-0.6065321996849047,0.9185306941703393,6165,1.079021456673305,-0.04851809596803287,0.0560889345124238,0.5696664080682696,0.701254508490497,0.42886429034312734,0.2405956683078268,-0.5388838538305215,0.0020302444073629
-0.5840562200907619,-0.5308768989616656,-0.5012983807617662,-1.0826043318968226,0.6256199116267247,-0.5943977089305104,1.5471781916240908,6166,1.072455472084999,-0.06273195493969697,0.1504431553711638,0.5701836048616498,0.7085392468134442,0.4251022935968546,0.23962552448400437,-0.5357782352130769,-0.0003062166981485
-0.5633199486021524,-0.521394355465807,-0.487178499479693,-0.9401179913434049,0.6538265412923043,-0.5900038015346071,1.872757363421718,6167,1.0659228771559823,-0.027103343111576778,-0.09894609487026414,0.5707008016550299,0.704953113201928,0.4419861019307104,0.23865538066018488,-0.5307965792860854,-0.0060240963260218
-0.24652319715204868,-0.4436944444386644,-0.40730156131042594,-0.7513508879403528,0.6713119764465053,-0.5565338397961376,1.339491410517289,6168,1.059423388917311,-0.02812497195114413,-0.7092401108966082,0.5712179984484101,0.664408328083568,0.44393145422018176,0.2338046615410731,-0.5328840077893917,0.0045197738716025
-0.3101624162389811,-0.47908371990213944,-0.45040333618383943,-0.9065704617321795,0.6698721538987318,-0.5748548257919722,0.798108778678274,6169,1.0529567278758294,-0.022724181331362857,0.41612741684179105,0.5717351952417887,0.6899684815203643,0.4521977769641315,0.2328345177172536,-0.5270793070915287,-0.000715819155692
-0.2528968865510193,-0.47566963177845895,-0.4514713475273076,-0.793885326982289,0.6640121056297595,-0.5768544901385599,0.4165970435262986,6170,1.0465226179604175,-0.041884894070198,-0.14270945682419625,0.5722523920351689,0.6801658781839562,0.45067466458158434,0.2318643738934312,-0.5316834467260276,0.0019443304691837
-0.4734771596943993,-0.49970119495921733,-0.4748805937700833,-0.9750666671106992,0.645345793689476,-0.5937556923748046,0.4603836976473878,6171,1.0401207864692292,-0.07184815657890217,0.14120848938892944,0.5727695888285489,0.6883992618186168,0.4396754703526987,0.23089423006960894,-0.5334829575364102,-0.000510673093411
-0.5346000387337074,-0.4781653266670619,-0.44706625748365636,-1.0035846203604264,0.6229012035577002,-0.5793932236990488,1.1065053341235085,6172,1.0337509640179594,-0.06066112817096368,-0.120812570742258,0.573286785621929,0.6831036418038735,0.4374368279259811,0.2289539424219641,-0.5299952734172514,0.0066932351463813
-0.4826042322581549,-0.5054017867732601,-0.4741122740498976,-1.0545180523206832,0.6318118970105581,-0.5975986649149571,1.4860885486915214,6173,1.0274128844890427,-0.05220927599378485,0.6481183866324908,0.5738039824153092,0.718684378879791,0.41476258275190964,0.2289539424219641,-0.5337355915672898,0.0010150738990311
-0.5496636354321409,-0.5265551414847482,-0.49236231191183044,-1.1077518763252057,0.6693128845507695,-0.6143509004288388,2.5086433746092642,6174,1.0211062849818957,-0.076611826782491,0.04204265402722238,0.5743211792086894,0.7192464786380354,0.4117843749776481,0.17826392762727064,-0.5376594671585924,0.0049181162202853
-0.6534334741183923,-0.5590051504584606,-0.5196262345645681,-1.1690784074883995,0.6891996708310973,-0.6310623454247299,0.8973004720614123,6175,1.0148309057640015,-0.0804202285037706,0.45866729524034927,0.574838376002068,0.7479271154567033,0.39763904991788157,0.13625670005578422,-0.5403867502481329,-0.0034813319832721
-0.5071399702357599,-0.4906730694904989,-0.4466503601353152,-0.9850415581437281,0.7589169247981795,-0.585561943290432,0.9936940926075658,6176,1.0085864902229784,-0.10751496029378642,-0.4378304600005968,0.5753555727954481,0.7214457808739567,0.39279464051240004,0.2450098227062171,-0.5422170508171372,-0.0064300545653202
-0.21927991643306122,-0.4465018063762153,-0.4050079625378243,-0.8590596109962653,0.7454568669435718,-0.5606591637052587,0.028792576757126574,6177,1.0023727848194823,-0.09899299325336133,-0.7525924708751626,0.5758727695888283,0.6769910955289322,0.36694533182991296,0.2450098227062171,-0.5330850340333739,0.0044843054109213
-0.3390487634084041,-0.46765713864109054,-0.4312917939303148,-0.9595578883207961,0.7238921935908188,-0.5752916870167362,-0.27256208938685644,6178,0.9961895390410436,-0.05379977149328485,0.41234158330250753,0.5763899663822083,0.7005555638725932,0.34879590496771273,0.2450098227062171,-0.5309402492260455,-0.0039569809674437
-0.2833676767143187,-0.4043018422395957,-0.3620649483255424,-0.7646425469719426,0.6750818798196158,-0.5279394913309705,0.07214029251050086,6179,0.9900365053567668,-0.06379446419360493,-0.48866467612451864,0.5769071631755884,0.6733455156844153,0.32374945146413586,0.24360311416167615,-0.5333889089802201,0.0013751656617875
-0.40155030272776326,-0.437513097398046,-0.4010560087340372,-0.8649779411462707,0.6235209957584059,-0.5532097318613793,-0.016939806813545358,6180,0.9839134391727502,-0.041875958150886766,0.08049974032493934,0.5774243599689687,0.6785433681535186,0.32642843734857147,0.12320826562538055,-0.5278703841685347,0.0050353492431294
-0.5995377974710613,-0.4540106301174229,-0.4148411061911708,-0.9371865046641876,0.5618743151621398,-0.577008225834205,-0.16795084264160778,6181,0.9778200987884941,-0.04133162682587054,0.4711805168821026,0.5779415567623473,0.7032148318005444,0.28628217261549704,0.12223812180155812,-0.5289303036685651,-0.0018724697931255
-0.11103500071650406,-0.4438056482218665,-0.41478336791033954,-0.8461878995715334,0.5636445350665558,-0.5598693873303133,0.35423295170294195,6182,0.9717562453539745,-0.06906363009115017,-0.26614646287855775,0.5784587535557274,0.6885881632575515,0.29538535514453673,0.12126797797773586,-0.5355549936370784,0.0037012626149981
-0.5294030170633974,-0.5067595050031533,-0.47970011044699923,-0.9722921654565813,0.5621344373024443,-0.5962345086335415,0.05236881479865213,6183,0.9657216428276322,-0.05020491139674885,0.32878274139080327,0.5789759503491076,0.7093959456438871,0.27440128544390496,0.12029783415391344,-0.5319822364607445,-0.0113659321798338
-0.018024522257155954,-0.4083071354273506,-0.3680267018874883,-0.6176451003722147,0.5619913701252768,-0.5148527811822105,0.29116961347542564,6184,0.9597160579349356,-0.04757342381090784,-1.279459914248036,0.5794931471424878,0.6372988230020372,0.2877384530432083,0.11932769033009102,-0.5279871069838094,0.0102186906495823
-0.43771132607352636,-0.4346845313060464,-0.4127455815559459,-0.7718868229508973,0.5351586992101788,-0.5432065025454839,-0.0197101765650427,6185,0.9537392601279232,-0.009834383453393963,1.0244617573381003,0.5800103439358679,0.6927616006101772,0.3068542168963401,0.11835754650627153,-0.5195196542633664,-0.0018709229880257
-0.40671140921312404,-0.3840455724145276,-0.35092944780615587,-0.5928185038319463,0.49702756495627726,-0.5114448087091432,0.15716960099916202,6186,0.9477910215453015,-0.05490853452338697,-0.2659597582092453,0.580527540729248,0.6760085917929262,0.29361052379013036,0.1038053891489418,-0.5254675515670962,0.0043579609809583
-0.5287124140745679,-0.4212567569605159,-0.39114147040760633,-0.6727525388490398,0.48135289349645305,-0.5317773050014198,-0.02957822981230526,6187,0.9418711169734051,-0.02852599466797889,0.3988774297788352,0.5810447375226265,0.6867188812602174,0.3065839335447865,0.10283524532511938,-0.5202200707165251,0.0022199794439363
-0.5215978514539039,-0.46840340061202573,-0.4410098770009686,-0.5072037775419193,0.4767024528783371,-0.5394515984486344,0.7595977113670838,6188,0.9359793238076686,-0.05498290883464839,0.17065189547654167,0.5815619343160067,0.6934680937239794,0.2980663141906767,0.10186510150129997,-0.520336524018807,5.03425131117e-05
-0.5135949656823449,-0.4464805991286826,-0.4133293756793451,-0.4243864288785941,0.45605833270089524,-0.533830183738158,0.820911879198837,6189,0.9301154220150821,-0.03695180572074283,-0.060930871383161875,0.5820791311093869,0.6929785181956329,0.3120763149025853,0.10089495767747755,-0.5198348416672878,-0.0046816009854282
-0.3620511334483183,-0.38940209164089734,-0.34759697407916756,-0.41378769881442246,0.4871830586724837,-0.49452409536122627,0.9443347176613296,6190,0.9242791940969627,-0.016509784590868482,-0.5660091876889526,0.582596327902767,0.661801221760237,0.2970081445176966,0.10186510150129997,-0.5166164318136037,0.0004046128490535
-0.2476208982466181,-0.397377536488691,-0.36245870086346416,-0.4219524750476833,0.49017808084300296,-0.4994206023907165,-0.08603720294325877,6191,0.9184704250527407,0.01253248951108215,-0.023137932625957133,0.5831135246961472,0.6601732598605157,0.3143934526571467,0.10283524532511938,-0.5122084383432776,-0.0042972698846459
-0.2571603959243823,-0.34895120611107133,-0.30680135966274696,-0.3304015189948086,0.4942436612368575,-0.47767723739559576,-0.06862566057573788,6192,0.9126889023441234,0.019287611562575226,-0.5250076221809764,0.5836307214895258,0.6475923195883525,0.30338452304030433,0.09798452620601045,-0.50813076467244,0.0001523228709949
-0.0358854437013827,-0.34500403150162057,-0.31552671651380443,-0.21284661105473857,0.4662730813858378,-0.47417364278164026,0.0463830732155013,6193,0.9069344158600028,0.016247806639403294,-0.05002408737305651,0.5841479182829058,0.633859295198865,0.2954839514238264,0.0950740947345462,-0.5054459250204816,-0.0197481980020863
-0.02606193690705805,-0.30392640478799854,-0.25129910935211724,0.13579320449296975,0.4144502688139129,-0.4502195977966265,-0.042987842629810896,6194,0.901206757882027,0.033179981898645745,-2.174230817588305,0.5846651150762859,0.6292224084823898,0.2805873871642662,0.0252237394193701,-0.5020415758451657,-0.0030555699110788
0.12623591335805626,-0.1789927156118274,-0.10350321580032736,0.07419231232497846,0.3263804017076678,-0.3724984856559053,-0.4608626086778572,6195,0.8955057230507231,0.049238891608448715,-0.39244983780518483,0.5851823118696662,0.5633307171432098,0.25294734007754693,0.0662608231670359,-0.503408478374243,0.0072207794043273
-0.20920709448065503,-0.15868038164333975,-0.213477208025729,-0.10117380751890129,0.36601184190547814,-0.34260177171218387,-0.5584719807908805,6196,0.8898311083321901,0.10136787794595843,0.7044274202594474,0.5856995086630463,0.7204560948677923,0.2320222035986403,0.0416191700419595,-0.4907244001241522,-0.0096962196294291
0.30201326468119,-0.10625518180214963,-0.042242921527636326,0.0,0.23688051528977122,-0.3093338193061036,-0.45185471291959917,6197,0.8841827129853967,0.13168028779976426,-1.1012380897623382,0.5862167054564265,0.5002560731700191,0.24673424446229889,0.03594382867260183,-0.4784867300211743,0.0003124836148953
0.059636340510879876,-0.10625518180214963,-0.042242921527636326,-0.05876147796088902,0.1348012387117225,-0.2901321934911881,-0.4963894225052352,6198,0.8785603385301457,0.14047745763758285,-0.03295044719504674,0.586733902249805,0.48059899512668575,0.22576133933291193,0.031481167083021545,-0.471025741154428,-0.0054146923354673
0.20585753542042015,-0.10625518180214963,-0.11638529504457235,0.0009015909224430705,0.060764374420890194,-0.27697591378018727,-0.45204542089709354,6199,0.8729637887154063,0.14171863594534495,-0.6442579125290256,0.5872510990431853,0.4698534892338952,0.23776137074671067,0.030511023259199202,-0.4625585296748283,0.0115688636801392
-0.12031594688375154,-0.18086926030819775,-0.2049652386577346,-0.19046563927350776,-0.036751087649642494,-0.3011369134541767,-0.4075447395148585,6200,0.8673928694884104,0.14602876774896817,1.168533360209989,0.5877682958365654,0.7204560948677923,0.24264712150186615,0.029540879435376782,-0.4553800071109909,0.0028720761026794
-0.41854078081493845,-0.2826872699307223,-0.33769540091179356,-0.17860216438611104,-0.11040619519758711,-0.36593343656055705,-0.336530560333371,6201,0.8618473889640804,0.13272919442479125,0.240255406712086,0.5882854926299455,0.5077234807723576,0.23252624063367738,0.02813417089083435,-0.449582928816671,-0.0013674243790599
-0.31189807827982924,-0.2889318521099196,-0.3369798622119636,-0.2222071733978655,-0.15801947379100753,-0.36972822189832166,-0.03474157821097873,6202,0.8563271573951609,0.12183387282676426,-0.2122816913971317,0.5880527540729243,0.4957065913919118,0.23888026333495618,0.027164027067014863,-0.45970067086414546,0.0067689762959199
-0.3991303568639316,-0.37007906186628736,-0.43120189190566366,-0.43105171224951583,-0.19450718278867582,-0.4288191208902325,-0.31044286278685795,6203,0.8508319871427454,0.13420319547572118,0.656181669371222,0.6053529868114816,0.5299249433950701,0.20746134267477473,0.026193883243192523,-0.45924127502696355,0.0047218230286767
-0.5470227484061435,-0.4013516481070195,-0.4553153617286444,-0.5851774273955401,-0.07823481810755692,-0.4576728556303592,-0.052638030464166666,6204,0.8453616926473458,0.11649775097672806,0.4376509654461186,0.6196017584690976,0.5510415025685327,0.21429716517653358,0.0252237394193701,-0.46890861991480404,-0.0002043319689847
0.17853418373813545,-0.3524158252647539,-0.4132365700041355,-0.5636797837095257,-0.034592881135888334,-0.4577778278033425,-0.026300703493186504,6205,0.8399160904005004,0.1180138711832399,-0.08813550149227181,0.620118955262477,0.547555869004113,0.15892816684443106,0.005820862942931355,-0.47665065768269627,0.0083793173296702
-0.581378098778509,-0.4069135513311471,-0.4649933661975722,-0.7093702710210359,0.014070749297457863,-0.4928859807675344,0.24891733979178315,6206,0.8344949989167934,0.11833042946147168,0.8280662952666098,0.6206361520558564,0.5919982891725452,0.18477729713623972,0.004850719119108933,-0.47518246834277944,0.0052188895473126
-0.61499212736953,-0.4136985936669119,-0.45890249820372947,-0.7306552229796691,0.029998745505712614,-0.5006834502789691,0.5329323679859024,6207,0.829098238706414,0.06752166998228808,0.49072846703351697,0.6211533488492366,0.6116359017169641,0.1482730510363506,0.003880575295289524,-0.4824416610441167,0.0026715056965835
-0.48444544947960605,-0.4415711031084136,-0.48095042910280184,-0.7114465212264857,0.08783257855921467,-0.5021343190909606,0.8258136884696505,6208,0.8237256322481256,0.02323150312397297,0.21882573896676893,0.6216705456426167,0.622107026617057,0.14407726634051274,0.0029104314714671837,-0.48309007514468555,0.0029157448079166
-0.5060197441937083,-0.4422550056323136,-0.4720579597809359,-0.7292637125349687,0.22892054957523747,-0.517529706345613,0.4603937500277832,6209,0.8183770039627346,0.030032885725418512,0.24491651818209056,0.6229376777863981,0.6351690049584571,0.15415164449331334,0.001940287647644762,-0.4802541822208731,-0.0015538843674397
-0.33336170910816465,-0.4608349718004,-0.48903264197206436,-0.6724088459227007,0.2818530900717752,-0.518230509065464,0.7710819428189907,6210,0.8130521801870232,-0.005717329024622492,-0.23211968113755357,0.6234548745797781,0.6203068281929438,0.1669872112420088,0.004850719119108933,-0.47694966313644893,0.0050705355039499
-0.5932085482733692,-0.4450364352388334,-0.4613475662363739,-0.7668565371805653,0.3856945241504204,-0.5133684835682517,0.11171536534935729,6211,0.8077509891480362,0.019577632922393978,0.4749362289648542,0.6239720713731567,0.6437360031975092,0.16352600991760569,0.003880575295289524,-0.4741246874617191,0.0006493506222793
-0.625323383758406,-0.449150612650529,-0.45634891906482195,-0.7043514558476583,0.4367369900671865,-0.5029712374157183,0.6542042020829084,6212,0.8024732609378938,-0.003235330871580976,0.0030276745199853917,0.6244892681665368,0.6461103103436643,0.16444293959531409,0.0029104314714671837,-0.47345405463220946,-0.000399341349248
-0.570225545971649,-0.4386035086775048,-0.4366530455955796,-0.5360612581503992,0.4716173653535526,-0.4876398361610614,0.662378193143798,6213,0.804848238632458,-0.0014427976260056033,-0.10892923994792719,0.6250064649599171,0.6426908939018082,0.17409581440447738,0.001940287647644762,-0.46635585946665387,-0.0005493129638391
-0.464952964160035,-0.42017389469829863,-0.4108491103582232,-0.5415912331707547,0.5559732848376955,-0.4723549441654812,0.5814588550729201,6214,0.7065450779654641,0.00797595130616949,-0.12495809248313315,0.6255236617532972,0.6294874487119416,0.1785126604945067,0.003880575295289524,-0.4608637557320455,0.0028480059975464
-0.5302795121759617,-0.42426769829356714,-0.4098548571144474,-0.5530103460587932,0.5285639658360343,-0.4620100428760606,0.1797839124212277,6215,0.6255285719265413,0.013377711616070438,0.23766503298311967,0.6260408585466773,0.6445974045047169,0.18550880272996684,0.001940287647644762,-0.4594830364651196,-0.0004982313046925
-0.3960261903746852,-0.40592586353221227,-0.38673711290872526,-0.42464488898107927,0.600690491959742,-0.4482243418686279,0.6961730314130872,6216,0.6209390594213771,0.0023602928115411203,-0.11948455875316491,0.626558055340056,0.6379739186782643,0.20723377002220156,0.0,-0.4572911951516786,-0.0005483272070775
-0.4539550576539564,-0.39811076336182966,-0.37425602770848293,-0.5949719988988426,0.5878069644400533,-0.45251773981495447,1.2834754518262461,6217,0.6163679251662809,0.014011587272440871,-0.1248100948267824,0.627075252133436,0.6299673900764559,0.14477316790640693,-0.002910431471464171,-0.4527720592750123,-0.0014458856125014
-0.294367559693481,-0.37902573275245793,-0.35323216925090156,-0.5468825048176937,0.5165399309225389,-0.4414544829303925,0.9615084639751514,6218,0.6118150521126128,0.005876117742061794,-0.2206353105268852,0.6275924489268162,0.6177584106017382,0.18949830808236443,-0.0038805752952865927,-0.45277201260433547,0.0044947782964426
-0.26598166776652055,-0.4147534416578397,-0.39859495931661193,-0.7644431170706814,0.47133993865001594,-0.47288410050671453,0.720028034311444,6219,0.60728032437577,0.002859146062985464,0.4134594384475537,0.6281096457201963,0.6424261718734546,0.16859092646698678,-0.006791006766753695,-0.4527581264223298,-0.0025856495371661
-0.3067321624181911,-0.3764405359357169,-0.3539142262455425,-0.7140605344008318,0.4692594850285661,-0.4506024741653232,0.1041271148623247,6220,0.5962440138604429,-0.03749229120273059,-0.34231264208947776,0.6286268425135765,0.6213549618206099,0.15353265281853518,-0.0077611505905731855,-0.4570807759400411,-0.0063313223812838
-0.16356667552717313,-0.32042547349188955,-0.2898652548477337,-0.5678229366770047,0.4405462684294743,-0.41865345129470144,0.3532975720929818,6221,0.5917710275584198,-0.016995531372590553,-0.7420971957662799,0.6291440393069566,0.5810160332447422,0.13738929492420485,-0.01164172588586271,-0.45510672414058223,0.0037627933871882
-0.13377510639576334,-0.36076902167666686,-0.34842507114023985,-0.6276462517454557,0.3943250437745991,-0.4326873062776981,-0.2272052446659384,6222,0.5873156845143563,0.014784468508518316,0.3353720164020288,0.6296612361003353,0.5978360889761749,0.12540460114363008,-0.01261186970968505,-0.44979858528529026,0.0011495976393751
-0.2796014511587659,-0.36534472703632065,-0.35467645188199126,-0.6723929751569471,0.3138460592069822,-0.42852862624236143,-0.25410910335797154,6223,0.583237338477593,0.002593288594787208,0.056423054496456515,0.6301784328937154,0.5990839315507621,0.09656785503347534,-0.013582013533504458,-0.4478822087203568,-0.0058412385030128
-0.15637969073965222,-0.3310691912189164,-0.3170439594184944,-0.5485838219501608,0.29075609945202513,-0.4028582953102654,-0.35239959626298356,6224,0.5791756432196797,0.006691361374803138,-0.6897434056959755,0.6306956296870956,0.5622399916838022,0.09376712369916819,-0.004850719119108933,-0.4455083150068644,-0.0007482547470768
-0.3037391331506364,-0.2770832068260788,-0.2450716677558674,-0.45648614146034694,0.19971173394798963,-0.36473243725604904,-0.4062328503538022,6225,0.5751305093746213,0.06357564503069295,-0.1461283643890536,0.6312128264804756,0.5548807216203369,0.07798757165191861,-0.005820862942931355,-0.4397635323609021,0.0075333824679177
-0.2562528068935397,-0.3680501073976945,-0.36380020408848196,-0.700475652518921,0.15850550691099008,-0.41486642636645477,-0.48673050330059847,6226,0.5711018485102164,0.07121188464917845,0.7378372582130236,0.6317300232738557,0.5928162395972235,0.08146533302855687,-0.008731294414395525,-0.43111359014786726,0.0013467678872742
0.23770325266755213,-0.3724615149034465,-0.39519743216792036,-0.770415768576214,0.17460657035564678,-0.4300852276213054,-0.28160757248451335,6227,0.5670895731187732,0.03783454315815056,0.07749021962552438,0.6322472200672359,0.6075936334737697,0.11249039508435271,-0.009701438238217947,-0.4384043514731487,0.0053300127881426
-0.42950220821753554,-0.4124489289221563,-0.43574986865785237,-0.8270458882277173,0.19010107898372575,-0.45641549720185737,0.0037425756503046605,6228,0.5630935966079631,0.04377027560318056,0.502632322517119,0.6327644168606146,0.631101063446589,0.10574632496993457,0.029637893817759026,-0.43727456317599783,-0.000901031389187
-0.3437667314218748,-0.40625021926535365,-0.4242965466974841,-0.7643738520773676,0.21774399628099936,-0.44513516213701726,0.2622127813610923,6229,0.5591138332918149,0.02903782714440995,-0.16241426366912876,0.6332816136539947,0.6245264142950894,0.0687894554544679,0.03390652664257573,-0.43655915440508647,-0.0077229694588715
-0.2759713456275743,-0.3012572314414076,-0.29321096638692135,-0.32714256356293286,0.22834478450594156,-0.3832488101535596,0.36882571067236336,6230,0.5551501983818325,0.031989987942051636,-0.8905956566196865,0.6337988104473748,0.5760130253885776,0.06466193268659255,0.03739904440833514,-0.43291438019659406,-0.0057243286209296
-0.13320816231514135,-0.28241509720380714,-0.2652287819472073,-0.2703862900940103,0.21201452107761332,-0.3669805403450717,-0.5514890392060979,6231,0.5512026079783391,0.0713245140302298,-0.677221895537897,0.634316007240755,0.5405784953826025,0.03743419508394409,0.03739904440833514,-0.4249778388598268,0.0078278879395679
-0.2515385787766522,-0.32741573070780744,-0.3321886859857232,-0.5054124588350336,0.17811022449534863,-0.38462199077458387,-0.6309156327372789,6232,0.5472709790617865,0.10443229529922508,0.7692721914090279,0.6348332040341352,0.5801312634515662,0.04044464695244017,0.03739904440833514,-0.4137883116135696,-0.0161354980072907
0.21107717164931444,-0.24501237052408317,-0.21196900604624314,-0.2703862900940103,0.167763739193882,-0.3436101309160796,-0.5059612986599418,6233,0.5433552294844471,0.0672691804714374,-1.7885323619968456,0.6353504008275151,0.5437183135122823,0.057474309617912465,0.03739904440833514,-0.41828205339228897,0.0079454005967354
-0.06780372339353952,-0.22172429602307073,-0.2187906502507871,-0.3164802902778833,0.0768814004358345,-0.3276687119741761,-0.6222004315043997,6234,0.5394552779619907,0.12997051540743298,0.7818364388470551,0.6358675976208938,0.5303704952833422,0.05498826926063772,0.03739904440833514,-0.4079582083241546,-0.0018191005952469
-0.019622602393632827,-0.19214607852573046,-0.15933075540735409,-0.201368136252813,0.021173338132094762,-0.30567709784274516,-0.5508853161976589,6235,0.5355710440653355,0.12029459628534339,-0.2604283382124239,0.636384794414274,0.5129932036709576,0.06331773902092948,-0.01164172588586271,-0.4075768389766039,-0.0026323781741991
0.07224605967373665,-0.15722708573371083,-0.12517074395675712,-0.17563395768373932,-0.0048261316461372,-0.2792743365268581,-0.5421508512428899,6236,0.531702448212648,0.13850600682954187,-0.347214804796711,0.6369019912076541,0.502783550243827,0.08681505634817271,-0.01164172588586271,-0.3944057532031499,-0.0135519239047206
0.24108841530564815,-0.1341214208697101,-0.10120379335042388,-0.1151746630378907,-0.021535970124942388,-0.2612324686203015,-0.47092723256580854,6237,0.5278494116613416,0.13466503568959287,-1.5127883595696787,0.6374191880010344,0.4903791192334722,0.020857793774952893,-0.016492445004971643,-0.4003327418012043,0.0001543610542222
0.24402068327785023,-0.13243690113510553,-0.14606214642841814,-0.08773642463186032,-0.18335757682728399,-0.24037920491012507,-0.6140297755526228,6238,0.5240118565003394,0.1511415313440161,-0.049784933971551065,0.6379363847944145,0.449601338723193,0.014612988539834103,-0.017462588828793982,-0.3920411009992456,0.0110093628926355
0.0526084712453418,-0.23816107914413698,-0.3065667077617576,-0.3406409150235281,-0.2127252292854451,-0.32301383589727667,-0.6230645928669192,6239,0.5201897056423804,0.18454698542723835,1.1088565531327546,0.6384535815877931,0.4725780160794614,-0.0013080818085962394,-0.017026024108073974,-0.38048163349870134,-0.0011703642457959
0.09649453660779478,-0.17717444706837934,-0.22477982102615937,-0.2134047554414672,-0.20907867403705588,-0.2868392022653091,-0.480241586846292,6240,0.5163828828165012,0.1419162984292324,-0.19116232158313842,0.6389707783811731,0.46076656320743964,-0.02314659446136928,-0.05908175887075145,-0.39787059297526045,-0.0154363444672624
0.131064372727383,-0.061064235407443566,-0.05011704301340043,0.07263498176921532,-0.23286204384608455,-0.2075931456173372,-0.4626440067237381,6241,0.5125913125605617,0.15683612084074433,-1.7138849138822716,0.6394879751745532,0.37576961310837786,4.218930922013422e-05,-0.09420096529310308,-0.38865593051686775,0.0174893929459718
0.5407029449887097,-0.19916179819455423,-0.2990725585049914,-0.39175754372129723,-0.2837629848863462,-0.3042279946305755,-0.5522578691421021,6242,0.5088149202140047,0.22726032773786609,1.8005433587574324,0.6400051719679334,0.465542139161759,-0.01606944613835586,0.03739904440833514,-0.3704518508918386,-0.0198331980460459
0.44135556445787655,0.04448639123946648,0.037362605149315734,0.22928751505375097,-0.23244426692262396,-0.1775728209717458,-0.41845735914424376,6243,0.5050536319105712,0.1485175654347057,-2.1831747913014516,0.6405223687613136,0.35057552622847166,-0.046468761520190374,0.03739904440833514,-0.39326050743888014,-0.0114143404645386
0.707650933373008,-0.0030113907516433123,-0.0020032365239067086,0.21323505433517745,-0.255222838523739,-0.19108196706226202,-0.3651776048626155,6244,0.5013073745713539,0.24277335185912355,-1.2845841391588155,0.6410395655546938,0.28701495988015363,-0.07691013159599136,0.03739904440833514,-0.3728999018914395,-0.0164275214714142
0.8591449895354343,0.13615854644311617,0.18534499171473912,0.2220639077303929,-0.5323356182575982,-0.10668920246626858,-0.5801040453515721,6245,0.4975760758977612,0.3150724055615715,-1.8196811924245793,0.6415567623480739,0.31561721473689675,-0.08328388656356159,0.03739904440833514,-0.3454192679094218,0.0015479434804162
0.9458735231525489,0.27044767918663115,0.37341579970761646,0.5574719449737522,-0.6112374446115105,0.007510369470553072,-0.6249893611121292,6246,0.49385966436464107,0.2825378313954698,0.09898448384254244,0.6420739591414525,0.2412205178219246,-0.0833804784565186,-0.06888021149135368,-0.3190702610344176,-0.0067661158802945
0.9539818675762183,0.3860585912617614,0.6090141318885938,0.3569692725816313,-0.6294255316684331,0.08180223014984457,-0.46423062443126983,6247,0.4901580692136865,0.35215335654355917,-0.7884418146476473,0.6425911559348327,0.2006475657868883,-0.08333701210468794,-0.0698503553151761,-0.33383648626034246,-0.0008582308463573
1.1715771198915825,0.4654890106774626,0.6574993584262472,0.36059856516949845,-0.7067103618703554,0.13456748841974844,-0.5718439271390922,6248,0.4864712204466622,0.3779699171230628,-0.15788859806604758,0.6431083527282127,0.1575583872351601,-0.12502704298821699,-0.0708204991389955,-0.301778315372543,0.0118108121552409
0.46448574864640685,0.2693899445344797,0.06597972516937496,0.5362050997624752,-0.7230286489631209,0.047345098082021794,-0.5183784233501559,6249,0.4827990488189981,0.35395171751217364,1.1943372850715497,0.6436255495215929,0.22110599021775396,-0.1657855265827715,-0.07179064296281792,-0.3123164174131574,0.0097097680753397
0.20226283945810375,0.03636242765675151,-0.35020010171187504,0.5206788687596163,-0.7305713807489538,-0.06311558451012529,-0.3933998349227702,6250,0.4791414858333241,0.3050179810638229,0.9700971620150245,0.644142746314973,0.2659401079149774,-0.15747500706168605,-0.07276078678664026,-0.3286536524626399,0.019810824578844
-0.1656615961691386,-0.13503992224198594,-0.5819630486543882,0.2971868070235802,-0.6575622479182242,-0.18956562806114705,-0.4742674592126101,6251,0.47549846373320986,0.27284706588301155,2.048264011064179,0.6446599431083532,0.36572294731884747,-0.17351056368539713,-0.07373093061046268,-0.3362625770727605,-0.0071108357286408
0.32722144627035304,-0.010359186847629223,-0.36389471448865496,0.8628209174414951,-0.5758388541017306,-0.10471114979087752,-0.20606562553978952,6252,0.47186991549699275,0.18591406172516906,-0.8252577095553686,0.6451771399017318,0.31924315741138437,-0.15396073863992213,-0.07470107443428503,-0.35245612150724603,0.0116248892737634
0.14832077031332744,-0.10265430071436177,-0.48861985743881065,0.5837542765104894,-0.44613976398439636,-0.16350402690604046,0.18828399795913375,6253,0.46825577483160435,0.2439417890082337,1.174535023318846,0.645694336695112,0.3815245704255474,-0.1859749011590796,-0.07373093061046268,-0.3385909381424496,0.0076950702961433
-0.08194962283228194,-0.13204656550663613,-0.4965817584451797,0.554425540310655,-0.37829758423509335,-0.18422624733470072,0.21622868310856827,6254,0.46465597616667714,0.2066354502051804,0.755116676283874,0.6462115334884921,0.4164838067009219,-0.14976815654261819,-0.07567121825810745,-0.3483030211378237,-0.0013745356408071
0.0028881431760950206,-0.13705150192348356,-0.4719524922693873,0.593665219779473,-0.18051090617634571,-0.18794870936630068,-0.028835734174113007,6255,0.46107045464861907,0.17327421012729688,-0.21295517360300653,0.6467287302818722,0.4054535412535611,-0.17553192064337145,-0.07761150590574928,-0.35156978634560626,0.0114702284810815
-0.3370500793236584,-0.25524891876585415,-0.6073244581023067,0.14588258359331072,-0.1451928768509261,-0.2875936833031845,0.22162240813566864,6256,0.4574991461348077,0.19572429435737254,1.1580696152665313,0.6472459270752523,0.4669686702533165,-0.1749874908618215,-0.0921636632630791,-0.35451515259920546,-0.0015120204950944
0.31185994677518314,-0.2030229237843424,-0.5332677547433811,0.21525590313684595,-0.08307212717648627,-0.2573042443305275,0.320849892482291,6257,0.45394198718797274,0.12606528293588076,-0.22765121397079047,0.6477631238686324,0.4567523885915223,-0.15842086275273928,-0.0931338070868985,-0.3688404062663565,0.006410579730959
-0.058084332756386865,-0.2489294183564115,-0.5693376144614567,0.18497135150962793,0.011691072100435426,-0.2679243626652949,0.6224697841890894,6258,0.45039891507049334,0.16474069705724242,0.6179915085539992,0.648280320662011,0.48773309890350813,-0.12643759929662596,-0.08731294414396715,-0.3615235424133453,0.0114354497418458
-0.36015057356898483,-0.2855572152936217,-0.5812803583445143,0.07439606319589459,0.054047706089227,-0.2846538074378856,0.8304776563313708,6259,0.44686986773905685,0.15510383553422996,1.1543574012340148,0.6487975174553913,0.5490119060244065,-0.1539304992851114,-0.08828308796778957,-0.35730381711359804,0.0005454728715332
-0.2376614179825064,-0.23499221753269608,-0.4839287732912045,0.2706594950032057,0.24491618782280827,-0.2627399785415188,0.9532604334222801,6260,0.443354783839131,0.1135822590975545,-0.008017251794585917,0.6493147142487714,0.5451187053200287,-0.16504521617040532,-0.060148917076955216,-0.35706086528834113,-0.0034692969650178
-0.13488192051092243,-0.22335671668975815,-0.44655985648427016,0.26457447196480344,0.29328818589560013,-0.2538068169779747,1.194274839693972,6261,0.4398536026996983,0.10785402134210736,-0.43654586588858624,0.6490819756917504,0.526185282720116,-0.18558366707160504,-0.06208920472459998,-0.3520199865341323,0.0063162086404693
-0.23212785954507179,-0.27595946182701353,-0.4981794044443246,-0.063492137861507,0.31299443350212014,-0.2797425569725854,0.8153299041699744,6262,0.43636626432810793,0.13525576211930043,0.607875320994146,0.7027928626842506,0.5544264992982431,-0.23308071377124623,-0.06596978001988657,-0.3490590377464613,0.0040031629306389
-0.3230781009850277,-0.31224432247059974,-0.5279062126671411,-0.25244753503440115,0.44122889257341036,-0.30187868726821077,1.2895557122120909,6263,0.43289270940488167,0.10802799377567913,0.36098538390595897,0.7468321696405479,0.571990197654547,-0.2208942127736577,-0.0669399238437089,-0.3522267677781326,0.0009352697395523
-0.33482496624179275,-0.3528061741806739,-0.5567171794729247,-0.37883715442074106,0.5001074008543914,-0.3330571768653494,0.7324596259797512,6264,0.42943287927871265,0.0705777668941924,0.0335245154407967,0.7473493664339278,0.5706307777902879,-0.21876025167651814,-0.0814920812010358,-0.35866678805683655,0.0031474373300142
-0.5981911665434861,-0.387209989344913,-0.5700499970661993,-0.5181710852681506,0.5226912713752887,-0.39139004810661915,0.5342759736883185,6265,0.4259867159615361,0.07631753660529036,0.26964692102771864,0.747866563227308,0.5848707129548566,-0.19608841840349722,-0.08246222502485821,-0.3562674983018093,0.0009559762691486
-0.6295688241742504,-0.36883426111701795,-0.5219122135402807,-0.4663444772704742,0.5274312509121167,-0.3678069806233987,0.8745481723611465,6266,0.42255416212368657,0.055680488547553766,0.03573468957078406,0.7483837600206882,0.5854853561537783,-0.2228334811490331,-0.07761150590574928,-0.3645823848444781,-0.0010530182751714
-0.5058597430895657,-0.36199175621846846,-0.49228853069316064,-0.4171390453430044,0.5684971072079108,-0.3397931629967134,0.8467207133481703,6267,0.41913516108911725,0.057015163075192214,-0.1786798240418676,0.7489009568140674,0.5783042026877776,-0.2177553493805441,-0.07664136208192686,-0.3657606218475693,0.0011276720022683
-0.13542880131450674,-0.3048624794321802,-0.4138451635624454,-0.39871806985143604,0.6091048254459285,-0.32885851219184775,0.23519542268418334,6268,0.41572965683074653,0.04126746451843318,0.054104356978929354,0.7501680889578481,0.5781257254802862,-0.22937036428084745,-0.07761150590574928,-0.3593468151164813,0.0002448701595481
-0.4870322942670582,-0.3424378018020997,-0.4462767357588822,-0.432217150955256,0.616149113695744,-0.3241771891285214,0.5849229167357494,6269,0.41233759396586595,0.06293904266485266,-0.04010299239846904,0.7506852857512283,0.5765554222027768,-0.2314110565005668,-0.08343236884868055,-0.3494469536188881,0.0006365061996698
-0.41595916732375926,-0.2913054556333974,-0.36666740091847944,-0.48359750843530813,0.6588284497461401,-0.32649452252661876,-0.045003092369455745,6270,0.40895891775164955,0.034585426291990934,0.0016994661072828236,0.7512024825446085,0.5774869673727774,-0.2685869251307034,-0.0814920812010358,-0.3545644420944747,0.0057738414568313
-0.6107392852819952,-0.30246023680591444,-0.36306157295404395,-0.5872044542536204,0.6808750444936397,-0.34442285904418135,-0.000617957432563227,6271,0.40559357408072266,0.03170381311060507,0.550048499181334,0.7517196793379871,0.6031785052859584,-0.2667574635713977,-0.08440251267250297,-0.3525847792089675,-0.0016054490746321
-0.27692327230627206,-0.296437278077488,-0.3487938229225743,-0.5000814469519944,0.7085858438249962,-0.3250518142261488,0.4934844482124705,6272,0.40224150947686005,0.018551202880835185,-0.23762359628311136,0.752236876131367,0.5917200042435856,-0.2891447114139955,-0.08537265649632532,-0.34986882857460444,0.001754215027157
-0.5768998194803888,-0.32748341606373893,-0.373469480225149,-0.6093244489775629,0.6320361851451455,-0.3228950414235858,-0.1281297387838766,6273,0.398902671090673,0.01572540923972977,0.1210231036596428,0.7527540729247473,0.604488186259776,-0.2949441443678063,-0.08537265649632532,-0.34370683034441785,0.0053507150042371
-0.4516836281795175,-0.38372614151174694,-0.43843594190419755,-0.5918273519435684,0.6436340189332165,-0.3414076204483431,0.0423193360479811,6274,0.3955770066955268,0.0035943186827490916,0.5049064178999466,0.7532712697181274,0.6262572273266949,-0.26830214454259865,-0.09410395091072092,-0.34542113787884315,0.0028062705922202
-0.7645766583684178,-0.41093812032311144,-0.47083400484586424,-0.6751991679555203,0.723947101489532,-0.3622512228624976,1.0411171344976882,6275,0.39226446468340187,-0.05102777635698247,0.2332958379802291,0.7537884665115075,0.6400628341026452,-0.24995461877398753,-0.09507409473454326,-0.3442569340156572,-0.0007237286174085
-0.5918977239888168,-0.4441242871828324,-0.49824975319275133,-0.6715776411262894,0.7639493756097814,-0.374821844653529,0.22959271580469354,6276,0.38896499406091534,-0.057145310144413736,-0.14348931550060917,0.7543056633048878,0.6307227204636493,-0.27258481491159725,-0.0931338070868985,-0.3436477686705321,0.0025590264501251
-0.836196088202994,-0.46086073944699313,-0.5001320185232787,-0.6966418228266364,0.7659985042841456,-0.3829151249734258,0.7425109859691549,6277,0.385678544445357,-0.05178043218847349,0.20684110422072693,0.7548228600982664,0.6435613432544431,-0.2977759507212706,-0.09410395091072092,-0.341016430344123,-0.0021190521878686
-0.8314923281513436,-0.36011762113095513,-0.3657960581244342,-0.43055449203265517,0.7886110244667602,-0.33568386685975465,0.5253649334851929,6278,0.3824050660608865,-0.02896550807900168,-0.29242340143954754,0.7553400568916465,0.6259230346667491,-0.30758641003306497,-0.09507409473454326,-0.3420079597700413,-0.0069498065212962
-0.04008088167079439,-0.2822124808517067,-0.2774055500390773,-0.4613231791074982,0.7853685741597952,-0.2717725650464464,1.9027434113229686,6279,0.3791445097347744,-0.04673577285679441,-0.8080697695584712,0.7558572536850267,0.5838409176881367,-0.3052603214833607,-0.09701438238218803,-0.3388520466488468,0.006439541115963
-0.5550547218307125,-0.400487384887245,-0.41975762992131205,-0.6364213815466667,0.7189707076915616,-0.33392205922548124,0.21634480422925403,6280,0.37589682689367143,0.02142231814425119,0.6210827896692993,0.7563744504784067,0.6167249986033997,-0.37319152788590604,-0.11641725885862383,-0.3261446018352672,0.0038872926366604
-0.732275472661407,-0.4347759872643964,-0.4506098625005043,-0.7549701982350523,0.6870372465543629,-0.3681121559654524,0.2066702035589726,6281,0.3726619695600114,-0.01958424993832109,0.34866082074302607,0.7568916472717868,0.6352715324018231,-0.45829513699760366,-0.10186510150129696,-0.34235429715393434,-0.001106354233325
-0.37366733869813357,-0.444348920744852,-0.4587296122786522,-0.7543278005394173,0.6407198741886606,-0.3620387348454637,0.8823944550695652,6282,0.3694398903485146,-0.07493290223589615,-0.18433001909780877,0.7574088440651671,0.6255686386992417,-0.4852863580422632,-0.10283524532511938,-0.34014983836682644,0.0016372913434108
-0.49732686992384384,-0.4929893593134283,-0.5066216395143025,-0.8292653826553079,0.6141918316708678,-0.37034552505471885,0.8363912494870728,6283,0.3662305424626633,-0.058183050920312514,0.10847851859556967,0.7579260408585456,0.6319072692557819,-0.49273164460972957,-0.10671582062040597,-0.34237535010511444,-0.006682692277387
-0.08205045064257668,-0.29415919601030555,-0.2762125741492431,-0.6456920617368159,0.6071607142834025,-0.27155137515383726,0.9888704240503068,6284,0.363033879691395,-0.09988585047674449,-0.779558521988297,0.7584432376519258,0.5873952035565543,-0.5045239296225781,-0.10768596444422832,-0.3408654918048005,-0.000677605197013
0.1315259794415515,-0.23746109676523547,-0.21617591697846303,-0.6784079964974941,0.5703300543206803,-0.263134071089268,1.339624438614856,6285,0.35984985640571054,-0.07138078076587018,-0.13856619257599892,0.7589604344453059,0.5829650582852762,-0.5171743871238236,-0.10865610826805074,-0.3292390343624443,-0.0160308999137557
0.4080457647062066,-0.21217313059177956,-0.2431924127053142,-0.2692231405457109,0.5474428375728999,-0.25538065928662346,0.23739881811419833,6286,0.3566784275555137,-0.06022892667617582,-1.7774321494574028,0.7594776312386862,0.4873006016977871,-0.5696358684488655,-0.11738740268244625,-0.32955390308424376,0.0050694006103357
0.14844124059792715,-0.06053571564184764,0.0285599146216136,0.032257028535713266,0.4557751240020768,-0.15709937436199692,0.18257970844788873,6287,0.3535195486664081,0.004654406026877922,0.474772312734997,0.7599948280320661,0.5093629929139865,-0.6333220472700126,-0.1183575465062686,-0.32753709647249696,-0.0161614181478481
0.2912237288574802,0.1464466555725418,0.35032078582453546,0.07356763588914637,0.41055761846718336,-0.005671702332917571,0.17291016872458315,6288,0.3503731758366396,-0.018348319739481884,-1.791342230165522,0.7605120248254463,0.49703405400250245,-0.6462705826264507,-0.11932769033009102,-0.31599093571142256,-0.0068694310808047
0.6482084735613834,0.2247771876815829,0.41419077214741334,-0.1585464641557603,0.2666835869555646,0.06689799280120366,-0.2705024386688645,6289,0.34723926573405545,0.043470523759897545,-0.7995122553071735,0.7610292216188249,0.4475949418817817,-0.6830946391457412,-0.12029783415391336,-0.2959328241864438,-0.0080196481779251
1.145177725035868,0.26988682806986997,0.5110357745141033,0.1786213957307572,0.258209163652112,0.08126646218314125,-0.4968579116328427,6290,0.3441177755931774,0.04776820243982238,-0.922241379777171,0.761546418412205,0.3946536089175365,-0.7175995567373029,-0.12126797797773578,-0.2847576941732822,0.0196048707865368
1.490900254489518,0.26988682806986997,0.04299439950139059,-0.24195895910582413,0.1757540979987824,0.08126646218314125,-0.5784775016560028,6291,0.341008663212321,0.07494791305220232,2.0262381295485286,0.7620636152055852,0.6379067483372753,-0.7458184708872286,-0.12223812180155519,-0.28255373825682667,0.0247286786872285
0.1519509432859809,-0.07354913597262658,-0.3133772514243295,-0.5250539413902711,0.06275832892722011,-0.1324538508364434,-0.1810432266557011,6292,0.3379118869508307,0.004935847060822896,2.5731860591965567,0.7625808119989654,0.5819617644595831,-0.7265474333303172,-0.12320826562537761,-0.3034616077816097,0.0042549050603735
0.11222377009327794,-0.10126926970402181,-0.3368768027477049,-0.540227127176351,-0.025221899217221316,-0.13295335598603497,0.9671030696397932,6293,0.3348274057263004,-0.0973539391172446,0.38779146065975933,0.7630980087923456,0.6047574133509807,-0.7668513090778722,-0.12417840944919996,-0.3160923268260992,0.0046000389949152
-0.599224389734896,-0.2106634677020458,-0.4519591500634389,-0.6238983400005991,0.7766520427157529,-0.2081160117334274,1.21024304140415,6294,0.3317551790119716,-0.08715061769307496,0.42467357961860575,0.7636152055857257,0.6233192301766706,-0.7270304225225637,-0.12611869709684473,-0.320860958387663,0.0013495924290458
-0.7967693423260623,-0.25018745410603827,-0.46549108954751606,-0.5862337967394693,0.10368390865847926,-0.17744180253690595,0.9468277787656857,6295,0.3286951668340837,-0.14723466638062835,0.0777485021560283,0.7641324023791042,0.6300402138966701,-0.7694441913419074,-0.13193956003977608,-0.3222632375924011,9.62694934145e-05
-0.9638591420056961,-0.28806632372777247,-0.47628098870758584,-0.6545048137708913,0.29268894085269326,-0.23553809939156053,1.8946774723889983,6296,0.32564732976941807,-0.1626405291103949,-0.055985512599208136,0.7646495991724843,0.6259866260106751,-0.7347052134456142,-0.13193956003977608,-0.3201437146280486,0.0032247196044943
-0.9496598634136497,-0.27609783382392894,-0.4265876827990939,-0.5983970818650646,0.38751019958190164,-0.24373008780440789,1.0884003393525996,6297,0.3226116289428401,-0.16405056167622145,0.2779818619944847,0.7651667959658646,0.6418597269393661,-0.7817288206988877,-0.1338798476874179,-0.3158203332399967,0.0013433125172599
-0.8126372890070088,-0.22552300957433252,-0.3317409079013523,-0.6734640867673453,0.4918624974538356,-0.2337290962197358,1.2771354710184293,6298,0.31958802602488673,-0.16263541986745222,0.07716418016897127,0.7656839927592447,0.6435775551871381,-0.796870533354681,-0.1338798476874179,-0.32011069803556985,-0.0053660406505813
-0.6783752906311269,-0.14778904506936394,-0.20236847269623023,-0.49841789613502485,0.5299189667835429,-0.16817196442999854,-0.19843655446631142,6299,0.3165764832294828,-0.15657800620167553,-0.6389789442279397,0.7662011895526248,0.6119930872878764,-0.8262398864895227,-0.136790279158885,-0.3178019994518827,-0.0099229287293373
-0.3062570163251108,0.14805994482961876,0.5110357745141033,-0.09964858927835447,0.5685180973820917,-0.017718486269955997,0.8416906978936229,6300,0.3135769633117203,-0.14559099146918628,-1.1253937920283874,0.766718386346005,0.5494233509946445,-0.8300241192072181,-0.13776042298270744,-0.31265072386174403,-0.0005351755851155
0.6136338707963598,0.02192191473915907,0.03084750655657659,-0.3135815233501986,0.5254216035690518,-0.04139215262975646,0.7593461715438684,6301,0.31058942956561747,-0.10815344825995729,-0.12349230004848077,0.7672355831393837,0.5443737529293055,-0.8631666283647452,-0.13732385826198734,-0.2953211075732373,-0.0180596795515464
0.4418990125120353,0.21525715970092757,0.331285367800441,-0.11392170541778444,0.4084253691217717,0.07593136640034519,-0.36429841942861096,6302,0.3076138458220886,-0.0790649575392228,-1.9939373067452155,0.7677527799327638,0.43700526768060105,-0.8823053651491957,-0.141640998277994,-0.2898460562106956,-0.0094189971537129
1.3461863165041836,0.32490527461307045,0.453095139320704,-0.0038225939344923897,0.28130531442168843,0.1321280888466248,-0.1382537417987654,6303,0.30465017644690895,0.011010129873807558,-1.0716263077216643,0.7682699767261438,0.3842349551898438,-0.9405708617950088,-0.14746186122092528,-0.2727427229746074,0.012461215245624
0.3974358809374079,0.16195008168643826,0.15954405174550101,-0.1826170699947303,0.1358333190507189,0.015225645212492029,0.42296106889565693,6304,0.3016983863386677,0.05463660097653234,1.2637600281605426,0.768787173519524,0.4459020168602741,-0.9781586803081176,-0.15037229269238955,-0.266683982105046,0.0177450449685657
-0.24266827328704743,-0.045897048957511594,-0.14806768240265855,-0.4769267506703291,-0.03740907872455802,-0.10905596257836118,0.902572707121777,6305,0.29875844092692433,-0.0013872476090188532,1.8277667697636222,0.7693043703129041,0.5432922773811806,-0.9856915133721129,-0.15134243651621188,-0.2796915337821942,-0.0080135986698687
0.43250633821970574,0.00402055041994634,-0.08233228170311883,-0.31908848375284465,-0.03521420223889583,-0.05011793964000629,1.0647639541362501,6306,0.29583030617039635,-0.08931418151231982,-0.9216384471423874,0.7698215671062842,0.49211947117699106,-0.9837374141195766,-0.16686473769736412,-0.29618630713948835,-0.0078335376136927
0.4713274428120399,0.1918745488725909,0.2104316755599179,-0.033836249947130304,-0.12230913297593736,0.053326152366787824,0.5832276104879277,6307,0.29273292006024,-0.04281679346072406,-0.9024190851373941,0.7703387638996629,0.44321681209012326,-0.9962294897946838,-0.16783488152118353,-0.278610384828913,-0.0028127315857563
1.3100848071120013,0.28082876772613297,0.3025362516853472,0.12347214085719296,-0.1331644063063505,0.1244158142940939,0.691302266101689,6308,0.28964713752418175,0.016338008737983276,-0.36650815216229443,0.7708559606930431,0.4258624267689015,-1.0536577217826328,-0.16880502534500594,-0.2694234159571286,-0.0060372126946185
1.0959519680761292,0.3667224736690803,0.4180457792918717,0.1574617166931876,-0.12397302337196711,0.09531191422305203,1.0261722431056497,6309,0.28657291760328185,0.014179271675345977,-0.7107256860590546,0.7713731574864232,0.3904982046234587,-1.075282965978726,-0.1697751691688283,-0.26359654947510114,-0.0091611072637766
1.157901137484835,0.45192036514657863,0.5385067458181714,0.2351079186044181,-0.15531508910657937,0.20190878352822997,0.23549634219905322,6310,0.28351021983825464,0.030877886690444025,-1.044164031169032,0.7718903542798032,0.3361896336520622,-1.0322312497476596,-0.17074531299265072,-0.26228252783950895,0.01311476919242
0.6495571493463956,0.32126213379825574,0.286289934417419,0.20841573059249516,-0.2408080221308115,0.11728347433398613,0.7796856538508667,6311,0.2804590042668806,0.05282582824631634,1.3335190874486698,0.7724075510731834,0.4289719282994886,-1.0678121515167183,-0.16686473769736412,-0.25024792164982873,0.0021078209522662
0.5822556546529636,0.22493655941889995,0.11209700494172267,0.3215155454064542,-0.27455126882381914,0.09330345248249505,0.9604688730810098,6312,0.27741923142146097,-0.012591931744649848,0.15870192102757857,0.7729247478665635,0.43502876726401046,-1.0203081492542339,-0.16783488152118353,-0.2522924844145071,0.0050728763721217
0.5317491498574805,0.12956260077846163,-0.04908138357561797,0.14099180750126653,-0.26741361113362766,0.019227403589335994,0.9958347576640607,6313,0.2743908623262133,0.0015562546511039633,0.4752288685404568,0.7734419446599422,0.45901160360005466,-1.0779209369159508,-0.16880502534500594,-0.2503136275120883,0.0148709867586936
0.5769964151529923,-0.09862247172659143,-0.41339980832208484,-0.18254653932354029,-0.3382992774870801,-0.11124833850733866,0.0950167829367374,6314,0.27137385849491774,-0.04059228883391272,1.5209954648959938,0.7739591414533223,0.543136239292169,-1.051546950336003,-0.1697751691688283,-0.26554780863914285,-0.0054827756337683
-0.11931989038781601,-0.07362773324601814,-0.34489886937596065,0.0032859519944842893,-0.26885851095779134,-0.07421791640879348,1.348934929894881,6315,0.2683681819284881,-0.12379827131033884,-0.6515033877664839,0.7744763382467025,0.5086065711094363,-1.0776117024372922,-0.17074531299265072,-0.2774112969447231,0.0023418063786591
-0.1950795512248765,-0.18053925192488504,-0.46747279165379657,-0.2146564585583498,-0.23888888706913966,-0.16293931683981075,1.5291760904675786,6316,0.35210368089301214,-0.10567288301861996,0.18367706395544314,0.7749935350400827,0.5206083478053579,-1.089332374991585,-0.17074531299265072,-0.269185159470019,-0.013190557357581
0.2351760781565582,-0.01935123323948473,-0.2198260800367657,0.0569520300045129,-0.20318016033991718,-0.06291324359099486,0.9279197193074371,6317,0.40385186654554933,-0.10532035993080863,-1.4741740271210324,0.7755107318334629,0.4407809503183621,-1.101926090089542,-0.1775363197594044,-0.27993268066321186,-0.012824307090194
1.0322964574522715,0.28724654198585403,0.2616287620675945,0.3737659904995933,-0.2406471150060894,0.15388712104866972,1.0451615941726642,6318,0.44606031638441834,-0.05913663245556032,-1.4351239758528698,0.7760279286268429,0.36141418769562167,-1.077267137514878,-0.17850646358322683,-0.272722798011178,0.0092445290240019
1.3448412275147608,0.12864913210691112,-0.07151596493931403,0.14195258296909233,-0.25180180769881305,0.021089048006946606,1.6529367717262287,6319,0.44606031638441834,0.008829598052328063,0.9204600650016888,0.7765451254202215,0.41236366680613196,-1.1083960805754607,-0.1775363197594044,-0.23693256604125174,-0.0125758577288336
1.052111208399378,0.34049745873801485,0.275842373458577,0.5871758668560892,-0.27994296487676235,0.1917786580548921,0.6513179553220553,6320,0.44606031638441834,-0.02850750921838722,-1.408562201109729,0.7770623222136016,0.33586882002937446,-1.1186701295971648,-0.17850646358322683,-0.25888003725370706,0.0123840563671378
1.6855167494399936,0.19469467430055637,-0.06219947215696212,0.21328179238762657,-0.38060523650615846,0.1078793450231191,0.6323157462084804,6321,0.44606031638441834,0.06849321887286401,1.2556314032413278,0.7775795190069817,0.40597241912493504,-1.0381878550107801,-0.17850646358322683,-0.23802258968790316,0.0144611724180488
0.34022010049545626,-0.0054964154781362825,-0.36709652494625383,-0.048583389143810995,-0.4019156719164233,-0.024297422704629906,0.4585507585295285,6322,0.44606031638441834,0.01378714225849054,1.477317072112651,0.7633307473493666,0.48542381761784376,-1.002240732375314,-0.20761077829788058,-0.2468701027483905,-0.0038078499412851
0.5926363904455819,0.09158175711373583,-0.20501897892898027,0.12170370406787087,-0.35770199361679883,0.06497962715015049,0.41226402463326106,6323,0.4271899281354161,-0.05506468331586577,-0.4727251227771253,0.753943625549521,0.45882539838874903,-0.9120806554315366,-0.20858092212170293,-0.25128194832972955,0.0100950700989944
-0.2145036010037977,-0.05026030866781664,-0.38381893195209793,0.05103701137163225,-0.40651198541930417,-0.043536462082469154,0.17462623721700307,6324,0.4238350502124461,-0.029860050603336654,1.0112879217630724,0.7768295836565806,0.5152422620806171,-1.0077764715814042,-0.20955106594552536,-0.23854206355518692,-0.0027653796615694
0.2748287133162938,-0.0069316428560146975,-0.29802922810470533,0.42289651883327195,-0.3426996942410514,0.014935584896508595,0.40183264174059224,6325,0.4204937413689624,-0.08522575584146692,-0.36141112124213826,0.7768295836565806,0.4926936609071155,-0.9635463988788217,-0.2173122165361014,-0.24755261513823487,-0.0044757961222153
0.07829607803860135,0.11625051031109551,-0.07403685913929102,0.3846276829716277,-0.26089781155845776,0.0907474556619696,-0.2372060847146784,6326,0.41716594928038797,-0.042364874093981736,-0.5440203807511886,0.7768295836565806,0.4653671579237886,-0.9294658794975531,-0.21784579563920373,-0.24144486338792817,0.0106533740279411
-0.09416960186319427,-0.011212912533043316,-0.24662834073571624,0.1339227930378931,-0.2716760771372299,0.0023589954102208105,-0.42009944258196735,6327,0.41385162226801175,-0.0003225640605072009,1.0708801820058997,0.7768295836565806,0.5241195446474961,-0.8934458768352163,-0.21881593946302466,-0.23215677109326177,0.0005802429441419
-0.1880088385240856,-0.03677149286128405,-0.25407940490729525,0.11602181714732304,-0.2637920704454852,0.001299543214616803,-0.15595826407592212,6328,0.41055070929495086,-0.08609569501226644,-0.004305962820742531,0.7768295836565806,0.5209784547210647,-0.9427474191804135,-0.22022264800756564,-0.2414285668542999,0.0096167785670451
-0.4697545880679993,-0.1949149143023705,-0.4466061649489283,-0.2505358985115745,-0.18957355551856567,-0.12905112370458965,0.06251316773494812,6329,0.40726315996222945,-0.10493404319847553,0.9602360269687346,0.7491336953710878,0.5745272102821505,-0.9686250169458583,-0.22119279183138799,-0.24158827223551999,0.0041164078635769
-0.6269707839189026,-0.2584703658577239,-0.49459884198285237,-0.2114650255485453,-0.14053061754367568,-0.1487257577606268,0.6371335142004164,6330,0.4039889245049336,-0.09480988159794336,0.3731161281841879,0.749650892164468,0.5956852626837015,-0.8982000841342667,-0.2221629356552104,-0.2502172360484664,0.0015730769813022
-0.7330041865696313,-0.14860335096992164,-0.30655455416770094,-0.16802458020084343,-0.028456976865155078,-0.12408979222052323,0.6728729416592227,6331,0.40072795378848114,-0.1088709942607533,0.10166718415675528,0.7501680889578481,0.6022272367294341,-0.8489127498579285,-0.22313307947903274,-0.25446093312067525,9.51881740605e-05
-0.5181904970976117,-0.18266085318313843,-0.3255601326356816,-0.11377462636752556,0.04287885712298586,-0.09644039521098569,0.4984268770679902,6332,0.3974801993049044,-0.13026589204238537,-0.05607975231428572,0.7506852857512283,0.5975069223062133,-0.8490453959298231,-0.226043510950497,-0.24866549476143543,-0.0007138436409196
-0.6626158547671012,-0.19849580173634063,-0.32000433737606526,-0.1575603596588217,0.09400381118323872,-0.15892279895384095,0.41538206713468706,6333,0.39424561316928447,-0.130474995345867,-0.14247699252995627,0.7512024825446085,0.5886271363936786,-0.8829531100284645,-0.22701365477431934,-0.24936748714391488,0.0059958090942771
-0.3923162725186657,-0.297224891799705,-0.43437930320206825,-0.37565241520904585,0.13122238599696145,-0.22872059629124514,0.47865625901765546,6334,0.3910241481162674,-0.14336094599158553,0.5736981070956493,0.7517196793379871,0.6190441707203738,-0.8976179983796033,-0.2328345177172507,-0.2470387921480453,-0.0001420194222837
-0.7712331462214295,-0.2713834178525869,-0.37436257235147247,-0.4510325276027264,0.22286919225013824,-0.20412033172593844,0.6059991319806207,6335,0.38781575749656927,-0.1563000622250558,-0.08144160323154213,0.752236876131367,0.6147329073459274,-0.9123622339324365,-0.23089423006960594,-0.2555739907253956,0.0028455227670454
-0.6481370818027484,-0.359294812427649,-0.4678574028993948,-0.605266772542211,0.2881196258227451,-0.2854206593880409,0.5411165713018706,6336,0.38462039527371505,-0.15964093422264214,0.2374427577808827,0.7527540729247473,0.6288197835834201,-0.9461498711013586,-0.2405956683078268,-0.2532348632524111,-0.0008498182569689
-0.6879498554653907,-0.34543024398610644,-0.4350061497505245,-0.600960605810607,0.348129376788316,-0.2702082316907042,0.659399426877168,6337,0.38143801602065835,-0.1651237256889423,-0.15699065486673086,0.7532712697181274,0.6220032038705624,-0.950491774646444,-0.24156581213164915,-0.2657617564751562,-0.0011813070938258
-0.3820077517083197,-0.3385029997818239,-0.4148509240652916,-0.5868489273683374,0.3816033158941259,-0.27210891628487627,0.37453593820163555,6338,0.3782685749167409,-0.15537457706458194,-0.19237311952326203,0.7537884665115075,0.65174942574116,-0.9057412803114903,-0.24253595595546865,-0.2605847905593675,-0.0034061880032189
-0.5599035036836911,-0.39667058658465404,-0.47256630058384197,-0.5415410811280215,0.4252533585856082,-0.26800517761570203,0.28210763995094434,6339,0.37511202774442864,-0.13994720589798657,-0.4298525196986571,0.7543056633048878,0.6314356073587022,-0.9460438198035847,-0.2473866750745805,-0.26455822361157133,0.0063134911734452
-0.8073031622631593,-0.4275665959841949,-0.49056766495511767,-0.7526228655987001,0.3778288049393014,-0.3107013564986146,0.006235568818497261,6340,0.3719683308864025,-0.12092937949267588,0.6076284674110192,0.7548228600982664,0.6661454191730056,-0.8932736921329888,-0.24835681889839992,-0.2658045828103576,-0.0041039670940862
-0.19216276263515125,-0.3439557729005577,-0.38553268857289846,-0.6325043738154418,0.3818840717938063,-0.27876390250577127,0.48271175961636803,6341,0.3688374413225301,-0.17397473825322587,-0.5043104818967904,0.7553400568916465,0.6363650279989972,-0.9418210165663503,-0.2512672503698671,-0.27314263171343145,-0.0042151388358188
-0.3413857007021186,-0.3071132100084754,-0.3360548041706705,-0.6272085397170832,0.3463444358899492,-0.26608814499980243,-0.1422360216935898,6342,0.3657193166270138,-0.16095704139233402,-0.5161767343472703,0.7558572536850267,0.6079327808966082,-0.9195637450516352,-0.25223739419368946,-0.26809238374494637,0.001093563923183
-0.5558167299901873,-0.3278008156594201,-0.3544393903403455,-0.7147280241968417,0.25422199660873557,-0.29370335632796096,-0.3172641496844261,6343,0.36261391496562584,-0.1138721772171522,0.050484906068226254,0.7563744504784067,0.613502226515391,-0.9208331066596203,-0.22119279183138799,-0.26874614727244317,-0.0140644304365454
0.018127123383674167,-0.2072035400602144,-0.1973220635376381,-0.4073051852350232,0.24806205270426387,-0.20550071912781362,-0.09739542764912289,6344,0.35952119509291436,-0.14246036818096286,-1.5674495160452806,0.7568916472717868,0.5254906775935576,-0.9382334233974277,-0.22992408624578645,-0.2719342725165434,0.0041445785581424
-0.4127443958187409,-0.22231699713327802,-0.21282944192746603,-0.49134097998695014,0.11266185902854811,-0.22581812161781778,-0.2909650330363509,6345,0.35644111634964476,-0.07053093933761811,0.3761441907416486,0.7574088440651671,0.5477257157931213,-0.9567318173389775,-0.23089423006960594,-0.26361950805896206,-0.0162219235994615
0.22453977031403527,-0.05056514927029549,0.028406414045915183,-0.2625829330992427,0.0678448196787268,-0.12863495104936543,-0.4017812727884879,6346,0.35337363866013644,-0.105568311621986,-1.7977360810693903,0.7579260408585456,0.4436359975201295,-0.9654968073922948,-0.23186437389342826,-0.26309416229974897,-0.0023416921324446
0.22832117946181082,-0.031079905876753747,0.04284720689652318,-0.1307604860891624,-0.03450512403397504,-0.10056039002383559,-0.696284796189606,6347,0.35031872252986457,-0.03569762588313158,-0.3162087281948704,0.7584432376519258,0.4307873358371093,-1.0114489840767809,-0.2328345177172507,-0.24947019706542173,0.0127139365282367
-0.3622037026603302,-0.18502305229557098,-0.18603207952777429,-0.3913098453792928,-0.2165581503451907,-0.217493533393417,-0.5035166600384168,6348,0.34727632904295896,-0.026889493669498346,1.2907777793527087,0.7589604344453059,0.5042215746889736,-0.9978975268585172,-0.23380466154107302,-0.24305056678811926,-0.0061458233358187
0.6291465012343929,-0.12267643098649374,-0.12974039632983672,-0.2448387123307922,-0.2552447809811901,-0.16545974726191898,0.14904958138904634,6349,0.3442464198599219,-0.11525015705648681,-0.7222973935098075,0.7594776312386862,0.4656622752089933,-1.0118660813633868,-0.23477480536489545,-0.25617615251407494,0.013374325783762
-0.470555374279716,-0.1639688491432471,-0.17680127916832916,-0.3399227179643115,-0.3271876975524696,-0.215742743068875,-0.19207945584574493,6350,0.3412289572153323,-0.07099304304745405,1.3612448242697364,0.7599948280320661,0.5452785079792425,-1.026343056869453,-0.2357449491887178,-0.24905140605772833,-0.0029724804110865
-0.362962210894268,-0.15817862432646276,-0.15747116901338445,-0.23668890322433547,-0.30719195480633826,-0.20705870498498033,0.4609536014289601,6351,0.33822390391562124,-0.14565443620191404,-0.38362380837577525,0.7605120248254463,0.5228643697540927,-1.0448500493996786,-0.2367150930125373,-0.2536683311672909,0.0120215424270982
0.6127169513794278,-0.34052176475959633,-0.47716207372303016,-0.5074930159388191,-0.27398030510174615,-0.3162442969433273,0.07342169925855674,6352,0.33523122333701116,-0.11916853102120098,1.216744235258792,0.7610292216188249,0.5951390135060224,-1.0840368293753595,-0.24156581213164915,-0.2528262760110601,-0.0045614367907038
-0.12016267686945045,-0.3295184658145105,-0.455081688202098,-0.38057340682609564,-0.2886868042008054,-0.25945477181364207,0.9479554288912857,6353,0.3322508794234381,-0.1590051404041108,-0.5532042767218852,0.761546418412205,0.5626351101508115,-1.060183759050996,-0.24253595595546865,-0.2586833602798765,0.0088268148850936
-0.49051710404833126,-0.4433319538232995,-0.5822386013082328,-0.4226780371488945,-0.2624508394964542,-0.2863040065106228,0.3480358120326035,6354,0.329282836684562,-0.12758096795151486,0.8759168615886145,0.7620636152055852,0.6158963370222866,-1.0837676419537234,-0.24350609977929097,-0.25241070218469014,-0.0019485763840406
-0.49862680818115407,-0.40127641440418577,-0.5116291021642805,-0.33591099781037526,-0.11685989445773654,-0.3051691945293614,0.8241683096368565,6355,0.3263270601939094,-0.19766120579781335,-0.2742055486216495,0.7625808119989654,0.602655256375844,-1.0489602402400842,-0.2444762436031134,-0.25159630533558963,-0.0056190474296177
-0.24986585030425393,-0.3790314386420868,-0.47568448688642634,-0.22705633824119073,-0.08366861620090016,-0.2992076240790207,1.1567984110947844,6356,0.32338351558700157,-0.21319409999561598,-0.6659843888214944,0.7630980087923456,0.5487544890927107,-1.0282914741419624,-0.2512672503698671,-0.25096923344217253,-0.0146537692571563
0.578601816091803,-0.17920238265105073,-0.2277025558283678,0.025815566102848318,-0.07361018611407746,-0.19520003558570498,0.012645974352248414,6357,0.3204521690596428,-0.18807445110667215,-1.6303971593385858,0.7636152055857257,0.45600621952687276,-1.0385177567262607,-0.24932696272222232,-0.25041430772893924,-0.0023814151467066
0.45095264598443763,-0.13919334544623735,-0.18981564805916126,-0.07071333042409912,-0.0657482149666522,-0.19496191012492303,-0.329135272338401,6358,0.3175329873661949,-0.065603121901253,-0.3205130660597136,0.7641324023791042,0.43916177684253543,-1.0123960119533808,-0.25029710654604465,-0.24136982207661373,0.0022896675795183
0.143755264798458,-0.21962774653079462,-0.31108395277637774,-0.22556217779814017,-0.12164554136906829,-0.21382365774344017,-0.7074868580467838,6359,0.31462593781799636,-0.06772848231628271,0.1780690914437764,0.7646495991724843,0.45129287990800826,-0.9621990666751495,-0.25223739419368946,-0.2435409702097909,0.0121998639496919
-0.639027642259838,-0.28146246155407983,-0.3732574137514631,-0.32754333285242115,-0.18640995557319398,-0.26375687571506967,-0.4770827357600424,6360,0.31173098828184215,-0.1228306200884304,1.2358207028038593,0.7651667959658646,0.5238350276387167,-1.025421003722257,-0.25417768184133127,-0.24251834602819827,-0.0087394959387764
0.07302420633352395,-0.1943770264857887,-0.2530939348527625,-0.16796814606827581,-0.17748288044260935,-0.19697237474427293,0.37135137422216047,6361,0.30884810717849204,-0.17261387655152555,-0.9991192899512643,0.7656839927592447,0.46671806232504615,-1.0277480025690169,-0.256117969488976,-0.24407270061859326,-0.0035363079549188
0.5034828800412475,-0.21459415952370686,-0.3060290106762013,-0.142392948054022,-0.2182644999150913,-0.21847202917673686,0.11220393663910924,6362,0.30597726348129434,-0.1329655051344313,-0.44376286845354507,0.7662011895526248,0.44006348494281,-1.062146883046783,-0.25524484004753595,-0.23824346625716206,0.0035731652408406
-0.011691921936138893,-0.2640646681071698,-0.3723409317851274,-0.24950066145475697,-0.23940826523829908,-0.2314410808650982,-0.23937999388541906,6363,0.30311842671485634,-0.09251291395653359,0.3151098803174147,0.766718386346005,0.4595843405009743,-1.004370315477855,-0.2790618709223642,-0.23630314928666799,0.0067575748114601
-0.17781430776808,-0.2561196197069644,-0.3514406590378176,-0.2847785699972663,-0.2354007969689853,-0.27481990179371485,0.13880567100384586,6364,0.30027156695380025,-0.13807712087981416,0.6550290790744332,0.7672355831393837,0.49816034516106583,-1.0390482370350063,-0.2983677330164201,-0.23625023541590337,-0.0026463935347247
-0.4950391715005625,-0.2515073896836706,-0.3256662691892232,-0.21021660479008994,-0.1904085366090057,-0.27691226505452043,0.33221065656451726,6365,0.29743665482162174,-0.18705574700632932,-0.34871077673696615,0.7677527799327638,0.48278143934125806,-0.9687723884165217,-0.2988042977371402,-0.24303739717638131,0.0033529526166671
0.5866725625299567,-0.34204507615499585,-0.47676480167840596,-0.3350231599423684,-0.23949022712035545,-0.32051797686646133,-0.09380008943977365,6366,0.29461366148956536,-0.13176263770464003,0.29160481913459496,0.7682699767261438,0.4968913081175022,-0.941862831126286,-0.29987145594334336,-0.24380487738684292,0.0044476494401539
-0.08653583105872557,-0.44343082803860767,-0.5996020119822643,-0.5889793247850268,-0.25076867049943635,-0.36216980292860546,0.03510980222246704,6367,0.291802558675555,-0.18993655649986466,0.4084289972787173,0.768787173519524,0.522243538302561,-1.0237526534800887,-0.30287890179719124,-0.24318326820704628,0.0054571565741627
-0.8311095635223723,-0.5018227367437336,-0.6422189387080476,-0.7293993581810058,-0.22745225683729764,-0.3434264812006406,0.006661469510848444,6368,0.28900331864334655,-0.17888063047114874,0.5161817977297704,0.7693043703129041,0.5525807192878487,-1.0111242093543507,-0.3051587397831724,-0.2490249988625504,-0.0045229478536448
-0.5385556065161577,-0.3460533417992522,-0.4288846313207642,-0.4032829242089168,-0.12876226742541688,-0.32891841363127217,0.08005266503683438,6369,0.28621591420153325,-0.2017116075854272,-0.5490532635674378,0.7698215671062842,0.5210567953854476,-0.9767113834144794,-0.3085057359753581,-0.2603438747057875,0.0019130517894969
-0.16634094442294628,-0.37659567108204123,-0.46351403167461247,-0.45728519429406306,-0.12891055051759676,-0.3806571932719578,0.1257042169146516,6370,0.283440318702784,-0.1679531971851873,0.1379342464770615,0.7703387638996629,0.5286550782479087,-0.9753293961352073,-0.32499818098032973,-0.2518269806555425,0.0044870877311156
-0.6591713750791003,-0.4717851575073228,-0.562469901435576,-0.5428337163743607,-0.10048914325619879,-0.39816978750396087,-0.20840381800158475,6371,0.2806765060431138,-0.182886016737255,0.4126601644162224,0.7708559606930431,0.5585166382868277,-0.9454510145038184,-0.3259683248041521,-0.25119633679843223,-0.0002851303895704
-0.365924291025417,-0.49925558845386747,-0.5856531279491443,-0.5339225516538448,0.017013653200326127,-0.4380200449699249,0.143205785286941,6372,0.27792445066122434,-0.23238591916828566,-0.09669538388079081,0.7713731574864232,0.5509351980518649,-0.8704067808076387,-0.3201474618612208,-0.2528924362238226,-0.0115035415100307
0.10635157118871041,-0.349904361019329,-0.4088105836032326,-0.39726961427649843,0.05917906694082568,-0.34744562076581104,-0.3116623160948613,6373,0.2751841275378897,-0.20046330432506657,-1.2941480627488078,0.7718903542798032,0.46141077456863294,-0.9009287699730439,-0.32111760568504316,-0.2532456565186473,0.0091368119900925
-0.5629198252577322,-0.41768616777092893,-0.4798045930758461,-0.4752679373946028,-0.02046018671365564,-0.40959766339638404,-0.7014341296599043,6374,0.27245551219541536,-0.11026076518349899,0.9089625612505875,0.7724075510731834,0.5168627523376106,-0.8673244263527373,-0.32208774950886554,-0.24607537611678673,-0.0011913272762144
-0.32434476466224077,-0.4228610762574518,-0.4791856858542484,-0.46458614544720844,0.02512381104619739,-0.4159052938883913,-0.3493433384875512,6375,0.2697385806972731,-0.16837589885324494,-0.19342105228508608,0.7729247478665635,0.504714743220417,-0.873646675866111,-0.323057893332685,-0.25056586686189003,0.0049141220921995
-0.33343774213626043,-0.4855882109323118,-0.5499153559783097,-0.601054251618677,0.03181456536046529,-0.4225713823455418,-0.2104886940870394,6376,0.267033309647646,-0.1552050899743418,0.45821936814231234,0.7734419446599422,0.5345765770545596,-0.90218981215868,-0.32402803715650735,-0.25024372051970867,0.002516260987786
-0.44601683912573814,-0.5121440274484238,-0.5720270330749943,-0.5421017017404341,0.032051372150506345,-0.45492818698673126,-0.10895671516797643,6377,0.26433967619118187,-0.16144121624906796,0.2022764031162049,0.7739591414533223,0.5470237546199058,-0.9011817150220237,-0.32499818098032973,-0.25177479522693574,0.0023200415213773
-0.7308468973948924,-0.5342726020960261,-0.5820569181231658,-0.4877094719964588,0.021703433634234492,-0.44465505981944337,0.15964103377511435,6378,0.2616576580127726,-0.1782899304208655,0.18133232427191967,0.7744763382467025,0.5588911060516694,-0.852094112813067,-0.3259683248041521,-0.253398952657029,-0.0041573372257728
-0.15496384843126043,-0.437040867675384,-0.46843506878169766,-0.3684292429493385,0.16936512284859098,-0.36874853700460136,0.029043462608566797,6379,0.2589872333373488,-0.22652320918726424,-0.5100287062357591,0.7749935350400827,0.5295783155380812,-0.8514186515520497,-0.3279086124517939,-0.25246264337451774,0.0031788202498712
0.44610357205540707,-0.5199741254573176,-0.5979764746691542,-0.46202355380813787,0.1810343416207668,-0.4386737952942656,-0.02732188843067495,6380,0.2563283809298664,-0.1777000971619803,0.27303987548469133,0.7755107318334629,0.5446268995955628,-0.8611510661534658,-0.3317891877470835,-0.2472644975991591,-0.0041146421850698
0.40948417806038984,-0.4048535858004971,-0.48353335452985763,-0.41980633926449124,0.22616383497719597,-0.3636353766636832,-0.39029011548813797,6381,0.2536810800953213,-0.19439256284032716,-0.505449920054087,0.7760279286268429,0.5178534971232635,-0.8585386405120861,-0.33275933157090587,-0.25497055459119233,-0.0100204208132881
0.5528676948239879,-0.26800971204282176,-0.3339808161094398,-0.21546570462372883,0.21122701353004553,-0.3053561940911797,-0.40925545969308347,6382,0.25104531067871855,-0.1818047181754308,-1.1357567012999712,0.7765451254202215,0.4501485655841276,-0.8228036205150118,-0.3337294753947253,-0.2452696926030665,0.010841408329918
-0.23652809437529498,-0.4859446621987279,-0.605814094557278,-0.527576999932525,0.14224627591301034,-0.4303553545886056,-0.53973102904645,6383,0.24842105306536727,-0.13843140258044034,1.0909721942858965,0.7770623222136016,0.5170710350225665,-0.7963823952532831,-0.33566976304237034,-0.2425625932323167,0.0028473804006803
-0.5938187123063279,-0.46794737472668924,-0.5651060719088502,-0.40641329077570065,0.11482268909168583,-0.42431016734578286,-0.47494241512951396,6384,0.24580828818100997,-0.19200165742558553,0.23770541959880895,0.7775795190069817,0.5332936384969291,-0.8083058858672989,-0.3376100506900142,-0.2512390854477041,-0.0114518267454277
0.28291007467535917,-0.29447998067489345,-0.35812229754987446,-0.06648489999073953,0.09673091779446966,-0.32200165990724494,-0.39145316730391005,6385,0.2432069974921312,-0.1647390833642522,-1.288563749103683,0.7633307473493666,0.4539309910913755,-0.808464004766313,-0.347311488928233,-0.2506360725982089,-0.0041168022277665
1.0425963734564738,-0.19413316003676676,-0.27783882075381083,-0.031112288736155673,-0.00261606627819297,-0.2755753375638711,-0.4754494896646363,6386,0.24061716300639566,-0.1137563876424887,-0.5056593005712173,0.7510990431859321,0.4225301836130254,-0.7702313970602054,-0.3482816327520548,-0.24376720018317716,0.0039896173398217
0.1274671738878398,-0.19581106688797698,-0.28149202784268207,-0.07603739919469629,-0.15085161497877816,-0.27266758180102013,-0.6708910035457764,6387,0.23803876727307285,-0.15322690935060912,0.35960393592536427,0.7768295836565806,0.44379675788248835,-0.7690729384003088,-0.34925177657587686,-0.24023047496532246,0.0131660845535164
-0.6634042093303953,-0.46540301457401073,-0.6114122035225247,-0.3026514185696576,-0.13705161307503647,-0.40768244102809253,-0.6057596948415687,6388,0.2354717933835924,-0.15310782877026857,1.3390819477313272,0.7768295836565806,0.527093502862262,-0.8249594646399498,-0.3463413451044112,-0.24197891489447698,-0.0047963330187027
-0.3273937530586936,-0.34676690783683684,-0.4471060510621294,-0.08932335903751379,-0.14434269429577942,-0.3449420913882269,-0.17812833336469894,6389,0.23291622497208553,-0.22206121240427024,-0.5781910769691999,0.7768295836565806,0.4910733821304053,-0.8109510643118297,-0.3502219203996987,-0.2469673451501043,-0.0029676411873669
0.48922049953788677,-0.3448614745783428,-0.46733935367334445,0.004561665887670488,-0.12780139283092198,-0.3097082912430144,-0.2902203697239325,6390,0.23037204621618979,-0.19310031328961455,-0.3830001175889372,0.7768295836565806,0.4689731388459144,-0.8239033687586286,-0.35119206422352045,-0.2388594302013007,0.0001904946727944
-0.1082970542281279,-0.3561552616231851,-0.47457058609691105,-0.14764386178210176,-0.11670238739089905,-0.32176803797243764,-0.5509490745855833,6391,0.22783924183775095,-0.21619087378413654,-0.04592810279085058,0.7768295836565806,0.46413645507017914,-0.7729621795094436,-0.3531323518711644,-0.24042705315480847,0.0104275779196552
-0.6552847512469383,-0.4774726704171737,-0.6019476659110914,-0.29709055809098545,-0.12895122508445822,-0.36500199049033955,-0.355712983792212,6392,0.22531779710369992,-0.22535203943229315,1.0467363708173212,0.7439617274372896,0.5308669959557256,-0.7694356913341336,-0.3531323518711644,-0.24324570417664135,0.0010838320216286
-0.522775888045769,-0.5200289975410262,-0.6338739412526943,-0.26979827675130624,-0.059651861380032,-0.4037278095970663,0.07212156476534959,6393,0.22280769782696055,-0.22974769967682593,0.04942496391026536,0.7444789242306696,0.5330986034459849,-0.7681180271123438,-0.3608935024617393,-0.2435070698456427,0.0031067600508862
-0.8994602955114586,-0.4772671751579916,-0.5574928854833319,-0.2836349143363627,-0.03247277247009699,-0.4423857781210317,-0.06804088483317935,6394,0.2203089303675177,-0.24886645215691053,0.265348311968087,0.7449961210240498,0.5501743173834127,-0.7752616289622786,-0.364774077757027,-0.24537589828029518,-0.0003284845861474
-0.5754214330761678,-0.4622417327215323,-0.5234448932853327,-0.3608583376456917,-0.0413747896608207,-0.43595535967918364,0.220141516117603,6395,0.21782148163345416,-0.282199478357076,-0.10130174713660414,0.7455133178174299,0.5431168569646234,-0.7880480366062633,-0.3638039339332049,-0.252736964020684,-0.0007041260371752
-0.3794211901704254,-0.4577926553906448,-0.5092998684390511,-0.381986055744611,-0.014010776441100336,-0.4502647649822267,0.2940183709778532,6396,0.21534533908215145,-0.3090811141491894,-0.14141815292843002,0.7460305146108085,0.5339922818887675,-0.857233865697598,-0.364774077757027,-0.25421039074882223,0.0029124390906092
-0.7372554959804907,-0.5494271232386265,-0.5996686866911448,-0.5320594292976762,0.009267213188845687,-0.512091131343655,0.2187581238344056,6397,0.2128804907215915,-0.32371840570967886,0.24458527418020254,0.7465477114041887,0.5463601957745041,-0.8383951617466643,-0.364774077757027,-0.2515854266718572,-0.0023887588572825
-0.7826902942643611,-0.5460333550100711,-0.5787740630496573,-0.5025460092703875,-0.0038278792952124194,-0.5263308765948197,-0.16420337955198863,6398,0.21042692511164274,-0.33314574906824923,-0.3212325375751998,0.7470649081975689,0.5219541380735477,-0.7936540189481343,-0.364774077757027,-0.25736626014410924,-0.0107516789200688
-0.20308921653640008,-0.3129081605898602,-0.29226080471885973,-0.2393191366832715,-0.004825969521444884,-0.4094342037700613,-0.15525469812053364,6399,0.2079846313655241,-0.3375970020605602,-1.2138741310378416,0.747582104990949,0.45156759927964013,-0.831209933462521,-0.37156508452378023,-0.251417465088622,0.0094921694968264
-0.3466008489162964,-0.40747970257609073,-0.4102458698447278,-0.5074063892903983,-0.08931741371734318,-0.46578552532489215,-0.6221630436788137,6400,0.20555359915129673,-0.25453823300193,0.9469143223977521,0.7480993017843292,0.5085494881918712,-0.8880147912137492,-0.36962479687613636,-0.24861269835572963,-0.0011283501205853
-0.29486076485912527,-0.4018645453044744,-0.4013837775959529,-0.4403395966056881,-0.08489823479239754,-0.46269938129665283,-0.31452151297607606,6401,0.20313381869353045,-0.3172205223243624,-0.18667781672187422,0.7486164985777092,0.49727082108883175,-0.9207571003606363,-0.37059494069995813,-0.2503085317813702,-0.0062129340665982
-0.0420915949017366,-0.33716726315950385,-0.32630504784871583,-0.34323051211851496,-0.11306945636745712,-0.418903869632911,-0.3054259362616267,6402,0.20072528077489893,-0.28828952458878326,-0.729374677140694,0.7491336953710878,0.45291979632479656,-0.9089955972141806,-0.372535228347602,-0.24810845694517947,0.0020365633823951
0.15795056839448315,-0.32072833498953274,-0.32026820637050546,-0.34988654154374754,-0.1718750685610382,-0.41470395388884196,-0.39898445206670813,6403,0.19832797673802308,-0.21327960202617008,0.15116041022709575,0.749650892164468,0.46356953508567106,-0.849076191675387,-0.37447551599524587,-0.2455366612210937,-0.0009925790875954
-0.11691188777776729,-0.28723102521400107,-0.2783902187877337,-0.2838749140582425,-0.18112015232858922,-0.37891520713196974,-0.25003251072612487,6404,0.19594189848732704,-0.24906316659851185,-0.17216428269562994,0.7501680889578481,0.4540431336824596,-0.8528479205338451,-0.3851470980572865,-0.24610168287199102,0.0026495076005672
-0.44954664255806526,-0.3567124939784004,-0.36055311639395804,-0.3189670380972868,-0.17707365225300273,-0.4190306569843699,-0.43719286245413075,6405,0.1935670384910007,-0.243209988051864,0.21656326543205,0.7506852857512283,0.4648960081907185,-0.8225080116944642,-0.38611724188110824,-0.2386215066821532,-0.0084503587119519
0.10960517886834362,-0.2286101309867077,-0.20193403132696508,-0.1433377598616517,-0.14822897007207453,-0.3107518332439182,0.09507336385091096,6406,0.19120338978301504,-0.24066583104668418,-0.9682361744401489,0.7512024825446085,0.4051259342105402,-0.866320622604304,-0.3434309136329456,-0.24227613547893936,-0.0017094242255659
-0.027400900545269623,-0.28854974206521566,-0.28888605424400415,-0.17973907991402618,-0.2106505183973479,-0.34751489084617726,-0.5496311989360291,6407,0.1888509459652903,-0.19474660466473695,-0.2487221223890414,0.7517196793379871,0.39287921771293804,-0.9108315849391402,-0.3453712012805892,-0.23463154115998208,-0.0061495923043538
-0.42781311617074064,-0.15657396760331074,-0.09630892621013815,-0.0022968891431757975,-0.3207363090029,-0.27187489801492065,-0.2696136451216821,6408,0.18650970120990176,-0.18709676122624463,-0.7226785075976727,0.752236876131367,0.34773391755690497,-0.885728021729461,-0.35604278334263006,-0.23265013935342505,-0.0001438986662193
-0.17568396878543835,-0.25551418349950883,-0.23485555003526057,-0.09592544067594,-0.2711977032304015,-0.3122096787698536,-0.2976978577732342,6409,0.18417965026146565,-0.13518451375672472,-0.08162101184271651,0.7527540729247473,0.3476210667280776,-0.8894366525342372,-0.35701292716645183,-0.23354177016637565,0.0119932834322971
-0.55040980849076,-0.4068228210578311,-0.41985777854244644,-0.3755080159228795,-0.36668884966794896,-0.4194423150448395,-0.40991022220832285,6410,0.18186078843946477,-0.15030669286511655,1.213877867403569,0.7532712697181274,0.42299646252436185,-0.8267126259079325,-0.35410249569498614,-0.2279384054871085,0.0032235127832729
-0.4826690960869737,-0.4509661614843352,-0.4649008942722758,-0.4560081768279479,-0.4204294692056844,-0.4456666966167722,0.2812625029161231,6411,0.17955311164085028,-0.20416337625895922,0.2777882430463842,0.7537884665115075,0.4314406632966629,-0.7981815574013735,-0.35507263951880796,-0.2368752324395107,-0.0076548694907717
-0.34858993081344475,-0.33681378193672223,-0.317783209348143,-0.29977895259955023,-0.4609536889758108,-0.3849865215401583,0.10310334465613187,6412,0.17725661634263348,-0.21906883596621862,-0.8833272239006806,0.7543056633048878,0.3823741395387674,-0.8240496988878928,-0.35604278334263006,-0.23834497178397263,-0.0042855099162486
-0.06291734353051665,-0.13977118231568764,-0.05414559038617688,-0.08247420977125662,-0.5048149061153332,-0.26550671146613236,-0.41144897247275514,6413,0.17497129960456037,-0.21067701503754382,-0.5236668265006098,0.7548228600982664,0.34918147592499404,-0.8537912406051312,-0.35701292716645183,-0.234184174107648,0.0054516761892009
-0.19948531313266746,-0.20974787973332998,-0.15427803920531696,-0.1240257866415199,0.00391973742867826,-0.31418175464509873,-0.4490418759503719,6414,0.1726971590719642,-0.17346465915826886,0.5156612139153183,0.7553400568916465,0.38346498374422056,-0.8745391286296526,-0.3618636462855614,-0.22571388136888165,0.0016171225242123
0.11198457515685814,-0.2468424461899976,-0.21843556313082915,-0.1680008554141397,-0.4631383536578308,-0.31112945236206274,-0.21567679335711257,6415,0.17043419297867712,-0.19003821051972444,0.10636851853673494,0.7558572536850267,0.3936874231949703,-0.8659109519208109,-0.36283379010938316,-0.22818272265348416,0.0103993537900433
-0.22865706824702406,-0.40629936237732556,-0.42450598854350746,-0.17797993437141188,-0.5106213620947783,-0.4024061409422426,-0.01036589953604688,6416,0.16818240015001376,-0.21153073671830336,1.043788164556013,0.7563744504784067,0.4267615467495866,-0.8612290455473239,-0.3638039339332049,-0.2271931823746801,-0.0044391970175177
-0.5943928064626475,-0.3113717613512741,-0.2903549555748554,0.020303892431554175,-0.4886656683114628,-0.34633571894267123,0.3165576016406032,6417,0.16594178000592988,-0.3000918663831527,-0.540049482832018,0.7568916472717868,0.3888308825667846,-0.8545622747419345,-0.364774077757027,-0.23241410248574346,0.0051230966461937
-0.5826830416632621,-0.46000444858797207,-0.4658429756060806,-0.12699837819371437,-0.4163586874061024,-0.4542667728730666,0.1099584407119204,6418,0.16371233256421153,-0.2811226306988931,0.4806108832900515,0.7574088440651671,0.4263526831467034,-0.8897283905208752,-0.3667143654046706,-0.22649992768995342,0.0007079144243224
-0.7288948859811692,-0.536232526311107,-0.5411454202041471,-0.300380129834588,-0.3455389129281049,-0.5066374488050717,0.7086525733757303,6419,0.161494058443869,-0.3164331058801163,0.00934304091324168,0.7579260408585456,0.4277670773103174,-0.8795853247189466,-0.37544565981906763,-0.23626624232402224,-0.0072627807795655
-0.5102960796988734,-0.39446461839112035,-0.3646865750688166,-0.12892621077470445,-0.32599265146503054,-0.4303270923076631,0.4550105816043193,6420,0.15928695886845673,-0.2710694970912309,-0.8414548464324468,0.7584432376519258,0.3761226290575132,-0.8452931821733516,-0.3764158036428894,-0.2386440095017812,-0.0030403800176283
-0.21263394136178634,-0.30163548336687546,-0.2483988532357105,-0.003965823264541611,-0.13263045121034467,-0.3894146623177774,-0.19220052942153407,6421,0.157091035669744,-0.21667672645073274,-0.39074251512581454,0.7589604344453059,0.3538310587151664,-0.8670598797180479,-0.3773859474667112,-0.2340690597466922,-0.000190602904143
-0.14879938225139883,-0.29960860115432186,-0.2507791132439111,0.07267470095184154,-0.18333844905801217,-0.39580064701027684,-0.12718573987718818,6422,0.15490629129132844,-0.1819969650576435,-0.0865629265973478,0.7594776312386862,0.34865042756426023,-0.8728086743493756,-0.37835609129053327,-0.23329083597598305,-0.0209703554700387
0.36895888241332264,-0.1473324356951181,-0.0731190915069595,0.049107837117712105,-0.237993557027087,-0.2683723954130871,-0.03393741216434565,6423,0.15273272879238114,-0.1807868832087694,-2.3045527319429904,0.7599948280320661,0.34767184960104985,-0.863097542760476,-0.37835609129053327,-0.23509591711342595,0.0020932720278947
0.5313672950531342,0.05773753579659568,0.2377815387596692,0.26433181870227407,-0.3853612464504994,-0.14002358973316809,-0.6719000990301159,6424,0.15057035185155018,-0.07473945617424017,0.15721337920226558,0.7605120248254463,0.2787611129758303,-0.8876019941775439,-0.37835609129053327,-0.21124242371368301,0.0080155452018524
-0.08617478477170626,-0.043455976210010766,0.05003867516030692,0.1378966735999071,-0.5896882667541629,-0.23626054249375816,-0.6997216668342834,6425,0.14841916477100028,-0.07248957105861475,0.789323535652281,0.7610292216188249,0.26500640022092004,-0.8327329512358421,-0.38568067716038845,-0.21108065454559927,-0.0009156622306307
-0.30874451145067344,0.14016747034145965,0.3482893123905821,0.36384950462856264,-0.6323009100805566,-0.07895613596947876,-0.25906368496876764,6426,0.14627917248046152,-0.09480340916418517,-0.1640191343160934,0.761546418412205,0.26035593865976436,-0.8808222614456366,-0.4090611433144957,-0.2295038194978275,-0.0028459794395809
-0.0037226610183613298,0.1526566568872888,0.36583110755937365,0.4626204163984326,-0.7413627095318049,-0.05938981548108511,-0.4094551337363558,6427,0.14415038054154666,-0.0735020193606462,-0.36999258083786385,0.7620636152055852,0.23230294426101103,-0.873497737806181,-0.4283670054085514,-0.21637809839298885,0.0062886997330418
0.45828350936521844,-0.04149426091057933,-0.023312971633665407,0.173394759316679,-0.7803141433523292,-0.20701038001333769,-0.5031124805698585,6428,0.1420327951520208,-0.04295604208647602,0.6049818543944738,0.7625808119989654,0.26972800041953643,-0.9162906184209633,-0.3958186801193271,-0.2111534506712369,-0.0167772334793763
0.8423858846246692,0.26096760860330875,0.5681118357062885,0.5644601162790722,-0.7545262389963479,-0.021397062896524793,-0.43766901649392126,6429,0.13992642315039466,-0.05358996819442267,-1.857030364167359,0.7630980087923456,0.21434674698411937,-0.9649025392853706,-0.3967888239431492,-0.21577988917308333,0.0018090255348917
0.25858353137270335,0.3525955681214413,0.6531413994227709,0.5445315355195575,-0.8220321675118666,0.028884245887314638,-0.7754416904516476,6430,0.13783127202042977,-0.016677036811025864,0.1268302656660371,0.7636152055857257,0.16937308581287855,-1.0110320724442348,-0.39775896776697095,-0.20930352420976864,0.0125915086167434
-0.1995363975100064,0.05175912738203915,0.07617824006057061,0.20698177957691768,-0.8403890552303538,-0.1206698154139859,-0.6816457565962551,6431,0.13574734989593665,0.050071141146212146,1.277731243722417,0.7641324023791042,0.2477364613215475,-0.8232017709315073,-0.4064902621813679,-0.2023940725072891,0.0110372082733829
-0.6228672350530466,-0.31014864274440374,-0.4209102962794317,-0.23905895854953257,-0.8555615947353219,-0.3339800666896595,-0.40993573925188337,6432,0.13367466556564375,-0.039507573407734864,1.111849892334882,0.7646495991724843,0.3187620129848252,-0.8232017709315073,-0.4074604060051897,-0.20295141756935103,0.0043380845420972
-0.8408026044689287,-0.3749858900277958,-0.4741031390565654,-0.22891521468425904,-0.7118277864993713,-0.3907402709024849,0.24645277991348827,6433,0.13161322847811394,-0.1444099203745973,0.3968634430516784,0.7651667959658646,0.3462798582465543,-0.8232017709315073,-0.40843054982901156,-0.22387447947463598,-0.0003322575366487
-0.4047121883271739,-0.39143660577257183,-0.4782544924663776,-0.17643542071295515,-0.6117051464885395,-0.3732203536658993,0.20827201405020823,6434,0.12956304874702387,-0.1372460537486738,-0.10170446443178942,0.7656839927592447,0.33874833302116086,-0.8232017709315073,-0.40940069365283366,-0.22028720051660378,0.0080243104490467
-0.718278716281203,-0.5292363593249408,-0.6198401044049469,-0.4311611056780898,-0.3789224239348101,-0.4766592542359451,0.1136337941358064,6435,0.12752413715625494,-0.09558567395253663,0.7902379426701575,0.7662011895526248,0.3904003463221156,-1.0289995175201407,-0.4103708374766554,-0.2223301841260231,0.0008478566231135
-0.9582564894011838,-0.5479777792468906,-0.6152844706429869,-0.624648283964209,-0.2494446119603252,-0.490172179029778,0.4138183519642883,6436,0.1254965051654353,-0.08646523008271612,0.02421581353916782,0.766718386346005,0.3734976006966073,-1.039187265203369,-0.4113409813004772,-0.22907731515289342,0.000517696074527
-0.6138128995240237,-0.5097206314518853,-0.5553257530508356,-0.6312110076091876,-0.10920332959975448,-0.4605129382113908,-0.23492973311784993,6437,0.12348016491542721,-0.05236335055765786,-0.011024872247161624,0.7672355831393837,0.3760205917391696,-1.0474295973197565,-0.4161917004195867,-0.22778013205566464,-0.0039512681457877
-0.5811609936716041,-0.512375464086546,-0.5445878904422122,-0.6476740852344127,-0.09252323462497829,-0.47163706741931405,0.07489712789452524,6438,0.12147512923399982,-0.028890015848213706,-0.4880549008082435,0.7677527799327638,0.3441576646069183,-1.0747517939817963,-0.41716184424340846,-0.2297016004639288,-0.001794568804447
-0.5566320866162723,-0.5236929623170222,-0.5457259849773196,-0.600008678793982,-0.06949901198874295,-0.4635374325826708,-0.27311464190932233,6439,0.11948141164171144,-0.08354062174358293,-0.2578746684771689,0.7682699767261438,0.3251145725071547,-1.0696170381581156,-0.4181319880672303,-0.22660537380634088,-0.0056299383345089
-0.38628864146665537,-0.45823407116443415,-0.4634155677400767,-0.4765698904248956,-0.04261028483387943,-0.44944698923687,-0.1978218281147297,6440,0.11749902635783191,-0.10005625972618323,-0.6672760494282669,0.768787173519524,0.2837083724402527,-1.1018766497147592,-0.4191021318910524,-0.22308325512973748,-0.010372061622498
-0.05905500530432004,-0.3210519061584318,-0.29897214165848013,-0.3584067618094597,-0.0945120678012785,-0.3609908302863847,-0.028728188415027882,6441,0.11552798830651535,-0.038077038371543886,-1.173440936382436,0.7693043703129041,0.20845093280393448,-1.1269712671577943,-0.42201256336251813,-0.22108617180121146,-0.0058173081137998
0.35822438279828084,-0.08985555431466796,-0.003463239674533685,-0.01708873390526986,-0.2886804390321872,-0.2245818861225042,-0.6206054948699028,6442,0.11356831312309035,0.08178016087451541,-0.6872755301236795,0.7698215671062842,0.16694207155083216,-1.1520850461453593,-0.4229827071863399,-0.21547397991180503,0.0122829927529693
0.08263973286724988,-0.3568456837808042,-0.37891441219160316,-0.47269835135885224,-0.4167188746357262,-0.38596201697203425,-0.7697636746251195,6443,0.11162001716046646,0.08385024252338058,1.2447148854923342,0.7703387638996629,0.24695058833919126,-1.1865009734530896,-0.4181319880672303,-0.20935691943758944,0.0068790900779764
-0.12491885812196728,-0.47238374341563205,-0.5202692209274538,-0.5573395079456531,-0.4494370371103678,-0.4463567767732638,-0.590854242744073,6444,0.10968311749573001,-0.012031532600981774,0.6678481667540481,0.7708559606930431,0.293658199330902,-1.1678047023195892,-0.4191021318910524,-0.21741944780887454,0.0002372253916653
-0.1903148785276841,-0.5171862702366785,-0.5697054859807635,-0.5180782249802505,-0.6709854101425589,-0.47069718957052104,-0.27121102661617075,6445,0.1077576319369469,-0.053081168181509326,-0.04109137023066644,0.7713731574864232,0.29114504397608887,-1.1590772652081431,-0.42007227571487415,-0.21533586787973935,-0.0015178825389439
-0.42225123490423916,-0.5173652485407618,-0.5597604661175399,-0.4782931222065033,-0.6500837789108507,-0.44700290752881205,-0.11141330225132459,6446,0.10584357903006526,-0.07370135128795664,-0.2285141125868289,0.7718903542798032,0.2729526237961065,-1.1643289875591638,-0.42104241953869603,-0.21472095904556607,-0.0033729211065597
0.1099032711393783,-0.46182143703779094,-0.5055276223302051,-0.5626915801034734,-0.6657897497143732,-0.45334746745009086,0.20772148499323978,6447,0.10394097806601095,-0.098586054439334,-0.42649566889071056,0.7724075510731834,0.251442311187526,-1.194636257015015,-0.4229827071863399,-0.2138549671560876,-0.0019543354618425
-0.07393967037608591,-0.4063409738639844,-0.44039005722012353,-0.5277891956735162,-0.6508466321500174,-0.41763989255562484,-0.28052364507569405,6448,0.10204984908791102,-0.1106266945787947,-0.27510023676865336,0.7729247478665635,0.23343628127467447,-1.2507054077550133,-0.4268632824816273,-0.21698007309672257,0.0032954436397008
-0.2723531063437294,-0.4661147464326665,-0.5067531619677287,-0.5983892800189761,-0.6793981991118627,-0.4468441838323283,0.04807383009617418,6449,0.10017021289864395,-0.06246330695072798,0.28520762699629426,0.7734419446599422,0.25184977703494704,-1.2328888375443359,-0.42783342630544907,-0.2133331667617526,-0.0081877469292912
0.17125304343850745,-0.3090123234631708,-0.3243973157467898,-0.5227142478796197,-0.701464695532083,-0.36542011432703925,0.34867913652306265,6450,0.09830209106829695,-0.12714981931820718,-0.9404638845007645,0.7739591414533223,0.19612497774357823,-1.2425131133747707,-0.42880357012927117,-0.21308014516735285,-0.0019198462505087
0.2128236357721855,-0.3552798585139526,-0.39697424134753523,-0.5333867797742287,-0.8069862048115225,-0.380256056997395,-0.4115729731223165,6451,0.09644550594209554,-0.0770153728303891,-0.2712897394747196,0.7744763382467025,0.17393427159285574,-1.2514182346639167,-0.42880357012927117,-0.2088294908722976,0.012599182116618
-0.5908412636341174,-0.4981586641882903,-0.5527037375717938,-0.6534621986810148,-0.920908535407409,-0.43117266619116645,-0.6080764530955812,6452,0.09460048064832989,-0.1169112429839052,1.2783351276548882,0.7749935350400827,0.25794523726476215,-1.2608169430369869,-0.45068031335645475,-0.21137588710658364,-0.0090231275059368
0.31141614113140265,-0.31370283546848887,-0.34504128128823236,-0.5180068871129764,-0.8585980950888238,-0.31601645073088763,-0.11983744696436988,6453,0.09276703910651747,-0.1411861803929317,-1.0296091579018887,0.7755107318334629,0.18960283614652146,-1.2016964127237235,-0.46911304600907056,-0.21258890640453676,0.0011980638277533
1.0975089210626434,-0.32526972948671673,-0.4231678757217412,-0.5584237199168776,-0.9190938083075308,-0.32368827524416666,-0.5419760559058622,6454,0.09094520603579911,-0.16314201919356203,0.061231128029973214,0.7760279286268429,0.19332868134605224,-1.2467124861677357,-0.4700831898328923,-0.20434900160079192,-0.0012444951688204
0.19274591124080268,-0.33930310790403273,-0.4458508714333199,-0.3965965729919928,-0.8775586162689603,-0.3373778368527191,-0.6447936757490518,6455,0.08913500696343624,-0.1420997520341351,-0.19946120010473511,0.7765451254202215,0.18195590347215523,-1.23947735431925,-0.4710533336567141,-0.20512215369127695,0.0036422883559017
-0.34303726071976637,-0.42029444601087457,-0.5298182309170292,-0.5710677097797991,-0.8790811341756746,-0.3655109710762393,-0.35391508733184424,6456,0.08733646823363192,-0.14477423212983673,0.3221872151312884,0.7770623222136016,0.20589194612255174,-1.250322139374299,-0.4720234774805362,-0.20514468421583218,0.0055868591544872
-0.14825834635527987,-0.39579096434030364,-0.4915336443482836,-0.656247996050785,-0.890042524888395,-0.4008499294203147,-0.4195348248757295,6457,0.08554961701643742,-0.20156349070978344,0.5297684686734448,0.7775795190069817,0.23878495745700035,-1.2518041238214506,-0.4804637287477865,-0.20596041842379278,-0.0028966238655197
-0.41522898884523146,-0.29937762925203004,-0.3530113861689781,-0.556252443526704,-0.9321312940271353,-0.3518285226873764,-0.025598076108867156,6458,0.0837744813169539,-0.22914994742612285,-0.37565579364750534,0.7633307473493666,0.21792490858182195,-1.2647130268103612,-0.4889524872062279,-0.2043123178157123,-0.0079055144853322
1.0382626772513974,-0.11732193581913684,-0.15979206809035434,-0.47235052477258255,-0.9135934524152657,-0.24377381051059355,-0.025878304376679744,6459,0.08201108998469335,-0.22380359866684588,-0.9103173483309261,0.7550814584949574,0.14956710164786785,-1.2632315673663028,-0.4899226310300497,-0.19894660343393938,-0.0208813363516521
0.9087342568117369,-0.011967479381479459,0.040339574179773456,-0.08058592510286629,-0.9605840895915061,-0.16743024723281943,-0.5612516655614209,6460,0.08025947272318718,-0.17725356034485917,-2.295223397203274,0.7768295836565806,0.1573858381042018,-1.3047641586411067,-0.4511168780771745,-0.19353856286401544,-0.030102466065866
1.0708481113475825,0.16123896411100128,0.31944329948240086,-0.08058592510286629,-1.050030807576064,-0.08007479099997147,-0.823696215725138,6461,0.07851966009975832,-0.04149033617629687,-3.2793610110726688,0.7768295836565806,0.06900694881419818,-1.2998048107953781,-0.46954961072979023,-0.1959721811204813,-0.0387816824120538
1.9221218237946407,0.9743234773572488,1.8337858350450307,0.09110314747800391,-1.381521164055601,0.3467844230563534,-0.8980985552306923,6462,0.07679168355564307,0.08291870578139127,-4.2662274312084465,0.7768295836565806,-0.11540963314099974,-1.3383000181142364,-0.4705197545536121,-0.18605650723910208,-0.0117678101586882
3.3831775238393966,2.008885940257075,3.218802451240145,0.38425983024781957,-1.5085601304847487,1.0047544120676108,-0.8784127768419914,6463,0.07779819957290655,0.1225612438805192,-1.322356000657738,0.7768295836565806,-0.35422383978866756,-1.4004889705599064,-0.4714898983774339,-0.17189828003326,0.0383937625636463
4.753908458039538,2.1310480120258237,3.218802451240145,0.38460447617883,-1.5374196657579133,1.1231022992270556,-0.8771465674151266,6464,0.07609042706914315,0.2877951784603776,4.0316409738638,0.7768295836565806,0.3748852457700166,-1.380490119672282,-0.472460042201256,-0.14071138147290205,0.0247351641638556
4.753908458039538,2.1310480120258237,-0.45690672672700505,0.4011278614854824,-1.465849988873871,1.1231022992270556,-0.8758305437810763,6465,0.0743946151285694,0.35239754616054514,2.573749119281918,0.7512024825446085,0.36029462945624713,-1.4016220065479768,-0.47343018602507775,-0.12454310781913511,5.01835215336e-05
1.576304299909143,2.1310480120258237,-0.2905733581202455,0.567617393528439,-1.3595939986482843,1.1231022992270556,-0.8559661162164104,6466,0.07271079868441667,0.35239754616054514,-0.06107702872926739,0.7517196793379871,0.3355882731620246,-1.293863748015911,-0.5073852198588437,-0.12176936324419892,-0.008079084975425
1.6329004340208308,2.1310480120258237,3.218802451240145,0.4562364126827884,-1.3921013838854472,1.1716072168600768,-0.836270179184726,6467,0.07114897622826134,0.2010315914126156,-0.9287791148823175,0.752236876131367,-0.22236694354601383,-1.2220351926819928,-0.5199970895685282,-0.11786627406449865,-0.0298477258971784
2.1568471018235216,1.8721322535828677,3.218802451240145,0.5174614567516439,-1.3619369902236484,1.3326198232703255,-0.8449261327272567,6468,0.06959982899101148,0.20941011920195687,-3.252105742655369,0.7527540729247473,-0.4178642873442707,-1.132410239086329,-0.5102956513303094,-0.10910595631211144,0.0189810709601481
1.6218625110138756,1.2181339949364225,0.10874864638296827,0.30107574590401265,-1.4167006336409764,0.929304953795595,-0.8627039874464769,6469,0.0680634050497555,0.41731189763580284,1.9596329410818394,0.7532712697181274,-0.3043771867166279,-1.2268488838303977,-0.478280905144187,-0.08999594778564601,0.0007164425345245
1.2254331614998666,1.1597866863591142,0.12110746541783604,0.36501820546222047,-1.3762673333999675,0.9314511782482955,-0.8339869519650599,6470,0.0665397535954913,0.26976879869791565,0.010210111088948794,0.7537884665115075,-0.2993922147249427,-1.2104715073825827,-0.4792510489680091,-0.0605885005349942,-0.0151367939597933
1.3920782003162178,1.4299613803722067,0.9317830634643165,0.5325806827141574,-1.4376499726114786,1.1586220132183274,-0.8146446991694161,6471,0.06502892494851659,0.26622747160249266,-1.681954687000585,0.7543056633048878,-0.4013079673799378,-1.1914231530853319,-0.47634061749654344,-0.055432350235772296,0.0251311075169651
0.6258250272974524,1.0729409892771966,0.2117268843851205,0.33889910367660775,-1.5871847740863894,0.8710067653747491,-0.8420245975222285,6472,0.06353097057431152,0.37263953080215567,2.6161189170356893,0.7548228600982664,-0.2435655582579523,-1.2172955304345037,-0.4773107613203652,-0.037126608292630287,-0.0133718277076351
1.0989062842448079,1.2367158247771985,0.7317823849926728,0.6963054357750103,-1.546414686111692,0.9465618314289233,-0.7476965507965899,6473,0.062045943099673366,0.17950258191084148,-1.493608450180727,0.7553400568916465,-0.3372537001097916,-1.203846742191684,-0.47343018602507775,-0.06024094725192682,0.0054417576971788
1.2711797228426207,1.0076356996026103,0.28045432691997013,0.3790273790752918,-1.519136412463333,0.866967682434248,-0.6720460190617069,6474,0.060573896329318,0.2808407055190807,0.5145169737913292,0.7558572536850267,-0.3055946479515933,-1.2422954360673633,-0.478280905144187,-0.05286431577504083,0.0045442939623134
0.3913799827539872,0.8635384561208945,0.10273071938798023,0.2864994209761551,-1.5038153972460742,0.7496842922995869,-0.8013808524759475,6475,0.05911488526277218,0.2819819889951442,0.41876624470744933,0.7563744504784067,-0.27887034325397325,-1.201809163937817,-0.4792510489680091,-0.060042480509272564,-0.0037104804051816
0.1674843480553803,0.9929013391905287,0.5386683153129106,0.351297465353046,-1.4208263378690167,0.6311198816601896,-0.7719560191578055,6476,0.05766896611173868,0.23324326131366194,-0.46237487045744724,0.7568916472717868,-0.30817374503019646,-1.217958771605784,-0.4811913366156526,-0.061651294060805654,0.0124993618266058
0.15421640251123128,0.7822683544233063,0.20270466205505847,0.22239326132284884,-1.391178708763221,0.5611136706999668,-0.7705931451063553,6477,0.05623619631773426,0.2877623263753478,1.267852897158815,0.7574088440651671,-0.22688117498993063,-1.2378587514779253,-0.48701219955858405,-0.0622360391392563,0.008666733839566
0.1434265588496155,0.6357963686412106,0.01720864148322297,0.08554448899794882,-1.3699993305086289,0.46561563811601625,-0.6574660643110859,6478,0.05481663457024136,0.20059851277053595,0.8586149562041744,0.7579260408585456,-0.16707115675944892,-1.231130974939626,-0.4879823433824058,-0.09328102177017356,-0.0022479766319605
2.46701252948173,0.6101309305819811,-0.11293472440154145,0.18132769531135834,-1.2940553765947946,0.32154898301140833,-0.6006431095386586,6479,0.05341034082528603,0.16923373195922983,-0.30637811089264755,0.7584432376519258,-0.18678659356071817,-1.1840303475438747,-0.4889524872062279,-0.12071149748240084,-0.0163414644715576
1.2856149874059613,0.7509175207551461,0.2203636545249049,0.4867726585564102,-1.2782048935014607,0.5721134775886636,-0.4690968337645662,6480,0.05201737632431977,0.1322919642030742,-1.8104524345011692,0.7589604344453059,-0.2972580425146738,-1.1969293280474989,-0.4899226310300497,-0.10725418503371269,0.0051675617336044
0.6679795285772225,0.4872444025683777,-0.22730790470969822,0.33731898880289884,-1.3511293521263275,0.3768666354755718,-0.7568748757565108,6481,0.05063780361362982,0.24500112046772138,0.48542138069008,0.7594776312386862,-0.26973340322635114,-1.2410316275233708,-0.49089277485387145,-0.08872658767007101,-0.0129797414874925
1.0167817280696427,0.771222309292233,0.39806381778821626,0.5638203141641959,-1.3608591401232835,0.5826703602479969,-0.774089819798361,6482,0.04927168656423175,0.23283080068917691,-1.4515859735249719,0.7599948280320661,-0.3536691601612567,-1.1990848786252866,-0.5156314423613299,-0.10524796265066233,-0.0015986795501703
0.6054327496047637,0.7331933212054081,0.3916364435967414,0.27502426499254257,-1.4425648608030375,0.5343940988513014,-0.8565125610554291,6483,0.0479190903920696,0.36341878847554077,-0.23683664892595707,0.7605120248254463,-0.36952940680749713,-1.2100014922424016,-0.5696199461570177,-0.08533466498883743,-0.0036157024248674
1.3774737145320533,0.8985309085687273,0.7614936555051796,0.3719513928962728,-1.4865626622054828,0.6051945787212497,-0.7901593556844735,6484,0.046580081678843886,0.35089662918993186,-0.4521728959200257,0.7610292216188249,-0.393928678281253,-1.23633063864905,-0.6107540442870654,-0.09178175038210143,-0.0002592014801746
1.3836480542566012,0.9170261642501405,0.8132349450953424,0.3325150359762746,-1.5284246624203153,0.7197719750582943,-0.825893024739964,6485,0.04525472839325002,0.4105992740896356,-0.09388500330720385,0.761546418412205,-0.3994331016085864,-1.228117284238914,-0.6117241881108871,-0.07990364087305407,-0.025097226016203
1.1208500865518285,1.411305955630461,3.218802451240145,0.5208802236661949,-1.626279038097835,0.9608243932726221,-0.7220758118566227,6486,0.04394309991269946,0.38231126982784525,-2.7449607712756476,0.7620636152055852,-0.5691488355661384,-1.2052078067125838,-0.6126943319347092,-0.07154330429077087,0.0005850751096445
2.108253079633542,1.3049499195587315,1.7111937779221809,0.39507487929048046,-1.702980000534308,0.9147905492446358,-0.8513443600430586,6487,0.0426452670455095,0.5490127071066184,-0.0037469835179758516,0.7625808119989654,-0.5646605013721502,-1.2389671279841539,-0.46998617545051036,-0.05695311644215218,0.0186583031468894
1.1851108715875711,1.0249965167283106,1.0578201506266047,0.2742109332677224,-1.7051475863175136,0.7628679609500617,-0.8410722684011466,6488,0.04136130205373348,0.5756396174568768,1.9253537316698874,0.7630980087923456,-0.4447726555822636,-1.2203986878375475,-0.5655938492881565,-0.052127010984975124,0.0026091948516213
1.8472334597238533,0.7847841218223064,0.48880152090499446,0.1467140540327812,-1.7427999082716508,0.6512068883684197,-0.8304081812726877,6489,0.040091278676390854,0.44810219159934234,0.21236794727261424,0.7636152055857257,-0.4344279000376636,-1.2147872350611217,-0.5102956513303094,-0.05767607413002391,0.0149378025521403
1.6944159549184863,0.5866232184008416,0.06447318540994289,-0.030046462420678724,-1.7170231145027315,0.5018708291937223,-0.8011885170231243,6490,0.038835272153322754,0.4637163344434848,1.528320819475028,0.7641324023791042,-0.34366430510355833,-1.2276881880630557,-0.5112657951541312,-0.06550957024267184,0.0177948721166212
0.28759280651221925,0.41462564970606197,-0.17950858376573897,-0.1300497972868532,-1.5388062341017494,0.3478243757791576,-0.7627779764811922,6491,0.03759335924955912,0.36038703745864054,1.8331928064287928,0.7646495991724843,-0.22525681390382155,-1.2168460939666084,-0.5083553636826654,-0.07938634349331909,-0.0034262106449556
0.6390016395152992,0.39818696505939116,-0.1510798815257135,-0.16945264724238177,-1.398024735010466,0.3802114321273545,-0.5282926578629081,6492,0.03636561828023048,0.2155843404661608,-0.4318821118324128,0.7651667959658646,-0.2520657491263977,-1.1845812792262296,-0.5122359389779529,-0.09675014391113479,0.0081905046843966
1.0572088478958634,0.27521400505376836,-0.3467215396086142,-0.15172136476239395,-1.3078333550242762,0.2734561976898267,-0.6597362656442305,6493,0.035152129136207196,0.2416877359276676,0.8080415692369729,0.7656839927592447,-0.20064610135482963,-1.1556392878922246,-0.5132060828017748,-0.08750445429060448,0.009026628843866
0.6772712280600838,0.15457479870174562,-0.5030612220197483,-0.22640642842898526,-1.1535387544641176,0.19831288499828406,-0.5001333914741496,6494,0.03395297331013633,0.18633887079268244,0.8972878129458611,0.7662011895526248,-0.14338636076132127,-1.1318441968130921,-0.5141762266255969,-0.09967116772267855,0.0005963918874982
0.6942381736430384,0.113052853899419,-0.5275632877920475,-0.3269853786896513,-1.2096385170309223,0.16949607198795763,-0.4566978066854384,6495,0.03276823392323746,0.10332394787781166,-0.0025606547134593123,0.766718386346005,-0.14103958420528417,-1.1258588060459092,-0.5403701098687876,-0.10609523772276001,0.0009437239348921
0.1848291504714957,0.0009579324572975823,-0.6367239769513233,-0.4011672599280655,-1.1081770558594726,0.09791776438577529,-0.41972864207874216,6496,0.03159799575271427,0.12682191110055158,0.03451288298851828,0.7672355831393837,-0.1348932301191901,-1.109304108620633,-0.5413402536926094,-0.10391966196223248,-0.0063021036486009
-0.4096872571285774,0.1871692608552642,-0.2522893373876081,-0.15239198146857305,-0.9562462305688517,0.24979527544140542,-0.37133507971618546,6497,0.030442345259749214,0.08655120702655014,-0.7388924624560745,0.7677527799327638,-0.1844719967974573,-1.1393502113621998,-0.5423103975164315,-0.12205099445202588,-0.0047940073674726
-0.13586496744595217,0.2321632851460003,-0.10876720059053945,-0.05351873950800025,-0.8417752925493431,0.2880480070955364,-0.4881445337109469,6498,0.029301370618246055,0.1436940756552211,-0.5779212398000223,0.7682699767261438,-0.21932402491847175,-1.1467564209256904,-0.5432805413402533,-0.10007254842549791,0.015354508219849
0.45880536442625774,-0.012630754836418089,-0.4724851588178214,-0.27028425489036684,-0.8159226460354224,0.11979162692884157,-0.7478051015415355,6499,0.028175161744186945,0.1293333043188288,1.5727131771738223,0.768787173519524,-0.1101316702141692,-1.1468895613957173,-0.544250685164075,-0.09215927012118517,0.004546577960304
0.1977620266500281,-0.1359354842753285,-0.6112559856177279,-0.2886914979498228,-0.77149693040792,0.027313120317145546,-0.5236529405328983,6500,0.027063810325718297,0.08897588811868944,0.4190960175594775,0.7693043703129041,-0.08111968751270322,-1.153668050291815,-0.5452208289878971,-0.11569488603000369,0.0004919561717859
-0.16718880907389574,-0.14405098436872482,-0.5677266336290626,-0.4649750085709634,-0.7169081796221369,-0.07125610030532574,-0.39280308839923705,6501,0.025967409853999264,0.0712544057072948,-0.013707917031877228,0.7698215671062842,-0.08190752531559418,-1.136945243320307,-0.5549222672261159,-0.11346911074689738,-0.0013768006521164
-0.10373995794995197,-0.04816856612110262,-0.3805425799171414,-0.42397430471553443,-0.599052122621003,0.01968459665566737,-0.38260379844468134,6502,0.024886055654723793,0.06552138641903496,-0.2131537329555059,0.7703387638996629,-0.09448593384053548,-1.1766056419779043,-0.5558924110499377,-0.12940367240857337,-0.0061056676443781
0.046616847762039504,0.06994061410446371,-0.162231347072852,-0.2344464827803381,-0.5802734632184724,0.12524318121876268,-0.34458182656354674,6503,0.02381984492041601,0.06618186658225782,-0.7179684742799995,0.7708559606930431,-0.13772842443323752,-1.1678606775024616,-0.5568625548737595,-0.11224051045862633,0.0168937332520034
0.6494515603636213,-0.20833008194335614,-0.5726483897312914,-0.6055970644481987,-0.5433838194546501,-0.15561162743428575,-0.40922189125937203,6504,0.022768876743574556,0.14850437008734602,1.7369854195760093,0.7713731574864232,-0.025195282936630373,-1.1850164230570688,-0.5578326986975816,-0.09642593344252112,0.0109617070183976
0.22288889835187023,-0.2064463045400864,-0.5452965062725457,-0.3828393619735689,-0.4468833220207523,-0.11592894513494761,-0.10916028091851496,6505,0.02173325215050485,-0.004345215832350688,1.1038126390312357,0.7718903542798032,0.04978613921499071,-1.1779334821574257,-0.5588028425214033,-0.12522447207211104,-0.0024577131203202
0.16806615177504206,-0.10313429144631331,-0.3744734420672595,-0.4249395705437409,-0.254616283363513,-0.053107433881177106,-0.033404066752193366,6506,0.020713074136072717,-0.13906937257446494,-0.32854979969076364,0.7724075510731834,0.033337705158411696,-1.1909228276200787,-0.5791758628216628,-0.1171653773516962,-0.0019323669580672
-0.32785232822341803,-0.08524410015361644,-0.3056773299766921,-0.39028937214206616,-0.22827454175236106,-0.03428696010005452,-0.3420734958079342,6507,0.019708447699276502,-0.084907038901515,-0.27254019169392235,0.7729247478665635,0.012373038254301973,-1.2014865679345854,-0.5976085954742786,-0.10865837618238518,0.0113746371343648
-0.01268443085860067,-0.2208150765631565,-0.47032525880712633,-0.49901906261339546,-0.19309670116331562,-0.11325990667540377,-0.5285811566132785,6508,0.01871947987965451,-0.07418576922707071,1.1478231799637084,0.7734419446599422,0.09372735118945101,-1.217283420820109,-0.5985787392981005,-0.1148113523838585,-0.0005743001275777
0.9083717546159136,-0.1853857215608804,-0.44860014092481915,-0.44586107848334244,-0.022173978023245042,-0.07354000351566782,-0.004304675774969666,6509,0.01774627979461125,-0.12850116555133673,-0.12766880010985907,0.7739591414533223,0.08749746459319277,-1.158130305226091,-0.5995488831219224,-0.12029746398415624,-0.0043097260330441
-0.07739268314969557,-0.12760135560657354,-0.33776837162062395,-0.32847951472368125,-0.0019422078790423158,-0.0006928541951498015,-0.10761587358103913,6510,0.016788958677697564,-0.1422492855042563,-0.5264883790998857,0.7744763382467025,0.04993688953434344,-1.1618286682042855,-0.6005190269457445,-0.11460474133445527,0.0118309046511831
-0.07680096582967359,-0.24096327514032476,-0.46816669141271366,-0.6028675473710202,0.09392130986716174,-0.12014440806038434,-0.27654633694906827,6511,0.01584762991778004,-0.10805147454377892,1.1962875027669955,0.7749935350400827,0.13210662800471792,-1.143148434854095,-0.6092503213601413,-0.10733308256985495,0.0028993778167933
-0.4272776325809687,-0.1918328116154063,-0.36491511244185376,-0.5525097830411535,0.1339393952759667,-0.11333247516583171,-0.25827379396578765,6512,0.014922409099192844,-0.16732932030130443,0.24304035093129162,0.7755107318334629,0.1489532863079367,-1.1565316256102705,-0.612160752831607,-0.11875347303407602,-0.0030331758365085
-0.40879732186329315,-0.07055013914073187,-0.1592433463291133,-0.3917415501678231,0.18867132413346194,-0.009663220140337795,-0.2774542982153415,6513,0.01401341404292725,-0.15999985889338986,-0.3901883017880177,0.7760279286268429,0.12006824889473608,-1.1128251506987665,-0.6131308966554291,-0.11242572512931386,-0.0009982881844706
0.352369722555234,-0.12699004349675574,-0.2433657804580753,-0.43655854842521746,0.21210428818023477,-0.07033459290151323,-0.3247507405447393,6514,0.013120764848813735,-0.14942633504565717,-0.17292402551487485,0.7765451254202215,0.10882690583401698,-1.154529274711997,-0.5820862942931284,-0.10443330523155919,-0.0005234360664416
0.29921346501827806,-0.21582948211242742,-0.36645113599652285,-0.512993369244373,0.20593182383578257,-0.11387124776413537,-0.34384274101229,6515,0.01224458393874722,-0.14286105019818876,-0.1222392469788735,0.7770623222136016,0.10332242261187578,-1.177197780802628,-0.5830564381169505,-0.11048942149126233,-0.0093315558682211
0.3476671008732967,0.05757595840678551,0.03212040827870974,-0.3348689384972518,0.2240346525283287,0.05870268588981162,-0.2971921558125084,6516,0.0113849961010189,-0.18264880472782122,-1.0625725493445197,0.7775795190069817,0.02888141980656003,-1.1839318812487356,-0.5801460066454849,-0.11409634946225294,0.0023068053000023
0.387728866291146,-0.09503737278518831,-0.2022530502200865,-0.4267998814085599,0.15153972038659388,-0.04275938645499554,-0.5780369373476907,6517,0.010542128535836394,-0.1342217275035559,0.17968316761798003,0.7633307473493666,0.03677542285375918,-1.1958481387171422,-0.5976085954742786,-0.10274630599662665,-0.0039317222915789
0.13230158757688495,0.0014673844461408514,-0.049533293923736045,-0.37476781053288977,0.11009131126819727,0.010561828982793045,-0.6712172992075179,6518,0.009716110901806933,-0.09410029044764584,-0.48642098080693297,0.755934833204034,0.010440109291688128,-1.1902685444075656,-0.5985787392981005,-0.10651979211911707,-0.013959757422242
-0.20279527051416346,0.28977900477314084,0.049914435700887924,-0.0406089871099735,0.022493843148046984,0.22244580196053193,-0.4266390705583211,6519,0.008907075363827137,-0.11419947231655761,-1.556793672537778,0.7768295836565806,-0.09331211334103927,-1.2062010429773478,-0.5995488831219224,-0.09980175936337507,-0.0112282754763465
0.5755310562287187,0.5032508564434863,0.2583817642298471,-0.03693943965159971,-0.07268707625907776,0.3961914806314299,-0.7253051107439735,6520,0.008115156642023476,-0.024758830224102676,-1.265240676886382,0.7768295836565806,-0.17584573321337085,-1.2269062650151414,-0.6073100337124977,-0.07860238840839551,0.0152068722510315
0.5284564817868226,0.26433086277579676,0.41007798231821685,-0.14641534070119222,-0.19404000622914544,0.19983208097169475,-0.7520322533304089,6521,0.007340492062040592,0.03650588524925912,1.556438057447551,0.7768295836565806,-0.07386114566551025,-1.2464187932781217,-0.6082801775363196,-0.08260831805538948,-0.0007295010924788
0.25673714395294134,0.34953600166770554,0.48647842859409735,-0.11714723757686671,-0.21570007405305605,0.25564617398380846,-0.7325060893500078,6522,0.0065832216065556445,-0.05954256447336198,-0.1445146205442436,0.7768295836565806,-0.10061589983692737,-1.244469882102449,-0.6092503213601413,-0.08953525007512067,0.0158660633812477
0.9369946308636755,0.10172787931987778,0.06442849337426361,-0.4151791078657926,-0.2532430638686468,0.10713200087207828,-0.5636253344982882,6523,0.005843487968199965,-0.0677425407332233,1.6267983950122387,0.7768295836565806,0.011608880472974288,-1.2596110381966237,-0.6102204651839634,-0.08066663585106153,-0.0008623581542587
0.4007814264223076,0.11962219576413775,0.09198172553888109,-0.11691997725219697,-0.3897450626259979,0.15927614144856572,-0.4503084939593321,6524,0.005121436603765863,-0.16267244523601276,-0.15873872477441314,0.7527540729247473,0.0004825227265806938,-1.2503881574954325,-0.6111906090077852,-0.08881358451880483,0.0036480460936263
-0.3522873355324964,-0.06957144869995562,-0.16769199247198371,-0.3587874342938629,-0.3820310814047248,0.07349273209772968,-0.3839941827659116,6525,0.004417215789890211,-0.14893559505596565,0.322779335829221,0.7532712697181274,0.025048629288632215,-1.2448831241270664,-0.6111906090077852,-0.07772161824923075,-0.0011504425035725
-0.008064173025742787,-0.05030632274627325,-0.1235694932724464,-0.3639968313661697,-0.3220645489773837,0.03578339778353856,-0.15883236000392123,6526,0.003730976680144998,-0.1902836526726037,-0.18942347480538632,0.7537884665115075,0.013069379206993479,-1.2403856623742182,-0.6092503213601413,-0.08149246333270063,0.0013392646801599
0.1831662641868781,-0.011121830068658965,-0.059357201132924746,-0.4154286685896957,-0.32958503998440225,0.04609188045638869,-0.2154073876827557,6527,0.0030628733636459105,-0.1854251109503713,0.07627975609341078,0.7543056633048878,0.018952411591308737,-1.2319809504258763,-0.6082801775363196,-0.08841619000665532,-0.0001433007065683
-0.5084393130021242,-0.10299193349998671,-0.16367948630767898,-0.4211306980425992,-0.32518785016374174,-0.01754869638828415,-0.4496677268095734,6528,0.002413062925169198,-0.2265105886899783,-0.08218151955834148,0.7548228600982664,0.01500008132250455,-1.204507506198985,-0.6092503213601413,-0.0787693297339079,0.0011465699568304
-0.7942892394091325,-0.11126688569909979,-0.14056735177103588,-0.4067600496197663,-0.3250289134120068,-0.12059352025763535,-0.22436353274204626,6529,0.0017817055069648834,-0.19479839027301107,0.05543192583264405,0.7553400568916465,0.016313076054733804,-1.1999479524632357,-0.6111906090077852,-0.08277641638760838,-0.0041515560440764
-0.2727718139342115,0.015156277872432953,0.06415985003096529,-0.3225104036655922,-0.3522215513026733,0.020342701053365622,-0.23367968174843176,6530,0.0011689643720184965,-0.226255574011945,-0.5100579923603367,0.7558572536850267,-0.020519853297543415,-1.2310562059262653,-0.6131308966554291,-0.07968958672915866,0.009535674913121
0.024025129307992783,-0.16635753142010942,-0.19631464720476463,-0.5626597891335356,-0.38678150372978787,-0.09125720122350729,-0.19572460562485755,6531,0.0005750059691984971,-0.1443352015346174,0.9508900449276289,0.7563744504784067,0.05402623080832389,-1.2340525539767335,-0.6111906090077852,-0.08397928883082702,-0.0102097967810302
0.03423507112669609,-0.010926317206574058,0.03263433754745502,-0.17693811316426455,-0.34267342474217294,0.0018017857712894513,-0.07441844209961083,6532,0.0,-0.2348718314404649,-1.1568318469604704,0.7568916472717868,-0.029765714068663875,-1.2229915791356594,-0.612160752831607,-0.09354573358737127,-0.013998052640211
1.1459680094903675,0.26412911274013273,0.41339681542448303,-0.05174204460121516,-0.32402935642705466,0.22179826449027615,-0.34616992663502955,6533,-0.0005558805128420515,-0.1166836477613842,-1.5612044076031892,0.7574088440651671,-0.12071327500792096,-1.2691200827043267,-0.6131308966554291,-0.08620257621170495,0.0195029424461894
0.8754407613116235,-0.1474964159576631,-0.2664334492094978,-0.4101006475199128,-0.43778493216108905,-0.017109919486574702,-0.5512017386476746,6534,-0.0010924591549232056,-0.03107819457398093,2.014625734499752,0.7579260408585456,0.00702914782149122,-1.2390684192331636,-0.612160752831607,-0.07207723246735338,-0.0060585824099812
0.9960633815916098,-0.018340755903480967,-0.1209689302286907,-0.12315867056296356,-0.40245743114410315,0.04264242775537872,-0.4284985598742876,6535,-0.0016095560478398463,-0.1838906803067612,-0.7138042175924241,0.7584432376519258,-0.04711781160977265,-1.2468902514697005,-0.6131308966554291,-0.0872795796463208,-0.0067242622043639
1.1875448797470158,0.20178867035092365,0.17557735187434567,-0.18330610504290798,-0.433577386696325,0.2171073678778155,-0.47431770819252833,6536,-0.00210698777484134,-0.16522919918582074,-0.7849223711674711,0.7589604344453059,-0.0972526636314011,-1.3025336888355998,-0.6043996022410321,-0.08489983074204509,-0.0077748621568603
1.4756222387098583,0.4530928686992074,0.5481137462033552,-0.09038633352183943,-0.5346479668136783,0.33974372523574886,-0.6416462709110334,6537,-0.0025845673044763273,-0.08557019029468446,-0.8972337284032906,0.7594776312386862,-0.1561102417471411,-1.304622127485401,-0.6053697460648538,-0.07253235315894238,0.0025810850893233
1.0016214494109101,0.4197544058939316,0.4595716240143847,0.12145746063858079,-0.6702287718353312,0.30439067323934077,-0.6405355411544519,6538,-0.003042103912238032,-0.06553790108717716,0.2082260627777697,0.7599948280320661,-0.14284432366006458,-1.300885605082017,-0.6063398898886757,-0.06443627416158666,-0.0193811630350603
0.818081234424038,0.48067976195856066,0.6951778807531227,0.3161192191450142,-0.6714808171196816,0.3707899907033733,-0.6960811483643928,6539,-0.0034794030998513245,-0.04050088339914583,-2.135895002854607,0.7605120248254463,-0.16696476205356753,-1.2951044751466079,-0.6073100337124977,-0.057596967086265834,0.005056469183428
1.3459874271765784,0.69016146220486,1.1202916362299822,0.0043329512576809216,-0.89944893561214,0.5185634583925337,-0.7796728646569053,6540,-0.003896266512544514,0.009900789418788806,0.47257286572490986,0.7610292216188249,-0.2547625900518617,-1.3209268109167134,-0.6082801775363196,-0.05917139969672152,0.0104977406274851
0.3258333752278435,0.6207648852355693,0.6946832754447888,0.026678886177794646,-0.9298729795607494,0.44099679279188053,-0.8063876166848182,6541,-0.004292491853832332,0.01454614451889614,1.0534282531713577,0.761546418412205,-0.18421233419515043,-1.325392871619602,-0.6092503213601413,-0.04886877213754691,0.0146280463194217
1.0432958453932497,0.23496429111667347,-0.028211654620752435,-0.1549413977828552,-0.908821709770512,0.15824188521610524,-0.636888892613153,6542,-0.0046678727980627895,-0.02517246893988898,1.4941165462138462,0.7620636152055852,-0.0828347154063234,-1.312482258675439,-0.6102204651839634,-0.06191363111428493,-0.0152381869602728
1.2122508587289422,0.37012851089418064,0.18272610587859867,0.08294663538930641,-0.9203999081551426,0.25754376272585755,-0.486228986347788,6543,-0.005022198900400856,-0.12131983869939582,-1.6937678911613583,0.7625808119989654,-0.19544491325921354,-1.3424329741633552,-0.6111906090077852,-0.06803505683684201,-0.0178111247390883
1.2249382683253112,0.5900453397038277,0.5724139356017336,0.31756021630552794,-0.951200837346913,0.3679066558307449,-0.5039697919576516,6544,-0.005355255504389261,0.012028120240239835,-1.9682690082138747,0.7630980087923456,-0.3262011888047246,-1.3502939730119758,-0.612160752831607,-0.05105003916731507,0.0082451425703289
0.4670222754722387,0.34044724579569957,0.13588294382444316,0.22063660924719694,-1.0632905690376275,0.3496770485199842,-0.6430118544029411,6545,-0.0056668236467551395,0.09624081459863645,0.813119566208394,0.7636152055857257,-0.27407080872776185,-1.3368612589440811,-0.6131308966554291,-0.034147776688675316,0.0090742299847217
0.20770934166611577,0.07839136177901534,-0.2621410534632374,0.06253085469345336,-1.058383771890342,0.1928908415826831,-0.6423648499967486,6546,-0.005956679959629469,0.02371002006137475,0.9016795268573633,0.7641324023791042,-0.2140830788345446,-1.34060895112718,-0.6131308966554291,-0.05198504153206132,0.012383292131336
-0.24923831378198186,-0.04993420748515028,-0.4019333042891449,-0.03048079150756034,-1.0341786248879166,0.13009725784036477,-0.604085386181829,6547,-0.006224596569885354,-0.03195964284476183,1.254752683520072,0.7646495991724843,-0.12762061702759167,-1.3416096699363016,-0.6179331085833475,-0.0637283268134735,-0.0016503248842186
-0.6359222456484735,-0.02835804627893571,-0.30785219324132046,0.2618033104840171,-1.0275498795628426,0.1749097379179119,-0.49088849115311456,6548,-0.006470340995651687,-0.10542321998406877,-0.2431895202095796,0.7651667959658646,-0.14218491583126128,-1.3039318135604911,-0.6223957701729281,-0.06147056981107479,-0.0022851030554853
-0.15640179430585355,0.11810203507463989,-0.04017634635145365,0.024178857537664307,-0.9829107743109146,0.17391376619678484,-0.5178554192379716,6549,-0.006693676039801458,-0.09231854929906155,-0.31096566842892986,0.7656839927592447,-0.16094651646582153,-1.2890102500826224,-0.6244330722029542,-0.05748429772926769,0.0106719946438882
-0.5550353915863792,0.014655656518666398,-0.15175786548047093,-0.0852401938673631,-0.9682995447457666,0.10236941384562469,-0.5635445801462854,6550,-0.00689435968032216,-0.10483892530155417,1.0720705631279215,0.7662011895526248,-0.08659476473152825,-1.3085136054861513,-0.6058063107855739,-0.06699033008023088,-0.0070877532241245
-0.41450476284641957,0.16609556074587395,0.1289600150115132,0.044421194206863336,-0.7984212014630531,0.16327278145642812,-0.17915315679550647,6551,-0.007072144957572173,-0.17116303194421764,-0.8235698970674944,0.766718386346005,-0.14257662656786146,-1.2758900076166135,-0.6058063107855739,-0.07074406472010221,-0.0100033995738995
0.10059430282179416,0.2812259209333952,0.34029980424882544,0.11763127343014707,-0.8025934702246493,0.1895049134719338,-0.44970956436226445,6552,-0.007226779858187032,-0.1375119236666084,-1.1345646440913542,0.7672355831393837,-0.2141782809340917,-1.3031789343134952,-0.6262763454682155,-0.05815927052019033,-0.013983420666868
1.2305226381415306,0.5923656109037873,0.860155038184494,0.21005416207208372,-0.8990463746644809,0.4632334695265812,-0.692064116831603,6553,-0.007358007195533569,-0.05655818323555273,-1.5594702292408904,0.7677527799327638,-0.3277637008837436,-1.2868329917757921,-0.6267129101889353,-0.05630941222124255,0.0016953605767395
0.9180664493115371,0.42259865561181365,0.5123532731467529,0.11581790051957357,-0.9967628290745225,0.27900307857265444,-0.784874329715341,6554,-0.007465564486698321,0.041139178830676124,0.1140519577191321,0.7682699767261438,-0.31621038587587,-1.2933904054405319,-0.6150711843030726,-0.046408989960150936,-0.0126142230756736
1.0182707582095998,0.5787873580098823,0.7775967364574682,0.19856763443411712,-1.0102141868100714,0.372026379901364,-0.6248307657039381,6555,-0.007549183825788665,-0.0043763725302942025,-1.4134755674433088,0.768787173519524,-0.4127822734129518,-1.302198422891372,-0.6160413281268944,-0.0514011615884714,-0.0239915501369868
2.2281581445208873,1.1279401446573203,1.4692732926144023,0.3739622561191379,-1.200784900307567,0.6919683376395517,-0.48334366734441503,6556,-0.00760859175343305,0.09785497707256002,-2.6278690186671607,0.7693043703129041,-0.3745239157748081,-1.3443276018390424,-0.6170114719507165,-0.0430012511435608,-0.0109610930529139
1.991578116207414,1.0931107572790226,1.7951564194544543,0.3485813382030133,-1.2910961892294281,0.7710465033074274,-0.6413836144971576,6557,-0.007643509122372452,0.2236157654806341,-1.2370237292530124,0.7698215671062842,-0.5062801997746482,-1.3514306550651456,-0.6179816157745383,-0.01848065663298258,0.0009743495673619
2.3392937936093854,1.0398936268427983,1.3988864068384526,0.43348694157123324,-1.505941862064726,0.7936557657585437,-0.7152892155549384,6558,-0.007653650959018374,0.16702341069700047,0.036963054153184655,0.7703387638996629,-0.6234641949967881,-1.3479583833677948,-0.61895175959836,-0.02130035544564231,0.0080724580588353
2.057357709504501,0.811043588657005,0.8081346669575802,0.31919426319160576,-1.4973532122231357,0.526920716655977,-0.7420249434896191,6559,-0.007638726320796138,0.2865943875151402,0.7946227568030618,0.7708559606930431,-0.6059111641900558,-1.3831527648910429,-0.6199219034221821,-0.009560365816623829,-0.0249446455196084
2.5657990755065154,1.1532227352921183,1.4499439479794327,0.5829273777405906,-1.4689960046597992,0.8185634954060127,-0.7313747382801364,6560,-0.007598438149086733,0.2887111063031734,-2.7296437435224457,0.7713731574864232,-0.6585851135632249,-1.392870574121102,-0.620892047246004,-0.018907219254915047,0.0164168829119036
2.645307400281501,0.9941282725258059,0.9506381787462648,0.473358839993473,-1.5020769696360101,0.6501027071442831,-0.7777322052296322,6561,-0.007532483117779228,0.3428143297264318,1.6851610211595434,0.7718903542798032,-0.6658912211949143,-1.3889506329403145,-0.6218621910698258,0.0001689948986094635,-0.0214661590973945
2.737316040134514,1.3754691803845462,1.7446571089976057,0.582346894187996,-1.5493511237159234,1.0637042745845542,-0.7673215318318898,6562,-0.007440551477026152,0.37237358609599985,-2.3585077520148467,0.7724075510731834,-0.7310279319588294,-1.3729353025470798,-0.6228323348936479,0.0028252712704681694,0.0013311325572886
2.138206811027379,1.2533767540027811,1.39068399063741,0.7148316607947159,-1.6226381826132301,1.0084856735589502,-0.7472987436720275,6563,-0.0073223268922320475,0.42162080131636936,0.07489457817885517,0.7729247478665635,-0.8195402115709346,-1.4071596100179462,-0.6238024787174696,0.008078927568319424,-0.0128150590850166
4.255097355034072,1.4434944355419908,1.5420608973316898,0.5838766391642763,-1.7263888497087483,1.1767169997568692,-0.7459016327990143,6564,-0.0071774862780218576,0.4789280098537948,-1.435084797361303,0.7734419446599422,-0.8929443941301213,-1.4088777854729422,-0.6247726225412914,0.028997071071496086,0.0056019387272794
3.7759614933895853,1.3300827441575,1.025089324643935,0.7568205645632924,-1.8026687320201156,1.0399780148435853,-0.8009838608705269,6565,-0.007005699627005339,0.5613694093063575,0.5306228186296466,0.7739591414533223,-0.8607463855159619,-1.4081046065181941,-0.6257427663651135,0.036716765346733314,0.0205152927711529
0.9020315645494136,0.78866799525122,-0.11661539758117201,0.5048312319329915,-1.8057579134646131,0.7396152962466152,-0.7995144278396286,6566,-0.0068066298331273395,0.4890781852856639,2.1223584089537697,0.7744763382467025,-0.7278529657735466,-1.3991299114066122,-0.6247726225412914,0.03976857106009352,-0.0151165232477567
0.790687841649077,1.0134843709016714,0.49390212520588594,0.6707493079899416,-1.7859974176736348,0.8590745307282338,-0.7048770225275471,6567,-0.00764908713252758,0.373137932615199,-1.6809757385723105,0.7749935350400827,-0.8369317824215501,-1.3358713963564495,-0.6267129101889353,0.011610181135840239,0.0136431469115335
1.2753679701162914,0.8090167437268009,0.10752246606434883,0.5447644511498332,-1.7526746092899728,0.6175174914108841,-0.6852288712878297,6568,-0.09832497539148277,0.4926032147006097,1.3888175119658797,0.7755107318334629,-0.7447569509944802,-1.3662139634814818,-0.6238024787174696,0.027444955956235004,-0.0108832811728073
1.7819413302679348,0.8852426347202768,0.2886486766142874,0.9444492114373909,-1.7114440665322328,0.7633066478655525,-0.62865370088917,6569,-0.0044614132787363465,0.4066789410083963,-1.2291926338717234,0.7760279286268429,-0.8214638636715706,-1.3348548529872772,-0.6247726225412914,0.014677849892386144,0.0052091639446569
2.73423054128728,0.7996551912646995,0.012350475734548137,0.478258077859377,-1.5721722882915765,0.7078904324261421,-0.6283532676541268,6570,-0.1726312504967939,0.43508369102222527,0.4884616173781329,0.7765451254202215,-0.7869231938854144,-1.3090394180593496,-0.6257427663651135,0.026584890222329696,0.0243815769435227
0.573648015077346,0.5236261423440978,-0.42924947281244935,0.5094725177472753,-1.5164606386649795,0.5400976644676511,-0.5531683839051503,6571,-0.17400497259200098,0.44480959255865726,2.5348439639789593,0.7770623222136016,-0.621618119004672,-1.2917988855576488,-0.6267129101889353,0.020973775616104327,-0.0003654744940175
1.2904394839620283,0.4965972659656813,-0.4251708731884734,0.3669970084892557,-1.4283147991576886,0.46008218601447365,-0.23493892422114399,6572,-0.17657542731935666,0.11182632549112671,-0.10654269306158705,0.7775795190069817,-0.6275556557169415,-1.267338976506576,-0.6267129101889353,0.004748806033988399,-0.0180222047873274
0.7512313933896938,0.7459573166674287,0.16245223745805848,0.652184575962209,-1.3685456907558862,0.6332537162122355,-0.20425675213704353,6573,-0.1793488554232642,0.139690920317002,-1.9911440570255403,0.7633307473493666,-0.7613978917544851,-1.3013077554043555,-0.612597317552327,0.002155649321628135,0.0059949514827151
3.661848428931546,0.7049611859551382,-0.15870525355563833,0.5441028718750538,-1.3999389770712634,0.6073566628449197,-0.26356783130460076,6574,-0.18611840241648372,0.3521328170052053,0.5722486224207896,0.6282130850788727,-0.7304379032815583,-1.333245183295402,-0.6072615265213068,0.020671197421576314,0.0015682176175302
3.061695850250096,0.7285873756290726,-0.23795892799051777,0.612987211524305,-1.3019701062792084,0.6641087666079731,-0.13271466492259862,6575,-0.18887058670926868,0.3456069350026397,0.09976938216348379,0.5171450737005424,-0.7230393394764933,-1.2830571334782828,-0.6028958793141083,0.01961665373003107,-0.0190501045661285
1.8942004268863248,0.9201662036825268,0.19540679460648216,0.6344642468401003,-1.2988464821645542,0.7652323723176021,-0.3669911041520688,6576,-0.19161667804904106,0.14820142047729626,-2.100817272182438,0.5166278769071623,-0.8536419934378496,-1.2872680145316109,-0.6019257354902864,0.027460619180736643,-0.0134610266237232
2.3799095222428153,1.2464659745836653,0.9288530160912994,0.6925780205360317,-1.5251965758904356,0.950529507799348,-0.2919955153972022,6577,-0.19435670471258143,0.24506409913825938,-1.5042496922859476,0.516110680113783,-0.9528549239295406,-1.2936577607043864,-0.6019257354902864,0.038249591134011066,5.39316412258e-05
3.5614489306983987,1.3136166739183543,0.9103648190113516,0.6539330427060962,-1.6320797418171824,1.0516696971125132,-0.30167832409692846,6578,-0.1970906948022597,0.44484839470837434,-0.0615821172432667,0.5155934833204036,-0.9605439200554212,-1.3034090761586572,-0.6053697460648538,0.04890619295897333,-0.0008628597241732
2.3627897541473746,1.2825344500225313,0.821844475467275,0.7302399625752938,-1.6612981966898335,1.04173136945902,-0.24587326945264495,6579,-0.1998186762473511,0.42365687794966705,-0.1596110098006168,0.5150762865270233,-0.9651879769137073,-1.3392743094779704,-0.6063398898886757,0.058558609213192225,-0.0130080423845307
2.462769957744019,1.5123305286939717,1.3976942917690982,0.7263854053299345,-1.8487574742044597,1.1648753797783524,-0.3868091664791694,6580,-0.20254067680554322,0.3815559513738224,-1.4559638532384551,0.513809154383242,-1.0507950729843447,-1.3277964542591796,-0.6073100337124977,0.06050369599326352,0.0206168658831549
0.0833046304259631,1.1712256245191257,0.7038167634837091,0.7420342297355774,-1.9213054126504014,0.9808220208113688,-0.4807880911892536,6581,-0.20525672406419251,0.4371480632098882,2.133200122598013,0.513291957589862,-0.9247464624973679,-1.3269562674017985,-0.6082801775363196,0.05962840694223139,0.0168783148797704
0.6839747690721732,1.0106089277284336,0.45104891989291723,0.664470619936873,-1.8868938976984715,0.8301173980542551,-0.6026424839719252,6582,-0.20796684544181782,0.2937500602317034,1.7341545619747014,0.5127747607964834,-0.8163126235647262,-1.260935602642869,-0.6092503213601413,0.08157411960408965,0.0163347033422085
0.2615842944958062,0.786579297891231,0.09403568759355856,0.627600119178955,-1.810569658776802,0.6499562956785113,-0.6399152298295077,6583,-0.21067106818938727,0.13172405025772824,1.6761305386107546,0.5122575640031032,-0.7062164864782031,-1.2765013027988026,-0.61895175959836,0.06868827727915108,-0.0040958104493152
0.6082867980272579,0.7032358198329801,0.025211754289082858,0.5061457686350759,-1.6701733683773032,0.6067782825847358,-0.5927639411814847,6584,-0.2133694193916773,0.04817007117527555,-0.5046681921671043,0.511740367209723,-0.7420750146247431,-1.2289967918066291,-0.6199219034221821,0.057214448039602885,-0.0004685306067346
0.5847984518917483,0.565157817766521,-0.15514404012718166,0.48273637999706065,-1.6071084284301638,0.5574350763136935,-0.545272237157568,6585,-0.21606192596862014,0.07063987944231111,-0.11745671586605277,0.5112231704163429,-0.7530212392648882,-1.2317170480472535,-0.620892047246004,0.061157768865291486,0.0144791664563102
-0.11597912281343813,0.4220846343473306,-0.30354605638115756,0.30278733789948625,-1.4078657767800995,0.41182399757031335,-0.5539363238691681,6586,-0.21874861467661924,0.08231223285023356,1.4780314111286974,0.5107059736229627,-0.6553449612963107,-1.2539919946352538,-0.6218621910698258,0.056362288069135034,-0.0126296330220698
0.3430507391895993,0.6212091993440633,0.16955976702011744,0.4621071159704457,-1.3031918865657133,0.5130769075567457,-0.7122060542456636,6587,-0.22142951210982156,0.0013663769213499194,-1.4155515824757574,0.5101887768295841,-0.7466273486396081,-1.2182170584903564,-0.6228323348936479,0.04047165692673802,0.0045757069644332
1.1496197379101232,0.5887650807802529,0.1331738079715615,0.39901689092785875,-1.2904661130784862,0.5006706891459749,-0.49592564697042135,6588,-0.2241046447014635,0.05701422833982531,0.42082606692132396,0.5096715800362042,-0.71866761697966,-1.2441272329047617,-0.6238024787174696,0.0540948080895503,0.0121118011272028
0.9180245089186996,0.38851094296508787,-0.20415136510691415,0.3316816896648825,-1.1408278334264255,0.36495159726010745,-0.4202659137137576,6589,-0.22677403872510044,0.013347058939795037,1.225170691062863,0.5091543832428239,-0.6420635505151222,-1.225117306630836,-0.6247726225412914,0.050092686197136284,-0.0023054104719408
0.4837462579711026,0.4757096411754518,0.02442784217003352,0.46094673220918775,-1.059877987188354,0.4415397312994047,0.019688022462242,6590,-0.22943772029592183,-0.05771371199803616,-0.31365083673115246,0.5086371864494438,-0.6585548245928868,-1.208829771676094,-0.6257427663651135,0.04295017389506968,-0.0078384654521196
0.6964079869348211,0.5678079735530117,0.24892163476030146,0.4247811184173298,-0.9482308876841169,0.5069635076639946,-0.3638834490512505,6591,-0.2320957153719659,-0.05472057739797186,-0.9041950090816535,0.5081199896560636,-0.71949602788043,-1.2090316962050047,-0.6267129101889353,0.04913026163990054,0.0235069229568177
0.28248274125734973,0.2130980225919973,-0.33026043705025215,0.23566593610219594,-0.9817602796688487,0.24649849305089658,-0.5134010276404363,6592,-0.234748049755421,-0.008476304561932201,2.441528325990042,0.5076027928626834,-0.5541356801120852,-1.1893282693205223,-0.6247726225412914,0.056394656035226164,0.0044924535267099
0.4121365059620811,0.13732488841583934,-0.40199822631528237,0.1572888662906559,-0.8861463043026857,0.20216236759723558,-0.33497434238852514,6593,-0.23739474909378253,-0.14084201723203307,0.4119181574343132,0.5070855960693048,-0.5277329447646829,-1.1813807078903475,-0.6257427663651135,0.030163000081711546,0.0038944725080056
0.12125695113097784,0.08896328670920926,-0.41598838008876654,0.0729928119532689,-0.7600100451944781,0.14919392844881646,-0.3807845032927107,6594,-0.2400358388811085,-0.1804313504875667,0.34822045334743257,0.5065683992759247,-0.505503899408871,-1.1709207386843543,-0.6267129101889353,0.028818380108689822,0.0032786883744109
0.6148685013870436,0.10905002965556833,-0.3532960213335739,0.01262437552753874,-0.7062766023302384,0.1665934653211728,-0.08958154565710835,6595,-0.2426713444592794,-0.20543719974813804,0.28257885283888917,0.5060512024825445,-0.4845820846883912,-1.1645772348939571,-0.5985787392981005,0.01793866489380337,0.0007982834972373
0.46777876846915734,0.17017234138403123,-0.2172609141615545,0.043906205186342376,-0.5925922594891248,0.20003155045482146,-0.004495299976518407,6596,-0.24530129101906512,-0.21974565125903575,0.017868531795403837,0.5055340056891645,-0.4813024575528725,-1.1272599726057546,-0.5995488831219224,0.026590353139981572,-0.0109177926184529
0.5735887118451698,0.33441850141784135,0.09102847195001447,0.28014417210766074,-0.5094568972639315,0.34075979275718415,-0.35066910179598404,6597,-0.24792570360148608,-0.24653208029500961,-1.2327255288712902,0.5050168088957844,-0.5669710457093642,-1.0810855759435387,-0.6005190269457445,0.02427976411013572,0.0049395161938856
0.31197424626036063,0.29328576939937856,0.05761824453885581,0.27423199075916943,-0.5232651595574341,0.3049033605651716,-0.15288768309056605,6598,-0.250544607098806,-0.15306199499856124,0.45974475351339855,0.5044996121024041,-0.5333953161048045,-1.095326890682627,-0.6014891707695664,0.03765735418615925,0.0008024881066548
1.572722024429126,0.2571677983687372,-0.060593798070830145,0.4103453009718064,-0.42624090048063706,0.29991800921458894,-0.0673495975237695,6599,-0.2531580262558362,-0.16298370339215515,0.018166534869630224,0.5039824153090255,-0.5353820144079268,-1.0556922405991946,-0.6150711843030726,0.03331575516740217,0.0161371150658647
-0.31208919179034494,0.06435764084905751,-0.30948678757884646,0.05823719273027655,-0.4473807504389508,0.146859879400544,-0.17929153746783819,6600,-0.25576598567103004,-0.19509529518168087,1.6549111687950409,0.5034652185156454,-0.4186629918481671,-1.0595640121338878,-0.6160413281268944,0.03200240618344654,-0.0012823042540617
-0.0945208411256794,0.11674619447342778,-0.17270759696893032,0.19879987160455864,-0.2999770456475052,0.14078940445105137,-0.10292604905903607,6601,-0.25836850979759657,-0.2547311875201941,-0.20442489514530918,0.5029480217222653,-0.43121954897796416,-1.039051487652611,-0.6170114719507165,0.023087857967765843,-0.0016296298518379
-0.3459342188658241,0.1068496352158854,-0.13085857716579796,0.3008214464087139,-0.2870891428678734,0.1297515611679543,-0.4227471022133842,6602,-0.26096562294467024,-0.2700895677203513,-0.24149774442780328,0.502430824928885,-0.4480474860297765,-1.0563674706349486,-0.6131308966554291,0.018966485246522835,0.0057872093113242
0.7415534144464039,-0.12318746826736317,-0.4813004962783165,0.004923355791457665,-0.25735781398251806,0.024963098006571,-0.289789801721379,6603,-0.26355734927845076,-0.21719130948501975,0.5500962345164381,0.5019136281355051,-0.3971488035197373,-1.0691492543217067,-0.6141010404792508,0.02713071193893161,0.0063440539500974
-0.009160109779589597,-0.19132517279907763,-0.5371875435924554,0.13634686010800653,-0.23561099180510578,-0.016851416982700537,0.06997164341978057,6604,-0.266143712823243,-0.282027121187325,0.6096839452101941,0.5013964313421249,-0.351059906493058,-1.035795274709437,-0.6150711843030726,0.020089060904775816,0.0039296591804738
-0.03621831941374103,-0.2432865690192423,-0.5706115428833115,-0.07845933733306547,-0.14383190346161698,-0.042625692643320515,0.04734401398888806,6605,-0.2687247374626261,-0.34395572111878375,0.35204059103614144,0.5008792345487463,-0.32113492944004013,-1.0011571794474183,-0.6160413281268944,0.015504147678008891,0.0014189253306469
-0.2816359055651087,-0.27158924979471755,-0.5650103810655037,-0.08832247470207959,-0.00012078945546393753,-0.0844373316995173,0.2906825628105018,6606,-0.27130044694047784,-0.3990008103467266,0.0840282100378289,0.5003620377553661,-0.3169428928186857,-1.0108170808256394,-0.6170114719507165,0.017238657537997148,-0.0005374501987576
-0.14831968657053132,-0.2240033065853546,-0.4677955096834638,-0.12980709613793412,0.02910381338311781,-0.06448387636394988,-0.40277079720710746,6607,-0.27387086486211554,-0.375873405618336,-0.12485583711349421,0.49984484096198595,-0.32688516761569736,-1.0049953517583232,-0.6238024787174696,0.011113015083244216,-0.0066034414534412
-0.11507001160701787,-0.12800904681941844,-0.3055539748281607,0.00712749237961893,0.05906975916541203,0.0035812668932673486,-0.2687122133889657,6608,-0.2764360146953048,-0.32185513216749206,-0.7723066016111717,0.49932764416860576,-0.37846505530819674,-0.9968199740672739,-0.6247726225412914,0.01227275034117767,-0.000438956494189
-0.338957647999618,-0.15272251392519182,-0.3056213953610457,-0.022924390307455078,0.02802385757198285,0.0,-0.2964141086015478,6609,-0.27899591977137267,-0.27690830608117195,-0.11434281334523147,0.4988104473752256,-0.38449244274089694,-1.0316372267879066,-0.6257427663651135,0.0267250757388622,0.0005907836698277
-0.38788139368871993,-0.09030432550744906,-0.18347617212010986,0.014648252399930516,-0.05267100426454047,0.0038568881041011064,-0.3620912272670717,6610,-0.28155060328622933,-0.2910598886882336,-0.004344395765160281,0.4982932505818454,-0.3835554568353507,-1.0361533814146227,-0.6267129101889353,0.02512935759350399,0.0092540839280987
-0.13422058829925498,-0.26645612871693736,-0.40614774946342347,-0.24719309770496703,-0.0831694163839234,-0.1267075024681094,-0.12315079128889084,6611,-0.28410008830134936,-0.28613748695049157,0.9204239925600869,0.497776053788467,-0.32039443004682144,-1.0343884547892959,-0.6267129101889353,0.02260520604786101,0.0043837579802896
-0.23952342052595887,-0.2983275407102779,-0.42477140642825567,-0.071920698191363,-0.08173382134443322,-0.1659125177328194,0.6362404065030322,6612,-0.28664439774494244,-0.3470532375945007,0.400747396934616,0.4972588569950868,-0.29060815009601876,-1.0486327647499614,-0.6257427663651135,0.00967253307591118,-0.0024269488883152
-0.3640870412893053,-0.24944701994333096,-0.33576632855861327,-0.14630530097699765,-0.10226684852274986,-0.14590081702208255,0.8357893693005931,6613,-0.28918355441281457,-0.3664247078674805,-0.3260848346850781,0.4967416602017067,-0.30941907595287677,-1.0505666376689897,-0.6267129101889353,0.004239366612901359,0.0068119892369886
0.06962298757899647,-0.35463857961618706,-0.4656193890537944,-0.3805064793684656,-0.09322686051066251,-0.21717854403190195,0.8357893693005931,6614,-0.2917175809694672,-0.3367909562086212,0.6600400208356767,0.4962244634083265,-0.2644303550351563,-1.0478552881965144,-0.6247726225412914,0.005997848756048332,-0.0032379663152902
-0.3088955374673943,-0.22749903058483337,-0.28073495656897285,-0.18445563536100235,0.010043457260455415,-0.12684125660994652,0.8455721312466071,6615,-0.29424649994910457,-0.4021505784406362,-0.41278042218370276,0.49570726661494635,-0.2923571208303899,-1.0769967487885705,-0.6267129101889353,-0.0004405127310301244,-0.0099917577917625
0.1566513070168402,-0.06575372264731977,-0.05451581068227019,0.032017235485938274,0.020094986417869443,0.015194748531398194,0.5258152465776822,6616,-0.29677033375657125,-0.35913384309576457,-1.1335376171003833,0.49519006982156616,-0.37317254805965927,-1.0970990236578275,-0.6073100337124977,0.007321170238317597,0.010925161688581
0.07845027536534091,-0.23070804975972659,-0.28337280450358404,-0.2849752629931526,-0.03482543916878289,-0.12034069354719802,0.13550928428349246,6617,-0.29928910466837494,-0.27725516020202806,1.0990071307503402,0.4946728730281876,-0.29686415789713944,-1.0988763494633165,-0.6082801775363196,0.019668471767047405,-0.0119658949027083
0.505712534380638,0.026485850516798345,0.06672737201762469,0.033993040739579226,0.02717843392608587,0.07460207908956933,0.35774055823625667,6618,-0.30180283483362375,-0.4007397544787651,-1.3444039074093888,0.4941556762348074,-0.3917038441023699,-1.0643696342663556,-0.6257427663651135,0.009085479436437316,0.0026928171314089
0.08828776172388551,-0.07278770836940317,-0.07823032738542753,0.004429939326975887,-0.009988092565347944,0.008051812269620148,-0.10209498335874997,6619,-0.3043115462750197,-0.303608878295967,0.22023810399406946,0.4936384794414274,-0.37379657596765814,-1.0680629084849107,-0.6267129101889353,0.03187561189889033,-0.0023427967050899
0.03996961440375164,0.039046807007094064,0.09574279872689556,0.1589600823706552,-0.05424483349115068,0.07839433591618007,0.14950865105172767,6620,-0.30681526088982475,-0.2819743586999522,-0.3172317835180953,0.4931212826480472,-0.39772533942962796,-1.0089314830730303,-0.6131308966554291,0.02941919133464348,0.0093123178266587
0.17179837220307256,-0.1359945737769878,-0.16432714686272729,-0.062242530128106766,-0.08284709558106654,-0.0350548537420613,0.17900861205073923,6621,-0.30931400045076746,-0.2765561497095416,0.9268553579121355,0.4926040858546671,-0.3277627552893541,-0.993683049133403,-0.6141010404792508,0.03847517726707158,0.0101048952112777
-0.11191756350191463,-0.261261960264004,-0.32350824613577667,-0.24179293158963241,-0.0574917591202706,-0.12248804615490123,0.28656097691007454,6622,-0.3118077866069938,-0.3201911201261313,1.0114103012726114,0.4920868890612869,-0.25430443392661123,-0.9950946653536448,-0.6150711843030726,0.033347523370996536,4.42304698105e-05
-0.29995503450575106,-0.2758806269804598,-0.3248983479899111,-0.1453230312202569,-0.007045717424588784,-0.12478676003467191,0.055866979255571346,6623,-0.314296640885018,-0.39978521233611475,-0.06244521076064887,0.4915696922679083,-0.2631817445276803,-0.9456949778364512,-0.6160413281268944,0.025430775145901065,-0.0011057162056489
-0.7534358447615714,-0.2880636001206954,-0.31189164926311913,0.042599893236361604,0.0334783315032819,-0.1344977518054017,-0.07888544621951793,6624,-0.3167805846896143,-0.38394177669042884,-0.18516664913601108,0.4910524954745281,-0.2740252174970707,-0.9540827610470121,-0.6170114719507165,0.02531052991483413,0.0070228126011462
-0.47598904316589574,-0.3212822136975522,-0.33550598028206907,-0.27001492088931073,0.22881029286126614,-0.21442599816644384,-0.11757395769988513,6625,-0.31925963930472484,-0.3805292500983512,0.6824564839478433,0.490535298681148,-0.2269076751649638,-0.9672960138804129,-0.6179816157745383,0.025223789959695885,0.0031581081222642
-0.23520619839532825,-0.33437794043443025,-0.3429369822732356,-0.28279744466854834,0.2972263598541624,-0.21899081387482588,0.5506822829261185,6626,-0.32173382589442356,-0.423793415636067,0.2700103553913153,0.49001810188776795,-0.2063553289091392,-0.967107817189172,-0.61895175959836,0.010128198042169106,0.0009528347022558
-0.2665946836355545,-0.32894622115026817,-0.3267199312445847,-0.25191448491662594,0.2664391297073589,-0.20264447175617617,0.8947508402634614,6627,-0.32420316550372225,-0.42900426226513394,0.034602218217632076,0.4895009050943878,-0.20380820713951034,-0.9312828610486298,-0.6199219034221821,0.015602788895833384,-0.0053783909054129
0.046251469291988846,-0.24559088453815095,-0.22294264324663865,-0.2666364001814095,0.32416867993791965,-0.13588243013050533,0.2166171206360292,6628,-0.32666767905952004,-0.42903865642437466,-0.6412451214118678,0.4889837083010076,-0.24757701543281257,-0.9377683136031494,-0.620892047246004,0.020899488924259937,5.4210108624275204e-20
-0.0936716754410734,-0.3358023248939049,-0.3373998814323424,-0.238740087266552,0.32416867993791965,-0.19726036719438406,-0.18531079380133877,6629,-0.32912738737146685,-0.3813569965392477,-0.06718788561695598,0.48846651150762904,-0.25049133158783743,-0.907048066068541,-0.6218621910698258,0.03319400412775044,-0.0017227355781361
-0.34024065187959346,-0.22884147992359613,-0.18723913641065146,-0.1364808623875915,0.32902744381379984,-0.12553734508939823,-0.2829442623171037,6630,-0.3315823111328269,-0.42991041081748105,-0.2510692835063355,0.48794931471424885,-0.2677937230863655,-0.9069389105272865,-0.6228323348936479,0.02813183743966018,0.0014821915492109
-0.20519260235741088,-0.2434341095073164,-0.20142173908097677,-0.17740717360696112,0.32902744381379984,-0.1622764692953033,-0.549191093433096,6631,-0.33403247092134103,-0.42651293406409163,0.09093233363444453,0.48743211792086866,-0.25654756309828736,-0.917338070472453,-0.6238024787174696,0.0315513861533667,0.0020620411576135
-0.07854644116880977,-0.2666000123821317,-0.23219319477049752,-0.16194665823239374,0.25487163396240736,-0.18046556397105842,-0.194178453405963,6632,-0.33647788720010424,-0.4493052533755967,0.15284593895192888,0.4869149211274885,-0.24702963177766332,-0.8874441988525322,-0.6247726225412914,0.030564455536335057,-0.0090876519376216
0.2596496720117228,-0.08619774254952624,0.001097187445017502,0.10776386526021017,0.16895617780944447,-0.055597434454158164,0.21764904578670488,6633,-0.33891858031837035,-0.4941751262813903,-1.0372075317673797,0.48639772433410833,-0.32195460307047535,-0.8665431655072053,-0.6257427663651135,0.024827327786783218,-0.005383048867733
0.39498424631462553,-0.02622839529096568,0.04202149678282152,0.18373794620945266,0.1357322855143924,0.027283596632409424,0.07702528288141992,6634,-0.3413545705124598,-0.4079150723044157,-0.641677497891989,0.48588052754072836,-0.36391047717554764,-0.8499384546215637,-0.6267129101889353,0.03841841390917323,0.0079445241761007
-0.12916414482918584,-0.1523778754328009,-0.1325664906867672,-0.04058190070543513,0.04331355119076479,-0.05501822576839422,-0.12459297110883207,6635,-0.34378587790650367,-0.4190704565324031,0.78088136307047,0.4853633307473497,-0.30712443132914996,-0.8448298784056044,-0.6267129101889353,0.04726726127464704,-0.008707025241651
0.05375535429913282,-0.03777858238142604,0.03213837359992161,0.18049669745133945,0.022246694082275198,0.042734908163391656,0.25981021489447553,6636,-0.3462125225133671,-0.4621416868416519,-0.9963861968130258,0.4855960693043701,-0.37709637209314245,-0.8664094911547342,-0.6247726225412914,0.0391991093993037,-0.005574332599073
-0.02412449626728285,0.0183731681480986,0.11963608285222141,0.20064574897423818,-0.0532244542124571,0.08493257119241403,-0.08252320806313641,6637,-0.3486345242353645,-0.43751545808861064,-0.6620515426222905,0.3394362554952158,-0.42543740762117077,-0.8944529495998926,-0.6218621910698258,0.051458829659659006,-0.0001951127789681
0.19781844157651274,0.0015935862076641091,0.08660280779177983,0.19594474823054436,-0.22169954543061787,0.08663079162890842,0.30244261126211225,6638,-0.3510519028651678,-0.4287903925677445,-0.0878414484404933,0.21975691750711135,-0.43024356924406737,-0.8955328813465718,-0.6228323348936479,0.057031394728337834,0.0036590721326665
0.39966368019735043,-0.14531551821429556,-0.14497343330302093,0.017425645089764467,-0.28952235761719497,0.0070643939316886424,0.44363726903856104,6639,-0.35346467808652204,-0.41988046057703493,0.32354664748672396,0.21923972071373188,-0.40911036516943333,-0.8935179749156037,-0.6257427663651135,0.054523740447432474,0.0008224772651512
-0.17449081389308518,-0.1632420471204044,-0.15880402774361815,0.006555450585079809,-0.3325344625456931,-0.019487615716148213,0.5239697068683081,6640,-0.35587286947513785,-0.4214792451495354,0.020752504150267175,0.2187225239203517,-0.4064961295793681,-0.8798492933825637,-0.6267129101889353,0.05221800639347511,0.0124377580494237
-0.4499762140834702,-0.2803970713035363,-0.29752991128631384,-0.19706137069910323,-0.36956190159557656,-0.12626540758218022,1.1906008678716793,6641,-0.35827649649936494,-0.48231326190364093,1.2604586830396585,0.21820532712697155,-0.31425331843478393,-0.911948547470894,-0.6247726225412914,0.05075400646231725,-0.0093547615169781
-0.32735842000728976,-0.14727090121555528,-0.10480828680200054,0.009255522007679205,-0.3422730705078683,-0.021624691262683342,1.2096321095128686,6642,-0.36067557852106885,-0.4995141923629011,-1.0657610613762065,0.21768813033359138,-0.39144436867392607,-0.8722515259486848,-0.6257427663651135,0.039411488168665944,0.0002905565673538
0.2859650263916557,-0.18149575338271476,-0.16624614258802278,-0.052000350357914935,-0.41311978576972275,-0.054376869553435125,0.2174715086972721,6643,-0.3630701347963925,-0.4737435629263052,-0.03628203583209187,0.21642099818981175,-0.39583685621149195,-0.8300708983657428,-0.6267129101889353,0.05150371292500087,-0.0087141746683463
0.2733092327995334,-0.10198426499902594,-0.06729822183871258,0.04565455922745606,-0.41023281745924706,0.008189643480704861,0.19684430292116575,6644,-0.36546018447644235,-0.48368739133334987,-0.9974724915461642,0.21590380139643156,-0.4639184150909535,-0.8211629379326616,-0.612160752831607,0.04753270434841653,0.0098652081290091
-0.22338038216451467,-0.14627899068093683,-0.11972542500934438,-0.09811732833278115,-0.4100464496947168,-0.059364406001075634,-0.046035567450618375,6645,-0.3678457466081821,-0.4083371225666625,0.9856541844558219,0.2153866046030514,-0.3923736719875549,-0.8250964929875167,-0.6131308966554291,0.05583683452099048,-0.0093297223497127
0.18527698949840676,-0.03403781951749377,0.03471491979800396,0.07852044394201423,-0.36989279277795506,0.03198606407480099,0.12616237693205018,6646,-0.3702268401350456,-0.48202931255757553,-1.0631748370214207,0.21486940780967123,-0.4988635907080023,-0.798188305810247,-0.6141010404792508,0.04650529761269838,0.0002889906902074
0.6755873681619313,0.014451448977357386,0.055499464135945024,0.08035336565791817,-0.44630653968111283,0.046422661722013266,-0.349906225855378,6647,-0.3726034838978303,-0.3658715200640602,-0.036578784932577005,0.21435221101629107,-0.500405265521997,-0.7837523411664745,-0.6150711843030726,0.060041948315893136,-0.0034649361216047
0.8995387266326261,0.06311059790814809,0.07430411955950911,0.11870944764413373,-0.5286220760532089,0.07591838093387827,-0.56247163268508,6648,-0.37497569663531116,-0.333322123445811,-0.4373083089458346,0.21383501422291246,-0.5317195282948978,-0.7862061603507775,-0.6160413281268944,0.06356140206451237,0.0063173358429025
-0.34312735033081393,-0.07839125946922108,-0.11231946783633963,0.05261129556633759,-0.5492396569068831,-0.012988415649390385,-0.6836691510648657,6649,-0.3773434969850301,-0.3171751958238531,0.6068105054001534,0.2133178174295323,-0.4892704007683208,-0.7982729928477544,-0.6170114719507165,0.06336680778788915,-0.0013625962930492
-0.5219174584160196,0.00029087424822115147,0.03005934450293819,0.09108808729766803,-0.5948241740058968,0.00029576525363558863,-0.501797761753338,6650,-0.37970690348407127,-0.32848218558217745,-0.2129519055408545,0.21280062063615213,-0.5085527827090998,-0.7958089868774261,-0.6179816157745383,0.06050269223904035,0.012962331184238
-0.5325696111865278,-0.17753046792853866,-0.20173663720735652,-0.20762895246624696,-0.6323797479774116,-0.1334730150476853,-0.5931916769536463,6651,-0.3820659345696765,-0.3271377032192943,1.315997795352831,0.21228342384277213,-0.4075252543717506,-0.8052747714165206,-0.6238024787174696,0.05766359699369904,0.0067830853795103
-0.37891209528618935,-0.24383334142182292,-0.2725864312485928,-0.2871922440533699,-0.554880022828504,-0.17207074104293196,-0.1684353011827095,6652,-0.3844206085800484,-0.43896882244549795,0.6563292766547654,0.21176622704939196,-0.35692109835989316,-0.7990854080119005,-0.6247726225412914,0.04597176249778367,0.0002866974765074
-0.4749396165342081,-0.3036894966487688,-0.3301731443777268,-0.2771166249654934,-0.4881667247909488,-0.1980843797764257,-0.027198005990365776,6653,-0.38677094375503834,-0.4814921606067486,-0.03699594842608857,0.2112490302560118,-0.36194500289163956,-0.7785588469247959,-0.6228323348936479,0.04368879411903262,0.0042992262241472
-0.7672083026217718,-0.3432496401510797,-0.35400833678861227,-0.38472882732032543,-0.39871702966696426,-0.22921263732518424,-0.16960454174665784,6654,-0.38911695823681947,-0.480345053337981,0.3914658466436073,0.2107318334626332,-0.3318590936620611,-0.7738369507791175,-0.6257427663651135,0.04098014086699239,-0.0019025875564158
-0.2601574579136342,-0.20473701856219984,-0.163760369346881,-0.27522908258314366,-0.2393443039256076,-0.1879343468843772,-0.1295150969720121,6655,-0.39145867007063245,-0.4951334857352004,-0.27061110972110436,0.21021463666925302,-0.34303188669544055,-0.7717710676474172,-0.6267129101889353,0.03828668861961459,0.0020491799232531
-0.2258915190918025,-0.20279627925960522,-0.15380050835653805,-0.26395072209740855,-0.16374287070133228,-0.17838993412419202,0.0017527305141123702,6656,-0.3937960972054289,-0.5004332041519062,0.15130034221265148,0.20969743987587286,-0.3375218671008793,-0.7748427139438702,-0.6170114719507165,0.03696389612160742,0.0030437061059025
-0.5115310926176431,-0.27611921108635723,-0.2352627903351586,-0.35334991443575325,-0.030084329745096516,-0.21985008157410052,0.12292494232004529,6657,-0.3961292574946033,-0.5110403454965424,0.25743589222737195,0.2091802430824927,-0.3186918320945067,-0.7708308549380385,-0.6179816157745383,0.03828339375312232,-0.0029870562597982
-0.0919305464155576,-0.2961405648229178,-0.2610971588787508,-0.33097919364518413,-0.0072211152611943484,-0.2038756761698058,0.3556730196539854,6658,-0.39845816869662154,-0.5020738839859135,-0.3862109830905657,0.2086630462891127,-0.3450544085766043,-0.7576257888433526,-0.612597317552327,0.036400996361201414,0.0050884534806856
-0.26520169659327764,-0.2720670368002533,-0.22342045590626913,-0.29033783771660204,-0.0011786580147309185,-0.20957806626387726,0.8724529369998427,6659,-0.4007828484757374,-0.49998370187826907,0.4757313976800902,0.20814584949573253,-0.3097472150836359,-0.7590261768218393,-0.6057578035943828,0.03635754706558315,0.0015613911989744
-0.798433434985348,-0.21976216947355973,-0.13323979331355848,-0.26564474676988625,0.0020422895328887788,-0.1847527489235421,0.9020671590872308,6660,-0.40310331440263686,-0.5169189642716079,0.09934570950394739,0.20762865270235392,-0.3029157863358279,-0.7378149629279301,-0.6009555916664646,0.0377504704782475,0.0032596370320028
-0.5816247900367711,-0.21557543676801294,-0.11357948751688753,-0.24345557093779585,0.0003258300151215547,-0.1637329012293918,1.0025829047014099,6661,-0.40541958395509586,-0.5442894027822388,0.2805915185574936,0.20711145590897376,-0.2800335312529619,-0.7216842140773552,-0.6024593145933882,0.040225905861260985,-0.0013655410796436
-0.5164387874363795,-0.14180772406599576,-0.0012633773409683304,-0.1808876265741521,0.07605984579547452,-0.09496761402365407,1.2010680507743332,6662,-0.40773167451868153,-0.574305341885191,-0.21296168402411045,0.20659425911559356,-0.29721796522819,-0.6891510895239709,-0.60342945841721,0.043417174153162194,-0.0094775560462381
-0.16151761169207265,0.17223549612006622,0.10477110907502267,0.11778726229146186,0.07485753306271406,0.11456763660840395,0.7157597924989139,6663,-0.4100396033873395,-0.5728302215761832,-1.0788869676060386,0.2060770623222134,-0.37402887128651063,-0.6973241089007335,-0.6082801775363196,0.05229983629088021,-0.0077155232365635
0.1882794560415341,0.12312929192470276,0.31347332183189835,0.5678590960390199,0.04008446973277002,0.1019960563676309,0.4816059722726737,6664,-0.4123433877640648,-0.4918403746032338,-0.8907894589837775,0.20555986552883324,-0.4418104680929975,-0.724337915968824,-0.6073100337124977,0.06611930689132467,-0.0019630681292435
0.7080054118881451,0.4240587447452461,0.8886258428971298,0.42393698153784426,-0.030735299473659456,0.323156290641161,0.0952598000863346,6665,-0.4146430447615454,-0.4753363292109748,-0.2768265262176053,0.20504266873545307,-0.45936154199710466,-0.7233616531938541,-0.6141010404792508,0.06496824971925916,-0.0013939625027581
0.054186371649232117,0.60925457018881,1.1861968521922956,0.4252290361186033,-0.08622585826055403,0.49134913689105775,-0.45328178978723493,6666,-0.4169385914028218,-0.4811917404695345,-0.21612748251612407,0.20452547194207463,-0.47724705923964494,-0.7316876077662497,-0.6150711843030726,0.0785111831713198,0.0029843561436739
0.8452267592814291,0.60925457018881,1.1861968521922956,0.2840916560715918,-0.24468274549641492,0.49134913689105775,-0.1486688669919817,6667,-0.41923004462184205,-0.45488976552514326,0.2512488180110963,0.20400827514869446,-0.4730383973000759,-0.7435226402848776,-0.6160413281268944,0.08338335638674148,-0.003724215222536
0.21168155071634226,0.60925457018881,1.1861968521922956,0.3491419434147199,-0.3130294530773941,0.49134913689105775,0.054281164799908535,6668,-0.4215174212641785,-0.3692296278386425,-0.46481085842163383,0.2034910783553143,-0.5020022373117004,-0.7781729164748865,-0.6170114719507165,0.07707426121126397,0.006440054192643
-0.22689501181822455,0.3524398741097826,1.1861968521922956,0.3263842797590262,-0.32655271058020996,0.23117766864838993,0.013437822499692212,6669,-0.4238007380875539,-0.3957246302022153,0.6201032121459711,0.20297388156193413,-0.4595991350006143,-0.7386736243058253,-0.6170114719507165,0.0797614465244847,0.0028385856355566
-0.007984572931176697,0.3674623225858229,0.6912882919935813,0.5726028413221906,-0.3059509314818172,0.21629079741115964,0.31785408388773495,6670,-0.42608001176251525,-0.4475348470094625,0.23571116321894403,0.20245668476855397,-0.441433749610758,-0.7120545576743205,-0.6238024787174696,0.06251331775093422,-0.0016311650429106
-0.0901403135796528,0.7230739813211611,1.3653886362964656,0.8372301324172682,-0.2768462448250147,0.3977084483401253,-0.038008599474746024,6671,-0.4283552588730472,-0.47253213364012525,-0.2414646506201219,0.2019394879751738,-0.45787002887516043,-0.7227744009520201,-0.6247726225412914,0.06257193478640109,0.0130225853139507
-0.2420060248712287,0.20616059140112397,0.4325465686170313,0.1421708243086838,-0.3184154332277103,0.05232896993738911,0.04336867903240487,6672,-0.4306264959170999,-0.4576656552196226,1.3226693628825867,0.2014222911817952,-0.3551589277696496,-0.7351505261848049,-0.6257427663651135,0.06052140521071915,-0.036430909109885
1.0405334488750984,0.7085371883729966,1.3814797302341808,0.7252598988335326,-0.24122213620054214,0.7709711895582422,0.6929984180670051,6673,-0.432893739307289,-0.5054973279465954,-3.9559850790774167,0.20090509438841503,-0.6478868012162142,-0.7185752599866844,-0.6267129101889353,0.03904477246057003,-0.0173780340107778
1.3300213609359675,1.0801544463658241,1.8989904218878169,0.6374883503215744,-0.49391387643890444,0.7397844788627198,0.4483718541361669,6674,-0.43515700537139473,-0.32165832415180173,-1.9221679800045952,0.20038789759503503,-0.5956115284016218,-0.76642866723562,-0.6267129101889353,0.0919671901665584,0.0180345691496242
0.6540986140041511,0.4061803753029574,0.5269716263494363,0.38931999139489687,-0.6042184862814508,0.29428037066075585,0.4172201613652417,6675,-0.4374163103530199,-0.2770212298245514,1.8577246158666094,0.19987070080165487,-0.6596443578132647,-0.7872651862598157,-0.6257427663651135,0.0967735703237982,0.0170290604785552
0.0543443185519193,0.1274886973727891,0.0808524470220796,0.17927856313863966,-0.6352188984618086,0.09509731955357009,0.5996843880882611,6676,-0.4396716704121008,-0.17129421960321525,1.7503558235398449,0.1993535040082747,-0.5304205692453254,-0.752199713367799,-0.6267129101889353,0.07408989182536231,0.0136214070254124
0.2511916046627421,-0.0056667137229769295,-0.11280071351235202,0.23625943333062369,-0.5478485791663844,0.012152483053152125,1.5236581472874213,6677,-0.44192310162555226,-0.2923495635701475,1.386608013062246,0.19883630721489454,-0.42634217512383404,-0.7164250644468979,-0.6267129101889353,0.06195616722223697,0.0021281776442037
-0.35879586253635337,-0.11946074547177042,-0.24340925550987697,-0.05888656485728999,-0.5292589775165637,-0.04486878728940002,1.61562088476006,6678,-0.44417061998782204,-0.32607258629330066,0.15984337680484167,0.19831911042151593,-0.4142677411165508,-0.7422353101239645,-0.6267129101889353,0.0604114793310769,-0.0071969999742908
-0.031112969215268026,-0.010577560531115068,-0.0672159185492317,0.003086339063952612,-0.42868798317169915,0.03372093439547003,2.0494125318498595,6679,-0.4464142414114329,-0.31714971557780125,-0.8354860885668363,0.19780191362813576,-0.4733540134267151,-0.7311775629683271,-0.6267129101889353,0.06386904565969714,0.0059977929568924
0.43640345894757215,-0.09269861547414131,-0.19141445829065346,-0.1280959468788131,-0.34432177738828634,-0.03150716135407284,1.2307709428641567,6680,-0.4486539817275381,-0.2417487244460187,0.5729428649749817,0.1972847168347556,-0.4340104758224252,-0.7815573263893146,-0.6199219034221821,0.06404244467660591,-0.0006391298962392
0.24357654408859078,-0.11871741831181999,-0.22258449941419833,-0.18931708183298432,-0.15700288235857396,-0.028080545069645624,1.4420841335407628,6681,-0.450889856686551,-0.2719202645922998,-0.1355767756377717,0.1967675200413756,-0.44479678892820484,-0.7736821996678801,-0.620892047246004,0.06141350717460806,0.0149098442121751
-0.3884283978158848,-0.32706265784574196,-0.4690279811095219,-0.3639573324825718,-0.13564693589470037,-0.19575400550756994,0.7015109806690045,6682,-0.45312188195861186,-0.28160181285916225,1.524025672060528,0.19625032324799543,-0.3245006342099356,-0.8178107175863263,-0.6218621910698258,0.060657813169027464,0.0035269219287839
-0.3885295064347961,-0.28063358995058035,-0.38243524554798164,-0.2792957164109271,-0.012011825764181137,-0.1950602152426999,1.7230625231713175,6683,-0.45535007313417375,-0.400629430685933,0.3090782013548306,0.19573312645461524,-0.2999021045973142,-0.8050854862823156,-0.6228323348936479,0.05058195869582694,0.0072633553540961
-0.6744362514483366,-0.2784784221798196,-0.34685971615652395,-0.3249694037369198,0.04024758810793108,-0.23686421098178767,2.1749928544362334,6684,-0.45757444572457334,-0.41759835293104614,0.7078761341274703,0.19521592966123666,-0.24526933777220875,-0.812930246260617,-0.6238024787174696,0.049811281012321074,-0.0001395676124968
-0.445711482414631,-0.3460928984117241,-0.40869445150883,-0.46001729112910233,0.1520344458484016,-0.26274607165460195,1.7073546372736703,6685,-0.4597950151625125,-0.4936232682793369,-0.08234385466899899,0.19469873286785647,-0.2476884997902903,-0.7713506876200651,-0.6267129101889353,0.04338452276164218,0.0055834729684196
-0.3274892348764663,-0.3747482981401932,-0.4262199444389359,-0.37579750624656677,0.30259491378807946,-0.27667078833069675,1.0189265712066822,6686,-0.4620117968026448,-0.4931479876274638,0.5284794295626131,0.1941815360744763,-0.207162665918193,-0.8016452561321843,-0.6267129101889353,0.04243291221964449,-0.001341847223045
-0.5003977834141342,-0.3939919824798835,-0.4281248571423026,-0.33820920508417485,0.40594620462511205,-0.2586666846808375,1.1392136981045704,6687,-0.4642248059220712,-0.48312372207405524,-0.21075879247533635,0.19366433928109614,-0.23667742593724753,-0.7830567014507932,-0.6228323348936479,0.04107291440839437,0.0026835937788487
-0.7522478696577335,-0.42396648285314326,-0.4381465559516864,-0.37660970167457875,0.4838305321701268,-0.2873007738064498,0.18876472557332247,6688,-0.4664340577208825,-0.47057687337856424,0.21895204424819625,0.19314714248771597,-0.2201652775389329,-0.7867263037589004,-0.6257427663651135,0.04589918821508491,-0.0010128961343236
-0.7632650820685488,-0.48618767527117923,-0.4865579966763923,-0.37958257855757654,0.5235752021106316,-0.29068190569813573,-0.255991333578143,6689,-0.46863956732267115,-0.4748085687250589,-0.17558239681850166,0.19262994569433597,-0.23586561234559492,-0.7969202590734182,-0.6267129101889353,0.03948062003324559,0.0041398773093201
-0.8272707355562668,-0.5120899300239304,-0.49300691551035325,-0.4071949075726175,0.5174438993407218,-0.33011311191007336,0.19855450397128768,6690,-0.4708413497751005,-0.49825596069132216,0.3743530611098995,0.19211274890095736,-0.20338360316818435,-0.8087660472568925,-0.620892047246004,0.041353017449351354,-0.0037773224568165
-0.46330366561683445,-0.38071642189753746,-0.3288830452904075,-0.35409356729747554,0.5311471779472383,-0.24114619276944582,0.6732060057134162,6691,-0.4730394200503016,-0.531070855940105,-0.4707560068984106,0.1915955521075772,-0.23764195683446257,-0.8090837603117318,-0.6218621910698258,0.038994676185952995,0.004508357974519
-0.7619425962572433,-0.4766101343688055,-0.42334131986473145,-0.3378390889751383,0.4742034148005423,-0.2806113322844357,0.5111564109044081,6692,-0.47523379304550045,-0.522689338227682,0.4136839605653384,0.19107835531419703,-0.2026205625113079,-0.8250603123147795,-0.6228323348936479,0.04883166680019828,-0.0027158903714419
-0.5580223747612391,-0.3613453749673624,-0.2759651200854428,-0.27206647053258287,0.5102505280408949,-0.21694472061994538,0.9452575475657956,6693,-0.47742448358348744,-0.5802156104364877,-0.3574392378055275,0.19056115852081687,-0.23185491475391581,-0.8316103899973434,-0.6238024787174696,0.04363986437745411,0.0004615741497895
-0.2092534817153528,-0.3362653397337182,-0.2459200488506075,-0.28442166980408884,0.4738073631557843,-0.20954277537907112,0.44989485491928044,6694,-0.47961150641305506,-0.5681125974379014,-0.0182401617425062,0.1900439617274367,-0.23266009922439865,-0.8465161791007881,-0.6247726225412914,0.04653444902477016,-0.0010611304325784
-0.23884191719805853,-0.3650126057366349,-0.28085282165247494,-0.3118001285830269,0.45897505446571896,-0.2383474453430305,0.7933376716415087,6695,-0.4817948762095983,-0.5931520296304152,-0.18077064566116868,0.1895267649340581,-0.24640570299754883,-0.8485122449660361,-0.6257427663651135,0.04560748530172333,0.0011546276683385
-0.174994460215105,-0.3789285913897044,-0.2996155471102073,-0.33479898420012033,0.3601326925460178,-0.25105435356977146,0.9046051983938789,6696,-0.48397460757552313,-0.5108406026933129,0.055842589085148366,0.1890095681406781,-0.23626114964826378,-0.8677543110403364,-0.6247726225412914,0.04344639500626104,0.0016146146714028
-0.28581634555598734,-0.4923422319774467,-0.429355727082767,-0.34722759347740045,0.35244322879882234,-0.32816926736857066,0.813681693604631,6697,-0.4861507150407758,-0.5699213222801843,0.10511266139045361,0.18849237134729793,-0.22587451208462533,-0.8776986101425047,-0.6267129101889353,0.037910128519494116,-0.0008290346421705
-0.073999145941592,-0.4146589038939002,-0.34552600892914603,-0.3402012486876375,0.33265344738372055,-0.28982659983807074,1.590156736025414,6698,-0.48832321306330684,-0.5803678416479333,-0.1557820284416009,0.18797517455391777,-0.24045694113129343,-0.8650048473411156,-0.6267129101889353,0.03020274866250519,-0.0064109891710248
0.011902207730414989,-0.2886113223905558,-0.20012684432929417,-0.1809101331600293,0.3018216627328168,-0.19639637237658095,0.9831956030522985,6699,-0.4904921160295863,-0.562798838675793,-0.7515888456614244,0.1874579777605376,-0.29862651895162085,-0.8924863686871722,-0.6203584681429023,0.028892017619812176,0.0029264777863202
-0.5709859389450079,-0.3564598411278234,-0.2725818545409676,-0.3330042007873694,0.2455636766714595,-0.2373917520904544,-0.10762605308977818,6700,-0.4926574382550122,-0.4817907885541732,0.24500915601371814,0.18694078096715744,-0.2756438292894214,-0.8974754891121617,-0.5969780019887949,0.03852037802970476,0.0010625404425879
-0.5716333254934602,-0.41479173123757085,-0.33158773879233566,-0.38761912534752724,0.2184532220422705,-0.2864304000560053,-0.25824424251657,6701,-0.49481919398448077,-0.4748609985824428,0.046077761898049185,0.18642358417377883,-0.2775286116549013,-0.871209786976807,-0.5786422837185611,0.03579679751418696,0.0081803171746155
-0.789322310263442,-0.5523854672397117,-0.4718902703793839,-0.5693244505484668,0.200892461561963,-0.36234231489886926,0.31793514933967587,6702,-0.4969773973927665,-0.49250478815246085,0.8058584154970658,0.18590638738039866,-0.20757202024961607,-0.853697242159582,-0.5786422837185611,0.034247485566188965,-0.0005958382151356
-0.7710465301242209,-0.5364745035032441,-0.44158599788872177,-0.5776986902651899,0.25224770548872644,-0.358862910897152,1.0958958941273715,6703,-0.49913206258500614,-0.5699997582120514,-0.13091270349278664,0.1853891905870185,-0.21910939231047116,-0.8466239180620312,-0.5786422837185611,0.029560328650653223,0.0005961934499767
-0.7896229620182105,-0.5138771415572955,-0.40465133239212586,-0.3812128110534562,0.26903184678927144,-0.36480301617145083,0.8329139520285379,6704,-0.5012832035972234,-0.5506502489635963,-0.003677594581646995,0.1848719937936385,-0.21945387761314053,-0.8248805296534546,-0.5786422837185611,0.025545774996561472,-0.0024750206466851
-0.4688141633632212,-0.46039953437491726,-0.3413914796765656,-0.3431631470687716,0.3058295503070591,-0.323634012305012,0.8224475638916019,6705,-0.5034308343966816,-0.5282216090935357,-0.33158230187817617,0.18435479700025834,-0.24795720141321273,-0.8304159484131968,-0.5786422837185611,0.020369654794963762,0.0046406911787932
-0.7438807235756588,-0.5091382147569791,-0.3863608613920171,-0.40867050161444973,0.31920258898327636,-0.3376865223688759,0.7621769589479,6706,-0.5055749688824239,-0.5351872749585438,0.42793474418094396,0.18383760020687814,-0.21083015148570913,-0.8440610682891456,-0.5840265819407723,0.025201564208816293,-0.0008689685903474
-0.7711181580824331,-0.5256049389373366,-0.39483349210730667,-0.396605087323567,0.3429501368362568,-0.3423735140409632,0.9536878288753388,6707,-0.5077156208856982,-0.5642413592761271,-0.1601554729727244,0.18332040341349956,-0.22150209025035933,-0.8094269728900229,-0.60342945841721,0.027279063974545516,0.0028838234157855
-1.0384325321406012,-0.48963663924743733,-0.3417291457767391,-0.40495840570706976,0.37782268750031994,-0.3255101955729145,0.5994575183623692,6708,-0.5098528041703662,-0.5644354661012089,0.24043174594038047,0.18280320662011937,-0.20104338326544627,-0.794160278149067,-0.6043996022410321,0.028914029039422712,-0.0051576978804784
-0.5963686454395752,-0.37702088596957756,-0.20760651354323853,-0.25046650158635003,0.4076885031255229,-0.23842723807345706,1.2348114520639493,6709,-0.5119865324334004,-0.5656229747838027,-0.6179475805601704,0.18303594517714042,-0.24904471705107148,-0.7661600782033888,-0.6053697460648538,0.028948707273683476,0.0018810792015666
-0.3140897771614011,-0.4367392021544358,-0.28284147123114955,-0.3326358735320746,0.39945323564872387,-0.3053931138169665,0.14336421203672373,6710,-0.5141168193052943,-0.507924338266815,0.13340419471813666,0.05877941556762413,-0.236633932962895,-0.7506973381912624,-0.5985787392981005,0.03582953005154552,0.0022438979012076
-0.6834909554370168,-0.5380927977411649,-0.3906384688269306,-0.40208258227887106,0.47361274458980185,-0.35342097953286966,-0.15963348030062904,6711,-0.5162436783505013,-0.5188627971344978,0.17204476372569788,-0.04297905352986742,-0.22126939294891926,-0.741785194344206,-0.5995488831219224,0.0329885869956687,-0.0014621222702476
-0.5905684146875063,-0.5491369463720284,-0.3995380321456576,-0.40041472739258804,0.4993531824719443,-0.3567765739257796,0.49696713751310617,6712,-0.5183671230678585,-0.5689027787679792,-0.2235285200574639,-0.04349625032324758,-0.2377033146496284,-0.7174475594440727,-0.6111906090077852,0.03386643401951664,-4.57581254466e-05
-0.27110873112936623,-0.4228860552529093,-0.26464788447008597,-0.37318145598186475,0.5079255206326189,-0.3059496450519738,0.17350741638243772,6713,-0.5204871668910396,-0.556195156837324,-0.07237020645502629,-0.04401344711662766,-0.24646624121529545,-0.7178702428594039,-0.612160752831607,0.036818955362797584,0.0020134539019183
-0.9042516801585998,-0.40714818758013743,-0.23612366550188618,-0.4067854136069516,0.502010149013888,-0.3161583180706002,-0.018706371051305924,6714,-0.522603823188951,-0.5657183468573116,0.14746880392227896,-0.044530643910007835,-0.2332270829423533,-0.741682726251835,-0.6170114719507165,0.03814632998726678,-0.0051148561351264
-0.661108328407696,-0.261967856307053,-0.2034926954755692,-0.23471346331239465,0.5350109219698276,-0.23664964405828529,1.1523811869531868,6715,-0.521651327854891,-0.5890992131570602,-0.6134357303159959,-0.045047840703388,-0.28061365187536974,-0.7299579649582827,-0.6150711843030726,0.040388206690488974,-0.0006885474377822
-0.31511620458423134,-0.23689836622665483,-0.11955527582859148,-0.22562227833474077,0.4597387661882784,-0.21831645689298987,-0.07034361501936606,6716,-0.7373719854809181,-0.5369241665299257,-0.14104507512286898,-0.046314972847167804,-0.29165658448484394,-0.7516160531038941,-0.6160413281268944,0.043121727728257314,-0.0018833252494867
0.3265233395281398,-0.23341482883247602,-0.053921396303703885,-0.19878620674511002,0.41157899758926153,-0.20266224755710155,0.04041765814417257,6717,-0.9140031153005637,-0.5344295503406478,-0.26859448048518514,-0.046832169640547885,-0.29882795373432414,-0.744008625122607,-0.6170114719507165,0.03981213280148427,0.0049279760254146
-0.9119293892229878,-0.3286347783002685,-0.16206557901525886,-0.30351215055849184,0.33240843520788127,-0.24433729729559053,0.757303228097405,6718,-0.9156600085459934,-0.4759363745805975,0.4584519855325706,-0.04734936643392806,-0.2748229027805719,-0.743384328627573,-0.612160752831607,0.04310902326445816,-0.0016523112279673
-0.4038150924894174,-0.30344436001895114,-0.13140487283449392,-0.2660888306261466,0.32105590568062564,-0.2299801334893338,0.5748412588446493,6719,-0.9173154738639219,-0.5060285675364066,-0.24389371952927122,-0.04786656322730823,-0.2959691671082428,-0.7584896792701127,-0.6073100337124977,0.04078454601292913,-0.0028440365444508
-0.4676866449934156,-0.2620551066337526,-0.07752558410122838,-0.20032711767355255,0.27382022832790953,-0.21428219320983538,0.5037120840173914,6720,-0.9189695177075295,-0.4627334172765818,-0.371160511059483,-0.04838376002068839,-0.3209112931226858,-0.7714046031713221,-0.60342945841721,0.04043201918473296,4.60023034953e-05
0.07265834281159195,-0.25313179235873,-0.08415684511766354,-0.1952142667977357,0.16924616021293706,-0.19031364689671054,0.028479404176987924,6721,-0.9206221465155154,-0.4567246906826341,-0.06270506614586192,-0.048900956814066913,-0.32524233480407333,-0.8009484716293986,-0.6043996022410321,0.03967002144216367,0.004508027443161
-0.2854089982273961,-0.45550609101846756,-0.3322684004726323,-0.3402846375960136,0.1272965396673487,-0.2800944514401135,-0.5371212413427346,6722,-0.9246653194435845,-0.47718532730314145,0.4135842986325716,-0.04941815360744708,-0.2920171055052757,-0.8256463911652828,-0.6073100337124977,0.04026560537482587,0.003026056710619
-0.5540296726215931,-0.4491046580611174,-0.3193670271981053,-0.3998171363607809,0.0879004578764639,-0.29170948436797167,1.16042203060854,6723,-0.926313114815608,-0.46794703972098434,0.2554232672493817,-0.04993535040082725,-0.2693948708199618,-0.8027724663491509,-0.6073100337124977,0.03832842234171681,-9.49641604268e-05
-0.7184036161638487,-0.45898562440432444,-0.32181147955217754,-0.44038990687998153,0.09452082235111028,-0.30057721878734206,1.3814388840760836,6724,-0.9279595236336563,-0.47468990058585625,-0.07766556506804556,-0.05045254719420733,-0.2745844459361987,-0.7974727647293431,-0.6053697460648538,0.03172478970579001,-0.002283000619068
-0.5091238807705951,-0.3808127971043937,-0.22767457675882916,-0.37082405613640324,0.12699855832798457,-0.25591688255325745,1.3200507084104254,6725,-0.9296045522597363,-0.4538215473194221,-0.3113236584651756,-0.050969743987587496,-0.29835306215303886,-0.7800962273140061,-0.6063398898886757,0.031572754676222954,-0.0239348314706437
0.2122840910056926,-0.2349824206598565,-0.03898537882509968,-0.18181243819990597,0.14613043595862205,-0.19305087336265223,0.7036152254575285,6726,-0.9312482070421937,-0.393459155782114,-2.6224189817834462,-0.05148694078096767,-0.3232933660474489,-0.7391352476969468,-0.6073100337124977,0.03546585151941773,0.0143473369565765
0.38534605838978664,-0.020486005007406945,0.16092247798280016,-0.014671304865839653,0.0036968949820566526,-0.11543144213190842,-0.6283773135142492,6727,-0.9328904943158478,-0.42062223197390286,1.4637657746387704,-0.05200413757434627,-0.3647025415064426,-0.767434596157745,-0.6073100337124977,0.04311601071954775,-0.0143755202251159
0.6159568144310277,0.15374732113343614,0.4239880228473085,0.15067751972662877,0.015840703861217113,0.06345107698330975,-0.6576633592737751,6728,-0.9345314204021065,-0.36076971795650775,-1.6021629365073347,-0.05252133436772635,-0.46528609654570435,-0.7580349282696048,-0.6131308966554291,0.04978150691021458,-0.0003751815503746
0.7627848559669833,0.3230085092293913,0.6562297089575586,0.3588061302706275,-0.07901872828674213,0.1770672376846428,-0.7977784477113607,6729,-0.9361709916091008,-0.28166468616864865,-0.10774738342569921,-0.053038531161106524,-0.5272444295877431,-0.7821103958128754,-0.6141010404792508,0.0552371094425051,0.0099929625143295
0.7627848559669833,0.3230085092293913,0.24469965921790784,0.3588061302706275,-0.23763762073390413,0.1770672376846428,-0.7661714067035327,6730,-0.9378092142318046,-0.2452294627081046,0.999057052032478,-0.05355572795448669,-0.20903817930585797,-0.7975779875266916,-0.6150711843030726,0.05999867908731389,-0.0038655822543132
0.05939414726699649,0.009525878780017006,0.06023369659091563,0.3588061302706275,-0.24333391022982861,0.1770672376846428,-0.48305201037011397,6731,-0.9394460945521639,-0.2452294627081046,-0.4800263185312464,-0.05407292474786686,-0.20903817930585797,-0.7841345305299321,-0.6160413281268944,0.061104078522904955,0.0001874678468043
-0.05987723335625299,0.03176425441375579,0.10252949754941758,0.36760880496514575,-0.3493919597158699,0.1770672376846428,-0.5127906618926095,6732,-0.9410816388392181,-0.24403369372241182,-0.04739014275319906,-0.05459012154124694,-0.21455580985685208,-0.7885499026145276,-0.6170114719507165,0.05570217116630495,4.68580419652e-05
-0.2830378541294672,0.08522944069421183,0.19948676343037758,0.3542853446944136,-0.38258837738986673,0.04806160677825031,-0.35136525551126707,6733,-0.9427158533492295,-0.3020077345860761,-0.06226936910087139,-0.055107318334625545,-0.5162920077539239,-0.783868428752731,-0.6238024787174696,0.05145493140385626,0.0112454318236022
0.20287944043646397,-0.2698817493811437,-0.2990194572535222,-0.02489694147210057,-0.4049897834364443,-0.1347603924668027,-0.622485441454362,6734,-0.9443487443257994,-0.26704596126739794,1.1328719192162224,-0.055624515128005717,-0.42376565132754285,-0.7777181289380937,-0.6247726225412914,0.05514394323023122,0.0063015477233578
-0.46170418017315296,-0.4427660984167538,-0.4861296411031453,-0.22059677480503107,-0.4256180311016281,-0.2334056413387449,-0.22875698760827834,6735,-0.9459803180000018,-0.34310271191579206,0.6055370164797944,-0.05614171192138588,-0.36955951178330354,-0.7575390519006262,-0.6257427663651135,0.04533516349434132,-0.0054793258905244
-0.38146098953063895,-0.40517728620095067,-0.42557948333269946,-0.19289358803927073,-0.38950460015694816,-0.21754050106484268,0.4868439245615646,6736,-0.9476105805904991,-0.3751312805286987,-0.6517798327788369,-0.05665890871476596,-0.42490563230631867,-0.7403921429514857,-0.6267129101889353,0.03669529556525951,-0.0081022273427748
-0.273503031302694,-0.10433056481740706,-0.02961461801945077,0.08301826839017706,-0.38525471807430706,-0.04708815636765467,-0.2786743111457478,6737,-0.9492395383036706,-0.32462522180289394,-0.9317431606899508,-0.057176105508146134,-0.5055358395967249,-0.7689608224560534,-0.6267129101889353,0.03902079447037528,0.0062079909925558
0.007255367889284421,-0.293764180942117,-0.27866767861740444,-0.10275087593466882,-0.3972457633011984,-0.16109785399039026,-0.4295983581061053,6738,-0.9508671973337298,-0.27621407958609806,0.5956369389654838,-0.0576933023015263,-0.4520254306224274,-0.7479848940260359,-0.6247726225412914,0.04201931108867393,0.0049635852368501
-0.06051826328834313,-0.3893252190940415,-0.39182837241874807,-0.307745314323653,-0.33537316332218203,-0.22120682986081583,-0.1972441770445227,6739,-0.9524935638628571,-0.3072435925566464,0.4625107927634333,-0.05821049909490482,-0.40845244419044613,-0.7712382826470441,-0.6257427663651135,0.03401916816566718,-0.009047267427465
0.786111544956907,-0.1671738068405948,-0.15295780475090576,-0.11557896492599928,-0.3163538246602043,-0.10170177935225103,0.13551565489548648,6740,-0.9541186440613119,-0.33339508112081695,-1.0330659706801455,-0.05872769588828499,-0.4960083356707704,-0.7306324984296815,-0.6267129101889353,0.03161379687206656,0.0075461149172624
-0.283174103531298,-0.26558254718866886,-0.2663187944903037,-0.2438012059755176,-0.35657082380834015,-0.1701657255947226,0.05523632241365419,6741,-0.9557424440875598,-0.28004630041239675,0.7381649173730791,-0.059244892681665155,-0.42869737707306266,-0.717132447194302,-0.5879071572360598,0.035480888798430144,-0.0024040682252034
-0.1496688700576679,-0.2267584869631306,-0.20790235524884168,-0.2432552300314071,-0.334917086820585,-0.16533115556158828,0.19663110355092747,6742,-0.9573649700883957,-0.28899328026804244,-0.32398399009489515,-0.05976208947504533,-0.4617915145572253,-0.7115096929588122,-0.5879071572360598,0.03363061276988913,-0.0050977847505745
0.43985936587394986,-0.21787176065887137,-0.21529196285480617,-0.23660413589985618,-0.32736494187251725,-0.15497417171015784,-0.25589876493778785,6743,-0.9589862281990623,-0.2721989737616963,-0.6116135643985262,-0.06027928626842541,-0.5099887543202578,-0.7010933064636405,-0.5966384516504568,0.030387161937385016,0.0044251911023223
-0.3352698832497993,-0.30406556107955,-0.3085881728042876,-0.3719653382807636,-0.3406836999483865,-0.18890791605214363,-0.2551378729640864,6744,-0.960606224543374,-0.20008774708163052,0.4047603006593763,-0.06079648306180557,-0.4754506441507268,-0.6976553251381404,-0.5976085954742786,0.025034997414647892,0.0006956358928766
-0.2540115944541425,-0.32365668923492813,-0.3208433564993153,-0.42371794452784334,-0.2469604406871719,-0.20901486119302307,0.18834502620269675,6745,-0.9622249652338405,-0.1957589685712666,0.006674933338857935,-0.061313679855184176,-0.47481899057347704,-0.6793524352474998,-0.5985787392981005,0.02893423498899293,-0.0034294187543296
0.25958708896546384,-0.23591175387471186,-0.22120490163249223,-0.35774425235718,-0.24378154662005516,-0.1570783932047545,-0.012296008904041597,6746,-0.9638424563717828,-0.21661709150743916,-0.43362526393169903,-0.06183087664856435,-0.5077630711337388,-0.6739368556512659,-0.5995488831219224,0.027886867295910955,0.005208333067515
-0.831428534607479,-0.24878812975274725,-0.2106675256442555,-0.4679436967546272,-0.3173322772073339,-0.2243416618949477,-0.33413557376165365,6747,-0.9654587040474545,-0.15519448772055608,0.4883729311907201,-0.06234807344194443,-0.47016281503673485,-0.6771152705624939,-0.6005190269457445,0.030499361202673513,-0.0126295333047459
0.28057501169022603,0.020955028549316135,0.14608629996197922,-0.17817884079288965,-0.31710934793346984,-0.08644336825368071,0.30183283621957735,6748,-0.9670737143401691,-0.17520777861582004,-1.4156057440763954,-0.0628652702353246,-0.5859956611957327,-0.6500719036181187,-0.6014891707695664,0.024489844968193758,0.0013119054756949
-0.11425954370404513,0.09603511534002569,0.2633469589904994,-0.22999185659906893,-0.36447366532203623,-0.07478008733983484,-0.5949645030982971,6749,-0.9686874933184134,-0.07999328672318787,0.072411129663883,-0.06338246702870477,-0.5793812802960223,-0.6599767602368329,-0.6024593145933882,0.03262152354951034,-0.0032754671272632
0.2663156671451408,0.2023252596911434,0.4168582956912655,-0.016530148775587217,-0.4303851324022032,0.004810971417845167,-0.5232723928552406,6750,-0.9703000470399721,-0.10175734069629312,-0.4172749422334939,-0.06389966382208494,-0.6105943390700578,-0.6704574093475575,-0.60342945841721,0.037507690824571734,0.0005164080028587
0.02704072941787156,0.12505829019505962,0.29605739613874854,-0.01311153262559779,-0.48211416676665897,-0.01831441038305522,-0.5424743692964624,6751,-0.9719113815520437,-0.10444456849156716,-0.012301321002515542,-0.06441686061546345,-0.6122896437517031,-0.6573282879422369,-0.6160413281268944,0.04232984732103036,-0.0034722221224657
-0.39262082999593045,0.13762154670285845,0.3308776656447359,0.10376488736795057,-0.5381194518826911,-0.01086645031284812,-0.33011904966732175,6752,-0.973521502891365,-0.10120242208869064,-0.43806143561877436,-0.06493405740884362,-0.6428495677112446,-0.6570792448361464,-0.6170114719507165,0.04041240934083618,0.0062623598726678
-0.49849409241281223,0.011457811416726502,0.15831115285638564,-0.07985879111914056,-0.5857824726471061,-0.08671268703514469,-0.5113021994615928,6753,-0.9751304170843277,-0.09919399245601886,0.6009458672742671,-0.0654512542022238,-0.617459649311768,-0.6601297590934919,-0.6179816157745383,0.03709120377448596,0.0026671655333216
-0.6327474414784015,-0.10643999328632779,0.010140903183778182,-0.18927600611482043,-0.5778683097769282,-0.1500480857389759,-0.17640101798856792,6754,-0.9767381301471016,-0.12075848406159641,0.21705112558826203,-0.06596845099560396,-0.6013995951967039,-0.6554309188862687,-0.61895175959836,0.03478039227298208,-0.0018667165819402
0.338576335824717,-0.1955830998341721,-0.1287124079047661,-0.2398716301329153,-0.582221099355526,-0.18137995666692042,-0.044188797092387384,6755,-0.9783446480857488,-0.13455630155785833,-0.2668649075556662,-0.06648564778898404,-0.6172833943355077,-0.638848308851673,-0.6199219034221821,0.029699316889480756,0.0004675523375401
-0.5087451387228559,-0.25071257475018754,-0.18425266244401772,-0.2737344747976291,-0.6096544866005078,-0.20718174160715652,-0.18589303168054136,6756,-0.9799499768963459,-0.07010743617892558,-0.017709646927598927,-0.0670028445823642,-0.621535264371042,-0.659449674356852,-0.620892047246004,0.030253291402091365,0.0042527334129511
-0.602931113765262,-0.29357906197696015,-0.22154399080397014,-0.3255948283766987,-0.15039722988796553,-0.26629067126388273,-0.1548345803314651,6757,-0.9815541225651048,-0.041858102788415494,0.3863347173598625,-0.06752004137574281,-0.582608528804303,-0.6517561669590801,-0.6218621910698258,0.027606215506774955,-0.0033505510448155
-0.6253030822418376,-0.2331988311882208,-0.1296516854532034,-0.19830193550927638,-0.5679750732300953,-0.23794032409651933,0.20034445153353903,6758,-0.9831570910684888,-0.07373190950654508,-0.4252032680951235,-0.0680372381691229,-0.6202079730523677,-0.6541378586793579,-0.6228323348936479,0.019450856470605238,-0.0020077511734536
-0.16926643790235407,-0.12663221579474623,0.011596247579234146,-0.07575153771392887,-0.568636952717772,-0.17629737567018303,-0.23494181580064274,6759,-0.984758888373331,-0.013036908814595346,-0.2819186616937789,-0.06855443496250306,-0.639241178230488,-0.6604989412434831,-0.6238024787174696,0.02026318988537741,-0.0026667911777316
0.022295538476512472,0.026062311703696713,0.22015275737568746,0.08161847148320894,-0.576610403958853,-0.08137585760003642,-0.467017605480731,6760,-0.9863595204369581,0.037652262291414364,-0.3522416901937741,-0.06907163175588323,-0.6693583566877876,-0.670011856877534,-0.6247726225412914,0.02514259906548963,-0.0029553878390244
0.6302980643695753,0.1393014175651939,0.3301689376848754,0.22500651521068507,-0.5735502480084396,-0.019802610289175928,-0.1928246550305958,6761,-0.9879589932072994,0.07014840517426776,-0.3828739618036601,-0.0695888285492634,-0.7004697488172228,-0.6560748447540156,-0.6267129101889353,0.03266798958227296,4.70498481965e-05
-0.25838987651413947,0.25794194393891906,0.5284006135628267,0.28587773627380597,-0.6724973697570711,0.04731159263764899,-0.3650604102469781,6762,-0.9895573126230149,0.08291413936031333,-0.0623780829806632,-0.07010602534264192,-0.7048187429057087,-0.6698730626836672,-0.6267129101889353,0.034450273569246334,-0.0072453536667006
0.438023280968095,0.4622007790640351,0.8542094434015914,0.28587773627380597,-0.7186805069143071,0.028186313088737182,-0.4453597146206961,6763,-0.9911544846136098,0.08094266225520312,-0.8408408348936772,-0.07062322213602208,-0.7684042583243224,-0.7020711476761342,-0.6150711843030726,0.03524813868029076,-0.0060186722233927
0.8159700383545039,0.5658488475725993,0.7075954699741465,0.345319819066309,-0.8161225651475995,0.11553696663132448,-0.5559289226365111,6764,-0.9927505150995496,0.15548349326895283,-0.7101266829429415,-0.07114041892940226,-0.8292382333410565,-0.7050286786612884,-0.6160413281268944,0.04292209007237771,-0.0045770954541901
-0.15005147803919325,0.5192072167437451,0.9344111009323817,0.39721069738481074,-0.9152119528821511,0.205200348266225,-0.7066117422938435,6765,-0.9943454099923849,0.19132042565614235,-0.5562984017184018,-0.07165761572278243,-0.8018629445835261,-0.7264548104720636,-0.6170114719507165,0.04649374587989084,-0.0011016380712951
0.1508011831397964,0.7723167350100344,1.413980589772482,0.5574773131702786,-0.8706217284016028,0.349245146176039,-0.6850935309178073,6766,-0.9959391751948626,0.24277704376017034,-0.18535653699495702,-0.0721748125161625,-0.8522763745049065,-0.7356024763372067,-0.6179816157745383,0.04488650076651003,0.0220570603232977
-0.45929087308761046,0.4824785159254293,0.8772742485572832,0.18562887170742695,-0.9667136081041653,0.0901574418420817,-0.62308081641164,6767,-0.9975318166010481,0.272742340098895,2.286557254153077,-0.07269200930954267,-0.6975050870136041,-0.7469848681826791,-0.61895175959836,0.0532152445013365,0.0045038705177658
-0.0006241496877336316,0.4865129268001123,0.886876427044063,0.1235389751472703,-1.0659010734019538,0.08343791889879516,-0.10584720487286628,6768,-0.9991233400964386,0.09512290200998089,0.412813181950126,-0.07245927075252163,-0.6668871758526922,-0.7306783007110735,-0.6111906090077852,0.0241103417269743,0.0105982906947668
0.9163937377504195,-0.10606314975257973,-0.1788475500942532,-0.34710845822761277,-1.1194119022165534,-0.16919294952577402,0.06920132997853266,6769,-1.000713751558087,0.057909721380518635,1.0632598492583167,-0.15802948021722277,-0.5707563892235991,-0.7226683003285881,-0.612160752831607,0.02833083272733434,0.0024993162151281
1.4067325935794373,-0.05670457212917202,-0.2093426013252633,-0.5622363698463438,-0.9098419743030276,-0.10340645516216376,0.25616306311085996,6770,-1.0023030568547182,-0.0008242301731723961,0.19874808327823612,-0.22813550555986564,-0.5563349146851132,-0.7140112125741134,-0.6131308966554291,0.017401950582061215,-0.0023049972686703
0.3232001492750435,-0.13379101879864885,-0.3063036829089059,-0.5366900261055455,-0.8182430546544872,-0.13910558886777574,0.8066850394784026,6771,-1.0038912618468376,-0.008813592558892082,-0.31422682934241786,-0.2286527023532458,-0.5722179103974737,-0.7140476114093381,-0.6014891707695664,0.026920424621880917,0.0007855098077793
0.18913700561332175,-0.09124097632547731,-0.2332166132561039,-0.7491456668199699,-0.6061192042231044,-0.10946873612820067,1.3318410449629656,6772,-1.0054783723868637,-0.0431112408566541,0.015647800645425296,-0.2291698991466252,-0.5764987200652195,-0.7326734418760479,-0.5888773010598816,0.026973740098627515,0.0078027609974011
-0.39994581853346184,-0.24148530094149273,-0.39662211567153516,-0.8409276916756548,-0.5564336333921794,-0.24091367088777432,1.7970463067121134,6773,-1.0070643943192314,-0.06917604102429914,0.7644617840592517,-0.2296870959400045,-0.512017220608353,-0.7370712066216791,-0.6024593145933882,0.02939959674971661,-0.0018783214394358
-0.26963221981268887,-0.1932965238041771,-0.3057846151923522,-0.7437632833278984,-0.45591386642025833,-0.1958273835642276,0.8045396595242977,6774,-1.0086493334805189,-0.07852982712473354,-0.26874909808623115,-0.23020429273338466,-0.5299051523718069,-0.6982334831609229,-0.60342945841721,0.030438062986858524,0.0051406799594939
-0.6574463385777901,-0.2428422484206735,-0.33284182344867064,-0.7532650662406005,-0.2892216065292592,-0.2549283106497244,0.25089467191106785,6775,-1.0102331956995594,-0.047886014847381975,0.48055285293827127,-0.23147142487716604,-0.5233735301499179,-0.7041907472545463,-0.6141010404792508,0.03162984399008944,-0.0022375452434145
-0.5376288434895498,-0.31003092634051505,-0.38634447830936225,-0.7166280292758286,-0.24677635883663698,-0.2709196636924653,1.0389073835315787,6776,-1.0118159867975638,-0.11358118549199943,-0.30685516637861604,-0.2319886216705462,-0.5487214223333812,-0.7015010913645314,-0.6150711843030726,0.02583937830086313,0.0075514873713573
-0.7376053457544277,-0.3677794960857927,-0.42380199448137873,-0.744850285485663,-0.11313478368710297,-0.29806348084651696,0.7818554673898163,6777,-1.013397712588232,-0.08857011614457704,0.7379856900063206,-0.23250581846392473,-0.48405269926750866,-0.6936002674212075,-0.6160413281268944,0.02743001934719416,0.0019532140313232
-0.559540258939077,-0.36847104888159227,-0.3996869557130223,-0.777637693809494,-0.1732734925043937,-0.2932740683237158,1.3035073204491134,6778,-1.0149783788778735,-0.11246451249681126,0.1404370350664677,-0.2330230152573049,-0.46759028393113866,-0.6501480838838736,-0.6102204651839634,0.02282987125386898,0.0005440205068323
-0.6269293665223477,-0.3650643424915944,-0.37143394780529954,-0.7609842230820058,-0.07616820975194669,-0.2815489664119117,1.9563431370068982,6779,-1.0165579914655234,-0.11251462914990411,-0.010193096283694723,-0.23354021205068506,-0.46361642634599926,-0.6474874635905572,-0.6111906090077852,0.024268094191543833,0.0037154503490832
-1.0654433835705146,-0.3764579226197563,-0.35514994325223936,-0.8036490259270572,0.018290225379684236,-0.2697716611455348,1.943264432229544,6780,-1.0181365561430609,-0.1200811688504354,0.3282762901994329,-0.23405740884406523,-0.43103774658577393,-0.6455597314609158,-0.612160752831607,0.027480650429936537,-0.004694835293898
-0.525530705168272,-0.2657707067952268,-0.20391074653912025,-0.6897352290025927,0.09951940236357598,-0.19831062479721745,1.3691243767438595,6781,-1.019714078695325,-0.14349192614203538,-0.5694210118749172,-0.2345746056374453,-0.48321242045821977,-0.6684603393202038,-0.6170114719507165,0.026374639841642136,0.0019502900639181
-0.4364752891261735,-0.29893166135958676,-0.2324789095947743,-0.7194028667053619,0.26064605331833646,-0.2144389240294674,0.5307467772271892,6782,-1.0212905649002337,-0.09456767353624268,0.13999574965391176,-0.23509180243082392,-0.47440647905453465,-0.6469112795768162,-0.6073100337124977,0.029469978472640494,-0.0023991667728753
-0.12305441715392934,-0.23979880029980746,-0.1574330819771055,-0.7056252029261427,0.2832051900704233,-0.18601729407570042,0.560961974389937,6783,-1.0228660205288977,-0.11339543550208107,-0.32432149997981674,-0.23560899922420409,-0.5024771250465399,-0.6865482892596284,-0.5988212752540563,0.03007657279124756,-0.0036754697923444
0.10528206680922712,-0.13855427641872153,-0.033285605845817086,-0.6527984426790356,0.26839390852664635,-0.10611102538930339,1.2448635653444715,6784,-1.0244404513457412,-0.1531483949686372,-0.4605515670481011,-0.23612619601758417,-0.538422925999304,-0.6183225267704096,-0.5976085954742786,0.03076532530743368,0.0005009789731322
-0.23310420731067727,-0.1311429216364554,-0.017628885609490573,-0.5986889869210017,0.23865861422046636,-0.09022710549151441,1.5395814618528054,6785,-1.026013863108617,-0.11546654391834128,-0.014722459469668141,-0.23664339281096433,-0.5381363250268891,-0.5880139056886474,-0.6014891707695664,0.03574944627285511,0.006008740055909
-0.4555975756955383,-0.3994339670826029,-0.3420443026100276,-0.7361016234830691,0.24306422377361592,-0.23019876226838878,0.11003947371753847,6786,-1.027586261568926,-0.09023952050617844,0.5731866973899591,-0.2371605896043445,-0.4879110286626005,-0.5808527719836024,-0.595668307826635,0.039132357687864994,0.0031674206533987
-0.6136625394087334,-0.44620506808978405,-0.38050056069329263,-0.8497692924518764,0.24026789308717975,-0.26998773710505924,1.5835039833021904,6787,-1.029157652471728,-0.1294020984280129,0.26990986824995955,-0.2376777863977247,-0.45969926590843546,-0.5652530787523468,-0.6024593145933882,0.028045437582019758,0.0130807400430031
-0.11594807080700571,-0.38709897004846733,-0.31450419530010376,-0.8687894846918649,0.23626688566865234,-0.2694178048217898,-0.11388753954851466,6788,-1.030728041555871,-0.1685246422542627,1.3279300193135004,-0.2381949831911032,-0.3409163507524143,-0.5763224863301811,-0.60342945841721,0.024910158013675812,0.0024487978482103
-0.08244662258282771,-0.3294482405371298,-0.2489430086239334,-0.8313996179649596,0.23257716830899272,-0.23549867330113652,3.54085389293308,6789,-1.0322974345540934,-0.27648255231691077,0.19305469870886383,-0.23871217998448335,-0.3241594775338987,-0.5898523484418909,-0.61895175959836,0.0268402269325565,0.0060404176313058
-0.4824657940330254,-0.44951353650843956,-0.378257290340781,-0.9291640326489574,0.30421376616928314,-0.3044891762605159,3.075125293143171,6790,-1.0338658371931566,-0.26927222139387463,0.5763955089246542,-0.23922937677786352,-0.27171725106925304,-0.5750463601714009,-0.6102204651839634,0.02947915708489368,-0.0011478523518706
-0.22668384868992533,-0.3281643372946083,-0.23519510805311797,-0.8111137363052374,0.44106030105122834,-0.23309997918654338,2.510376041421607,6791,-1.0354332551939487,-0.2890631315242082,-0.19099543868060542,-0.2397465735712437,-0.30321502698122854,-0.5592791697499421,-0.6111906090077852,0.02655964624060675,0.0066740331373678
-0.3013371781245887,-0.3167409082499933,-0.21736091484098755,-0.7292328286363154,0.48919049975715917,-0.2368258365658226,1.7659866952337424,6792,-1.0369996942716142,-0.28020814069644945,0.6440263783730681,-0.2402637703646238,-0.2781798843443407,-0.5368832016686536,-0.6170114719507165,0.03241565139640175,-0.0082543027166805
1.5441068981698696,-0.25249315381086745,-0.22233288297824008,-0.7868240117581528,0.5768492910000422,-0.21271809934420616,0.9023846140063634,6793,-1.0385651601356616,-0.2710831324047378,-0.949523934694185,-0.24078096715800396,-0.30872280735218816,-0.5341581411609122,-0.6179816157745383,0.03389414784996654,0.0041172302143743
0.22297711061274886,-0.30619713448494307,-0.2982434381467303,-0.8283279128194009,0.5187642793964174,-0.2289213571070296,0.18160247107945815,6794,-1.040129658490087,-0.22613725862347775,0.37098909021125204,-0.24129816395138257,-0.2945188359805414,-0.5557510891149195,-0.61895175959836,0.030345531926105142,-0.0019558188443262
0.016625687257990202,-0.38552197735671073,-0.39217361230977815,-0.7899291287173885,0.5215082012929466,-0.25341161885741487,0.2533024905603946,6795,-1.0416931950334893,-0.22833519480701106,-0.27708539990497727,-0.24181536074476273,-0.31464328294708377,-0.5622969547526602,-0.6179816157745383,0.031645652619590764,0.0021773906308786
-0.3932022906999906,-0.45121184618779164,-0.4518646389898952,-0.7641896318395026,0.5056836877743524,-0.2889727850778841,0.33501542506082194,6796,-1.0432557754591891,-0.23984886960521354,0.16410682936622356,-0.2423325575381428,-0.29946100297810824,-0.5450971407679079,-0.61895175959836,0.03253972732247384,0.0038575800746525
-0.6667652172964528,-0.4857722463706762,-0.46907059931145706,-0.8556194968632197,0.46631394519591035,-0.31202897875020635,0.26384928238691063,6797,-1.0448174054553478,-0.2539133023598206,0.3434685385304655,-0.24284975433152298,-0.26851517018753357,-0.5496647535507195,-0.6228323348936479,0.02769128030576335,-0.0027826855864661
-0.8447354938260884,-0.5094082610198407,-0.4721367744218453,-0.8586027927471915,0.4134189785900727,-0.31841174884597073,1.0577965325075465,6798,-1.0463780907050833,-0.24357018262404206,-0.36538672863375793,-0.24336695112490314,-0.2954295419968231,-0.5479311736603579,-0.6238024787174696,0.026786013488046698,-0.0017274217100414
-0.673252297395203,-0.4870147337618042,-0.4307816363039623,-0.8418887034095971,0.40667518500232624,-0.2901100769011328,0.4476220615316769,6799,-1.0479378368865873,-0.2320702262089939,-0.2527283419987485,-0.2438841479182833,-0.31660402490382356,-0.5534394556257454,-0.6247726225412914,0.026324225729985547,0.0014641940392377
-0.9047601887748693,-0.4850551188949281,-0.4088536759858128,-0.8305288987462031,0.3723830209339405,-0.295172126545488,0.020844484579962182,6800,-1.0494966496732467,-0.2461051508091907,0.0879384283120703,-0.24440134471166183,-0.30821639603446876,-0.5477485870669612,-0.6267129101889353,0.03338135999667077,0.0024810597760878
-0.890386430142986,-0.41001316335091165,-0.30704382065399016,-0.815239807421524,0.37573233742361434,-0.27935226434402904,-0.059878769538623595,6801,-1.0510545347337616,-0.23610581336321107,0.19645506977345475,-0.244918541505042,-0.2903884514015569,-0.5471867623542205,-0.6238024787174696,0.0343579610494444,-0.0082644629399578
-0.32941298774247874,-0.2795809993446119,-0.1488277680162549,-0.6749307166009783,0.3881036917779373,-0.199703276173054,0.5211944130294149,6802,-1.0526114977322616,-0.21411599540950235,-0.9505220099131588,-0.24543573829842216,-0.3732805671006417,-0.5218644467785815,-0.6247726225412914,0.03159604233796132,-0.0002228163727159
-0.5232878045479024,-0.22230985532175637,-0.06874183831619074,-0.5671498897958287,0.3972078244875465,-0.16728995474965488,-0.08006337343538132,6803,-1.054167544328425,-0.18471964941755883,-0.09215133754278741,-0.24595293509180224,-0.37941924622212597,-0.5173863720084928,-0.6257427663651135,0.03701367506661196,-0.0036550035213363
-0.21122307796181952,-0.13134508195939257,-0.02467440971583747,-0.5813424835021569,0.3755235760774081,-0.11412288469008891,-0.3546814028198707,6804,-1.0557226801775992,-0.19280244730948062,-0.4582378507473357,-0.2464701318851824,-0.4264533685052222,-0.5193384222067089,-0.6267129101889353,0.04037776987743799,0.0076499797794504
0.3467576453100867,-0.29176955528738313,-0.1844109609812344,-0.7775951979132165,0.37811871119891693,-0.24963573333728323,-0.23160179994222566,6805,-1.057276910930919,-0.14295294467603473,0.7482185998503893,-0.24698732867856257,-0.3501938307406933,-0.5196231336557955,-0.6267129101889353,0.03981733439213002,0.005949209737682
-0.6553911903683326,-0.4262614641987804,-0.3303094901717909,-0.9545010569640632,0.3891874410397409,-0.3489282299961538,0.6552231581576546,6806,-1.058830242235424,-0.15857553297978316,0.5667249634780839,-0.24750452547194118,-0.29954600828586514,-0.5480394481150032,-0.6082801775363196,0.03153182262364607,-0.0007944212004906
-0.508523244755919,-0.44983081635053407,-0.3486140644317444,-0.940777462065194,0.4477118276057502,-0.3676911717496834,-0.2719192630560433,6807,-1.0603826797341807,-0.23467279860766635,-0.15324929290459954,-0.24802172226532126,-0.3102589220368406,-0.5260205286065368,-0.6131308966554291,0.02216052378964784,0.0035777383937625
-0.4216331910300891,-0.4963085474343201,-0.3947842141563841,-0.8821766375896888,0.46404517973143494,-0.3864242487541906,0.4129336593840864,6808,-1.0619342290664002,-0.19943890212448204,0.31349078072052533,-0.24853891905870143,-0.2803047980320316,-0.518686607825027,-0.6141010404792508,0.021036134501821242,-0.0033009111638205
-0.8356052184283174,-0.4631483869254654,-0.3441907757669614,-0.8597007938605603,0.5088602397436474,-0.3760710490527792,0.2397052297116084,6809,-1.063484895867556,-0.2074217477314135,-0.42072228285354796,-0.2490561158520816,-0.31755795756387,-0.5166205771455004,-0.6150711843030726,0.018532880286492647,0.0
-0.4642995595584389,-0.4718176741047872,-0.34937165279482874,-0.8301536916534933,0.5605242683839423,-0.3712534392725322,-0.1889265341051367,6810,-1.065034685769511,-0.17213723661985073,-0.0683251538884654,-0.2495733126454618,-0.3209709195560955,-0.5455839362020258,-0.6218621910698258,0.01704053584354403,0.002826106529381
0.3060480876230727,-0.5020556537710044,-0.40818837220349213,-0.8787165772611873,0.5740945556197952,-0.3969122713539772,0.15919571352267434,6811,-1.0665836044006274,-0.17588278507795985,0.2332846796903794,-0.25009050943884187,-0.29755614445293355,-0.5504713124270488,-0.6228323348936479,0.017465621673976965,-0.0025099078370307
0.047311938433282845,-0.4634837834289659,-0.37754579169669195,-0.8997955402347255,0.5686645878095465,-0.38098259468478834,0.3228905870687205,6812,-1.068131657385893,-0.18708665954977213,-0.33627096965375947,-0.25060770623222045,-0.32142515798711185,-0.5279229536349209,-0.6238024787174696,0.017231824467238893,0.0022955020346862
-0.7473118399689567,-0.5045112245822143,-0.4079973536018145,-0.8209510346124036,0.5587117870815242,-0.3858638115856536,-0.24921504742383893,6813,-1.0696788503470454,-0.156224612679865,0.1766274006847891,-0.25112490302560064,-0.3072694729942553,-0.5038313755346335,-0.6247726225412914,0.02089438246179568,-0.0035234530691395
-0.5178151140556309,-0.41760674159243066,-0.3041415375141846,-0.7716603614320292,0.5890338495850118,-0.33684037411741,0.2320001079397014,6814,-1.0712251889026803,-0.19066261019100172,-0.4445191703992521,-0.2516420998189808,-0.338858577927523,-0.5062811013530155,-0.6257427663651135,0.02525258350097335,0.0022099444877541
-0.5842554919504911,-0.3348745940261797,-0.1989575748542857,-0.7316124153112776,0.5602332164089359,-0.3294026966777454,-0.25802050575910906,6815,-1.0727706786683853,-0.2181237945196406,0.16745237694509418,-0.25215929661236086,-0.3522177570090537,-0.5014553566295227,-0.6267129101889353,0.028449511286062244,-0.0037045201585717
-0.3489951318696105,-0.29409724515395874,-0.1483753851787311,-0.6014405158416286,0.4546385738328253,-0.31790385605282345,-0.175197555746732,6816,-1.0743153252568558,-0.19496277710224494,-0.46384591440981987,-0.25267649340574105,-0.38965561471327353,-0.5228312251358079,-0.6267129101889353,0.02661192674322853,0.0036740294492838
-0.04944825414642128,-0.46059880087297755,-0.35213766237328814,-0.6375964365652715,0.4069049977654738,-0.39078124755886967,-0.25625591952958654,6817,-1.0758591342780135,-0.14442086457813988,0.3238119015611386,-0.2531936901991212,-0.36114153073831134,-0.5228720779616963,-0.6267129101889353,0.02361735513010859,-0.002602099213154
-0.12958274590891633,-0.42890066684239697,-0.32220158182922104,-0.5449839743036383,0.39623684571619344,-0.38323655278124846,-0.255338602203971,6818,-1.0774021113391317,-0.1615013932843418,-0.3460680918263281,-0.2537108869924997,-0.38992474814036737,-0.5049276824693406,-0.6218621910698258,0.019945806704123065,0.0064116734105714
-0.563946726157471,-0.5222640685862844,-0.41594288041002014,-0.6838787107930859,0.3793144006157151,-0.47518618890961056,-0.2648617690803187,6819,-1.0345711752935132,-0.17275828441170646,0.6160874238133847,-0.2542280837858799,-0.3312957037461656,-0.5066564384255406,-0.6228323348936479,0.015775815438821186,0.0086555361074915
-0.5000595082379267,-0.5562530125089276,-0.44551919933624146,-0.7286411419813905,0.4261959071764836,-0.5103082249367068,0.7710513010249279,6820,-0.919724048602018,-0.2235035701480706,0.8555280973208584,-0.25474528057926005,-0.25847565140922074,-0.5005117480757744,-0.6238024787174696,0.0044470297159979535,-0.0010454328411366
-0.5130544746120627,-0.5794743665081102,-0.4635695124538227,-0.7487425123251196,0.4189190374348295,-0.5067241410416773,1.3563739086774982,6821,-0.8258317447080545,-0.21936987978690212,-0.17989099171900755,-0.25526247737264024,-0.26896216611867496,-0.5084067930444891,-0.6247726225412914,0.009446995391709906,-0.0015697903721138
-0.7516859332408847,-0.5851892817983021,-0.4585576667025168,-0.6386528826977866,0.4726006552254251,-0.4990260602478273,0.953834307826779,6822,-0.8258317447080545,-0.17920941961901107,-0.2358814821381358,-0.2557796741660203,-0.28067333655889637,-0.4970368205385229,-0.6257427663651135,0.0018827802718267804,-0.0062016856744165
-0.055464750115292664,-0.40975667976277635,-0.28012029366465846,-0.5676342945019031,0.5281635689650132,-0.3975573454430249,-0.04100909055261395,6823,-0.8258317447080545,-0.10759618453306194,-0.7303240547882568,-0.2562968709594005,-0.3414459487112345,-0.5086928369959262,-0.6267129101889353,0.004965340980685303,-8.78928612947e-05
-0.14902236853244075,-0.39441904302925884,-0.26877916584416983,-0.5271579873628488,0.5152699239053977,-0.3873584572957527,-0.6450204677685195,6824,-0.8258317447080545,-0.12350672659739959,-0.07772826629724504,-0.2568140677527791,-0.3531714432645964,-0.5231913608242549,-0.6267129101889353,0.007274700623337293,0.0003955523896965
-0.06220674817868556,-0.4177380239563921,-0.30425114815267396,-0.6101245838631373,0.4886976351209973,-0.41286946183161627,-0.33622287681351143,6825,-0.8258317447080545,-0.0869727153046034,-0.02616947718435605,-0.2573312645461593,-0.3531377306179046,-0.5134760474781804,-0.6170114719507165,0.006199672357892472,0.0006589929800684
-0.3379331834215678,-0.4007903146126099,-0.28318698396877223,-0.5456014571920484,0.449115381746157,-0.37079336282459485,0.14671478655698983,6826,-0.8354107871309493,-0.08751753128376893,0.0019928553401315206,-0.25784846133953937,-0.350439837127034,-0.4901191792664624,-0.6179816157745383,0.0022425444096973337,0.0068929180789043
-0.5652136833603335,-0.5288494463702182,-0.4162580168515166,-0.5983522134874901,0.450422156500425,-0.4446896219188531,-0.13020249856786945,6827,-0.8371308640963135,-0.07182143269270609,0.6674113270734863,-0.2583656581329195,-0.2841393198193237,-0.49457442228574594,-0.61895175959836,0.006902547807139279,-0.0017877383156753
-0.6875269804381924,-0.47434767127536914,-0.3477336606696186,-0.49099390156579015,0.5290504763958375,-0.4178337494898744,0.3641087131057284,6828,-0.8388618377532311,-0.09301031533790681,-0.25914481577903087,-0.2588828549262997,-0.307059044304598,-0.4937377566352645,-0.6199219034221821,0.003624393401224843,4.36812688036e-05
-0.546716486861283,-0.4843386992289131,-0.35294315555810957,-0.43664055859808015,0.5638029381309239,-0.4020633963220615,-0.025781810760174,6829,-0.8405910745561278,-0.06532827873187527,-0.06374868481938396,-0.25940005171967984,-0.3075567267810811,-0.5069040899706911,-0.620892047246004,0.005958823621102286,0.0013103868449022
-0.4521256220149181,-0.4622319154457023,-0.32619839794845557,-0.39153683602239947,0.5854075128909368,-0.3726016037590806,0.06746130028953888,6830,-0.8423185817933986,-0.11064980269210727,0.0714565465087954,-0.25991724851305836,-0.3036221738279486,-0.510976387214453,-0.6218621910698258,0.008294648674395545,0.0059326471034897
-0.6610488945517967,-0.5378959302669561,-0.3998933917004487,-0.42870786527911403,0.6539472397569835,-0.4258231033909629,-0.3537291070584177,6831,-0.8440443667326968,-0.12562130198321267,0.5647631084408428,-0.26043444530643856,-0.2514023402636316,-0.4976286533704941,-0.6228323348936479,0.011840332474666097,0.0039462275604473
-0.7840212993478062,-0.5411583134408556,-0.39393780147389756,-0.4196736197600898,0.6792286021660305,-0.4610919078889584,0.296582675758876,6832,-0.8457684366210876,-0.19337339239830612,0.35271500245289455,-0.2609516420998187,-0.219882645808063,-0.48543451746304944,-0.6238024787174696,0.008850141318233038,0.0054425291284063
-0.6875863054996253,-0.5109543120121429,-0.3555536254065991,-0.5588285950875699,0.6381477110782912,-0.4921602510182604,0.7309793379269522,6833,-0.8474907986852047,-0.21259944097582972,0.5124488824314449,-0.2614688388931989,-0.23406650831306897,-0.48754261527458526,-0.6247726225412914,0.009456443894939536,0.0039953601460727
-0.47970338920399225,-0.5543585548198127,-0.40031800944122437,-0.7550864303386167,0.7038584991296184,-0.5086953871839435,1.2367696203603784,6834,-0.8492114601313961,-0.23322881810685964,0.35798091948291716,-0.26198603568657897,-0.18903655960815863,-0.471170141466821,-0.6160413281268944,0.004520297389631586,0.005220367962031
-0.429943436703427,-0.3891039835933928,-0.22029665853300293,-0.703732893966907,0.6927750454960038,-0.5278940586681927,0.6174723864580574,6835,-0.8509304281458833,-0.25391292097349094,0.48871423595338426,-0.2625032324799591,-0.1484107838982662,-0.4704651734543043,-0.6170114719507165,-0.008652333547496208,-0.0008513535510833
0.20599984556958237,-0.41665837485294444,-0.27622511735110145,-0.5956222939013941,0.7416175444560945,-0.4969562330546902,1.135864754187727,6836,-0.8526477098949085,-0.2847888796695924,-0.1593477414639041,-0.26302042927333774,-0.14088905652989564,-0.46832001351318997,-0.6179816157745383,-0.014193479848831252,0.0015763461952127
-0.6205565456540696,-0.45213874239806734,-0.3092553330789693,-0.5804146858906943,0.7914319139525509,-0.4839072410583619,0.7657518910989092,6837,-0.8543633125248876,-0.31516303629735565,0.099844946577626,-0.2635376260667178,-0.13465911990681276,-0.47440480017832537,-0.61895175959836,-0.00862795771406447,0.0059551663755417
-0.4886585806727547,-0.44074983749576857,-0.2938614865646318,-0.5428295675227983,0.8093929074291921,-0.4392900155960313,0.31038512852177985,6838,-0.8560772431625602,-0.36311209545013484,0.5672531781001283,-0.26405482286009796,-0.13054455658449565,-0.47631660084609456,-0.6199219034221821,-0.005050010908306377,-0.0008879869926112
-0.6980692259059892,-0.4173713240519195,-0.2600918597861769,-0.45362708181063033,0.8215150912711275,-0.39060451536093715,1.4943537940231744,6839,-0.857789508915136,-0.34153501883138415,-0.1631715157862875,-0.26457201965347815,-0.09138894786589195,-0.4698952982061257,-0.620892047246004,0.0,0.000677162899404
-0.5069903807075185,-0.42076018249306335,-0.2616795877619769,-0.29240521356789995,0.8200323502943432,-0.34197503616699226,0.8013469152312269,6840,-0.8595001168704501,-0.37882896633524765,0.003889073206389657,-0.2650892164468583,-0.0902319391648935,-0.4804543393192267,-0.6218621910698258,0.0031509440350074454,0.0012688206912512
-0.4388081678838361,-0.4518996207841876,-0.2961519678195758,-0.3158379356765509,0.8154380436025132,-0.33854831841336486,0.8660462205889874,6841,-0.8612090740971046,-0.33866933173647523,0.06706306073567947,-0.2656064132402368,-0.0787237715538301,-0.4714367414910829,-0.6257427663651135,0.01297916526783437,0.0015628959150169
-0.4412003800490192,-0.3681356907133242,-0.2005853371614409,-0.2593318322888383,0.874664449125507,-0.3172269830771697,0.17827366517403206,6842,-0.8629163876446222,-0.4123447089340667,0.09847367186478011,-0.266123610033617,-0.07189317297866486,-0.4780475795648805,-0.6247726225412914,0.017125764098753375,-0.002699169034643
-0.6038491777385931,-0.2564364066541447,-0.17113737053273076,-0.2080439060247843,0.8941239248240058,-0.2657339217505585,0.6571185899105838,6843,-0.8646220645435885,-0.40597351710455737,-0.3564507348666805,-0.26664080682699715,-0.10017229416029795,-0.4802684340976881,-0.6267129101889353,0.010399443220007127,0.0139975473390788
-0.2275076577527349,-0.3065581731974152,-0.12970633902591008,-0.29489679600180524,0.8527515881511211,-0.3228424481848292,0.16690650310896094,6844,-0.8663261118058032,-0.40678903546350237,1.4252930760430207,-0.26715800362037734,0.029885683898329605,-0.4751105684140091,-0.6150711843030726,0.012765838924495738,-0.0062974393352769
-0.32900584771675634,-0.40338380091020337,-0.24636743045255577,-0.2954974260743674,0.8660568885831098,-0.3346199203650121,1.8742822683182636,6845,-0.8680285364244203,-0.4823349867063684,-0.7410181558023313,-0.2676752004137574,-0.03115720642100192,-0.470505818309816,-0.6155077490237928,0.012032504098568845,0.0006295378441554
-0.3634770130878222,-0.5159223339466853,-0.3714430283037519,-0.44255470999505014,0.8308216133237657,-0.4038931897965851,0.07329499635228746,6846,-0.8697293453740992,-0.40846427956450476,-0.0018186640102201715,-0.2681923972071376,-0.02940626374447549,-0.49710848593715823,-0.603332444034828,0.015508443777609428,-0.0029779380268586
-0.5440548789750931,-0.47752121334123443,-0.3265718333246827,-0.4789950804373653,0.7762086486364812,-0.3921378236000782,-0.3636381427311691,6847,-0.8714285456111468,-0.42749243638395495,-0.3870243121637881,-0.2687095940005162,-0.06472168218088961,-0.48698722338784883,-0.6170114719507165,0.009449695803367608,-0.0029868326293255
-0.478496646063395,-0.44862172679030266,-0.2933822991476907,-0.43897489868049705,0.7207096158503601,-0.3818390928141846,-0.5300442863264657,6848,-0.8731261440736641,-0.3861700024269266,-0.38808128964336663,-0.2692267907938964,-0.09622460809733022,-0.48542389404927905,-0.6073100337124977,0.007957019936024453,-0.0018565400569072
-0.3970440950094173,-0.3930760670258423,-0.23175446530350888,-0.44363129329189593,0.7052007877676605,-0.3633070236726554,-0.42480231910744776,6849,-0.8748221476816835,-0.3720056081224759,-0.26752249669428174,-0.26974398758727647,-0.12151910994633117,-0.4898430947781499,-0.6082801775363196,0.010058046075755004,0.0012681770554128
-0.30366408777901954,-0.3335366102750484,-0.1658620249546947,-0.34060046787171133,0.5016337463431707,-0.3296647927941436,-0.5073044051868442,6850,-0.8765165633373195,-0.3542924910736996,0.06611123020543784,-0.2702611843806566,-0.11676532574577926,-0.526675030332541,-0.6092503213601413,0.010466620542326296,0.0035041796548049
-0.16659153218221037,-0.41811421189134584,-0.2716307072469967,-0.44018400966473015,0.4388163264150258,-0.38382658049008894,-0.48554587769031965,6851,-0.8782093979249106,-0.34332574512014763,0.3047349577124165,-0.2707783811740368,-0.08797223159471655,-0.5251073790538123,-0.6102204651839634,0.010850538970501566,0.0005048593070087
-0.7832263568064542,-0.4585483949808752,-0.3069825108677513,-0.41037189979504757,0.36232461444435543,-0.3858066761963961,-0.16200768065183083,6852,-0.8799006583111533,-0.3666645390228498,-0.015470962372458874,-0.2712955779674169,-0.08744848084661382,-0.5369491035424336,-0.6111906090077852,0.008630276301254621,-0.0038265840819713
-0.40994434603863616,-0.33094136078108605,-0.16124572639605966,-0.33417468903287545,0.35128043662940295,-0.3480044299746187,-0.057354217460416426,6853,-0.8815903513452555,-0.39331786064655105,-0.4778006868830688,-0.27181277476079546,-0.1235215715884638,-0.549637135073329,-0.612160752831607,0.007649052733785284,0.0086534402077398
-0.18439729486309162,-0.41947457890303647,-0.2709834642284504,-0.4495998949273351,0.3210669762139813,-0.4062147274902125,-0.3598793837583265,6854,-0.8832784838590682,-0.33741854795728515,0.8542056611313336,-0.27232997155417565,-0.057156155679898527,-0.5537942216975387,-0.6131308966554291,0.012417526815557705,-0.0019669385517731
-0.36983684465273864,-0.4745183969421152,-0.33228833375984335,-0.5132581735780355,0.3648504673877084,-0.46294291162017265,0.5774893211030413,6855,-0.8849650626672313,-0.44370163078731567,-0.2792202308880493,-0.2728471683475558,-0.07623973314793148,-0.5448195850337083,-0.6141010404792508,0.008337088985737363,-0.0017561814447417
-0.7500049482680563,-0.46420598612386293,-0.31203861972239155,-0.41852803275027817,0.38986430942489675,-0.4428542583812779,0.6497809387602647,6856,-0.886650094567309,-0.4257484339225459,-0.2567240093924335,-0.27336436514093587,-0.09225306169148627,-0.5426064467378215,-0.6150711843030726,0.003882014103078742,-0.0010969078829744
-0.46345804051603234,-0.4555683594538296,-0.30109133179392117,-0.34938184794032734,0.3957414195553571,-0.4447954301737272,0.45099093076996116,6857,-0.8883335863399352,-0.4442010919895928,-0.18637605142667169,-0.27388156193431606,-0.11507117202375373,-0.5384853634740115,-0.6160413281268944,0.0018821245370166475,-0.0128394642536888
0.03833372558127458,-0.30378874892446817,-0.1639712908590796,-0.29622479086433684,0.3610622317028928,-0.3451907850366647,0.03326841686927006,6858,-0.8900155447489488,-0.41324634349384015,-1.4397533588006972,-0.2743987587276962,-0.030194187948912415,-0.5413608480911499,-0.6170114719507165,0.0015176879375550644,0.0023531423704978
0.2233692747552732,-0.2783449835890662,-0.12826577033663775,-0.34739294309056223,0.2752518741772982,-0.3361825470300753,-0.07148690602094397,6859,-0.8916959765415321,-0.3645622503330035,0.18174589769370228,-0.27491595552107484,-0.030194187948912415,-0.5511191212899303,-0.6218621910698258,0.009555763913149624,-0.0010670991322265
0.2798355372179981,-0.25692733449227945,-0.09828318003544441,-0.22373079123319525,0.3042752358448073,-0.30392203959659586,-0.5409441152657464,6860,-0.8933748884483517,-0.3374513487830644,-0.18334553636904913,-0.2754331523144549,-0.030194187948912415,-0.5548557106539461,-0.6228323348936479,0.009779223370348459,-0.000726402358
0.1365332058499804,-0.23613161638859764,-0.1369495758108689,-0.2527527563505113,0.24017466020409506,-0.3526421967580475,-0.352510341889216,6861,-0.8950522871836921,-0.3505235447751034,-0.14697981107471192,-0.27595034910783506,-0.23804366930299375,-0.5570417656109319,-0.6238024787174696,0.015108196791686148,-0.0010262550590406
0.030586210198620248,-0.2969843596061756,-0.21881055606160482,-0.4145274104033085,0.08475406761992785,-0.3958441724818767,-0.26877097472975414,6862,-0.8967281794455966,-0.33742389673175965,-0.1789854969896124,-0.27646754590121525,-0.24390608770596992,-0.5535844678022263,-0.6267129101889353,0.008951451143426829,0.0072767742908934
-0.16817861690173477,-0.42593395752332175,-0.3675191605037563,-0.5321557088425566,0.026419147257576114,-0.47054819120190033,-0.4769517126916334,6863,-0.8984025719160008,-0.3213185149487587,0.7072202764171537,-0.2769847426945954,-0.19387756746819013,-0.5582275017351902,-0.6267129101889353,0.0026746566586655016,0.0009348969094198
-0.4040624020961068,-0.4398489604979688,-0.3741665547072831,-0.5346213741407372,0.062077583178881124,-0.5040010144934212,-0.19482312219409867,6864,-0.900075471260871,-0.3747860054603692,0.030300369127527906,-0.27750193948797547,-0.18631116245159957,-0.5446420139937285,-0.6247726225412914,-0.0032369920395379824,0.0031841728300947
-0.4742676345176911,-0.4229493347852577,-0.34530739586160286,-0.5491204000989346,0.0638805323217761,-0.511314141403753,-0.2565292739784562,6865,-0.9017468841303412,-0.3738330264128667,0.270384068256899,-0.2780191362813541,-0.16086155028072172,-0.5255080358786726,-0.6257427663651135,-0.0055431714375026786,-0.0023276485695336
-0.5180925897785226,-0.3114088892941749,-0.20595052585819418,-0.5141625083097858,0.10192307292394721,-0.4789591323778852,-0.16229143911809701,6866,-0.9034168171588465,-0.3544212365286547,-0.31787249540415524,-0.27853633307473424,-0.18566801815223047,-0.5157277744111461,-0.6267129101889353,-0.006523642190304255,-0.0017392040045418
-0.011614041233616064,-0.3094810457082171,-0.2110574083114645,-0.4976860805440704,0.12854722139180752,-0.46858365354422554,-0.15153568531607586,6867,-0.9050852769652542,-0.34815894804509656,-0.2550410578084256,-0.27905352986811444,-0.20442715032793157,-0.510885560061085,-0.6267129101889353,-0.005416682359683873,0.000637402756924
-0.25356049317202867,-0.3875902494139134,-0.30041739301623904,-0.6053554627441173,0.16824987036931183,-0.5088466086569294,-0.18188192874415163,6868,-0.9067522701530067,-0.3046469704355852,-0.001388341172708985,-0.2795707266614945,-0.20187350904340542,-0.5202320306647011,-0.6267129101889353,-0.0029076363957146333,-0.0029726514227662
0.40157313947515316,-0.24021035494780166,-0.15364001290730486,-0.519081397712737,0.16715709653072083,-0.4054234119757659,-0.3792573952997941,6869,-0.9084178033102491,-0.2965282821967381,-0.3867836330616163,-0.2800879234548747,-0.23422234232500563,-0.5048256353178917,-0.6092503213601413,-0.006416549855635497,0.0028111420755474
0.16284147585507333,-0.30639877241157065,-0.2461876285450928,-0.5974947737971676,0.08921253366331802,-0.46767959786246055,-0.054427388183433685,6870,-0.9100818830099691,-0.2941070707596683,0.2304594925199492,-0.28060512024825485,-0.2184398542975019,-0.49914015170820947,-0.6102204651839634,0.0016395970299970196,-0.0010193680265021
-0.1620613211006013,-0.24184846286473696,-0.16450330096017424,-0.5398279017395314,0.08261789860116434,-0.4122464381042863,-0.3468014814495016,6871,-0.9117445158101187,-0.3287545778857374,-0.17842320266926903,-0.2811223170416334,-0.2292242413285737,-0.490228117585585,-0.6111906090077852,-0.00435374124623644,0.0005952381560119
0.002908106459519664,-0.22472656636476165,0.03748450801166142,-0.38505599219840486,0.1012327080598584,-0.34050597778894925,-0.2934498168371802,6872,-0.9134057082537621,-0.27452385759213116,-0.006126103130718805,-0.28163951383501357,-0.22539057638389354,-0.48046125530196115,-0.612160752831607,0.0019283870550607614,-0.0011897681166439
0.44430900061327006,-0.1431660210609398,-0.023610951609536555,-0.3860000435180225,0.10060719421596392,-0.26065926487331775,-0.28203673912352717,6873,-0.9150654668691953,-0.3126989946259379,-0.1966109486503186,-0.2821567106283937,-0.24204051589346776,-0.4657552752913918,-0.6131308966554291,0.007020520404255026,-0.0043818598770766
0.08257435431843219,-0.009094475912352502,0.1301205814666574,-0.33572927490622095,0.09605943171046104,-0.24374572778184442,-0.07141598991564982,6874,-0.916723798170088,-0.31608442396858405,-0.5373505527601565,-0.2826739074217739,-0.28103422209110174,-0.45822943301613445,-0.6141010404792508,0.009762705282615365,-0.0064948937122424
0.16326844161767454,0.10373165051923482,0.2803893139821972,-0.11500135046355134,0.08262362238361708,-0.17901884921884453,-0.1339557825095456,6875,-0.9183807086556073,-0.2681459580893308,-0.7628700150828269,-0.283191104215154,-0.3490821200289868,-0.4598006964388428,-0.6150711843030726,0.011305411084704427,0.0088598338352834
-0.35739456756677956,-0.0019964430068422916,0.2803893139821972,-0.37899188910227755,-0.00918072898365817,-0.3001954934884026,-0.3961939310899317,6876,-0.9200362048105549,-0.271016012865591,0.8760637430464072,-0.2837083010085341,-0.24210145865982483,-0.45327318495014124,-0.6063398898886757,0.017050262785281666,-0.0029841836430033
-0.08338175589974654,-0.03378394842921924,0.08556092900789965,-0.4619664405498437,-0.0010635131606665028,-0.31330204761583774,-0.207445992987325,6877,-0.9216902931054949,-0.28589309534167456,-0.3881433228399498,-0.28422549780191275,-0.27288696847106064,-0.4613786861759118,-0.6160413281268944,0.0064979417958128255,-0.0018386283804392
-0.3197246348420328,0.03439810585430202,0.2803893139821972,-0.260943459077405,-0.01496477349452284,-0.26902352274029756,0.012919556908464429,6878,-0.9233429799968853,-0.29261113475414985,-0.26586943703582466,-0.2847426945952929,-0.29218186892365916,-0.47139892072310174,-0.6170114719507165,0.006398212511977142,0.0081391363854739
-0.33856263513250084,-0.06956079732862942,0.05569705761487603,-0.5262809973875584,-0.07396840186821212,-0.3436803609035681,-0.018814712508729466,6879,-0.9249942719272094,-0.27567822691505744,0.7991590968526625,-0.28525989138867297,-0.2226290008017095,-0.5005153678842408,-0.6179816157745383,0.006702353833799742,-0.0031868783632591
-0.22974559236181769,-0.005294027146136917,0.1506044090677066,-0.45946177057838894,-0.0673874135733349,-0.31303824477042963,0.20187997004918018,6880,-0.9266441753251033,-0.3411929786163765,-0.4097141758413417,-0.28577708818205316,-0.2548580572399882,-0.5041870190877981,-0.61895175959836,0.007415371651347596,0.0109979112552943
-0.636691022589353,-0.5102370927316346,-0.4568503631213203,-0.6018181527179899,-0.06441982477202543,-0.5649817960149798,0.012142249033613868,6881,-0.9282926966054904,-0.2906214317882103,1.1044070968647455,-0.2862942849754333,-0.1535232985399779,-0.5214946161541052,-0.6199219034221821,0.0033355338443066345,0.0058186109577078
-0.5970811883695027,-0.5202435361236301,-0.4537139075259077,-0.738052396533512,-0.029796798475316494,-0.5709468776330011,0.617249710814514,6882,-0.9299398421697014,-0.36807742549216094,0.5515144164751319,-0.2868114817688135,-0.09733343664709702,-0.5276999303639471,-0.620892047246004,-0.004086689945046927,-0.0006287989553394
0.1490304519119279,-0.5076480410805545,-0.4534177294436125,-0.23679067553598745,0.025509532990001502,-0.5523771691826399,0.9230803020955664,6883,-0.9315856184056128,-0.4133090793531959,-0.1367778338132291,-0.287328678562192,-0.10513282460950403,-0.5179963250031268,-0.6218621910698258,-0.01070408637666347,0.000838926122989
-0.43534080096089117,-0.5721178829171378,-0.5103318120968079,-0.23679067553598745,0.20721528537068057,-0.5760637279401987,1.4176139597072017,6884,-0.9332300316877722,-0.3813760902290144,0.019905848023055624,-0.28784587535557216,-0.10279076286829474,-0.5183598951779401,-0.6228323348936479,-0.007770479716932913,-0.0021793798688664
-0.6170130900089248,-0.5101236422863393,-0.4335042792167889,-0.6598811656602495,0.26177993072367434,-0.5575067154668829,1.5397316278537665,6885,-0.9348730883775231,-0.3255238417361226,-0.3022189771087098,-0.28836307214895235,-0.12447863171571727,-0.5289490559059042,-0.6228323348936479,-0.0053054012429629175,0.0025201616164198
-0.5006988628977669,-0.6038251662829569,-0.5196816327876257,-0.719670228807461,0.37809178544892014,-0.5975567760750932,0.19047750686203266,6886,-0.9365147948231386,-0.23119870370214185,0.19942283751558895,-0.28888026894233243,-0.11024298510403331,-0.5190081761272844,-0.6267129101889353,-0.006318279876592161,0.0003770735000077
-0.6159895622151967,-0.5392812207069833,-0.44390046084011625,-0.7505311083964559,0.4391165280465798,-0.5695288755853792,0.18104943037229013,6887,-0.9381551573599468,-0.2286965074978558,-0.029369364742915904,-0.28939746573571257,-0.10128787467051725,-0.5226710591197238,-0.6267129101889353,-0.013347014106765524,-0.0012145579643523
-0.5137421131536772,-0.5266652679186464,-0.4234673514533683,-0.6230032914696562,0.45073569238436195,-0.53340889552476,0.4460927971007826,6888,-0.939794182310457,-0.2248498032794809,-0.19942978205177928,-0.28916472717869157,-0.11639272344124311,-0.5355491682116921,-0.6247726225412914,-0.010065819559153246,0.0011741027701943
-0.19407107193263104,-0.5550999571522727,-0.4555538173536524,-0.6727657935454331,0.4455070684323599,-0.5679679521937342,-0.02772659347247031,6889,-0.9414318759844834,-0.21126161873143834,0.055444746665634544,-0.4358934574605641,-0.11336105661820825,-0.5322987787243987,-0.6257427663651135,-0.0066083931348557105,0.0039370082077663
-0.7246775217175059,-0.5396013699586016,-0.4279150045435162,-0.7173142885155345,0.4941610471747563,-0.5643348483861416,0.3121849181160719,6890,-0.943068244679284,-0.18269101330250612,0.3503090439187864,-0.5560382725627098,-0.0761076982414393,-0.5741683941014912,-0.6267129101889353,-0.009207982802970286,-0.0001668753458854
-0.6979055736005579,-0.6448216464169546,-0.5217645210928383,-0.8508754137608919,0.5351335726824743,-0.5987102249805211,0.6721764027399099,6891,-0.9447032946796712,-0.1909073157765243,-0.08777417250493366,-0.5565554693560891,-0.07846625843068412,-0.5595364009574308,-0.6199219034221821,-0.004809159189521774,-0.0009179673499579
-0.598393563362139,-0.6184370580817251,-0.48943838001395684,-0.8673157874130959,0.5679658275667695,-0.5813898998887769,0.30107757834094695,6892,-0.946337032258155,-0.19594587303901376,-0.16796585339787815,-0.5570726661494693,-0.09127426687736975,-0.5598899897710462,-0.620892047246004,-0.001407082659468915,0.0017958570807454
-0.736546289837911,-0.584153645489396,-0.44654527454424486,-0.773489073247108,0.5774274490400149,-0.5532510866363614,0.35375902403894094,6893,-0.9479694636750512,-0.15138321089867587,0.12168038860021617,-0.5575898629428494,-0.08303300732681561,-0.5676779804731681,-0.6218621910698258,-0.00028637507903276835,-0.0020427731389087
-0.30343167473843535,-0.5314884612596052,-0.39591097046072693,-0.7036832376452066,0.5660363082365524,-0.5387916955220371,0.0889477403957764,6894,-0.9496005951786215,-0.15044594321391522,-0.28802582843954994,-0.5581070597362295,-0.10696846568608868,-0.5409660325867711,-0.6228323348936479,0.0031041343416554966,-0.0016709832712226
-0.7378694130336325,-0.5571949353631853,-0.4136414629625085,-0.7629020414419418,0.5642554916194874,-0.5434193229647606,-0.2074970061374267,6895,-0.9512304330051934,-0.13890470994795817,-0.24827690600618846,-0.5593741918800094,-0.14027417972879366,-0.5295224096499506,-0.6160413281268944,0.004173731460656793,0.0055234747155039
-0.8309559170574679,-0.553620309143259,-0.40061324201590587,-0.8864581060254497,0.5759944080275999,-0.5683041528169366,-0.3125386441328,6896,-0.9528589833792832,-0.14494383517921758,0.5196669517386011,-0.5598913886733895,-0.09649819688797845,-0.524082833091581,-0.6238024787174696,0.0071610839134641485,-0.0009155224931586
-0.5142247504985923,-0.5223486439982776,-0.3667745929270787,-0.8823094331113135,0.5953028852355419,-0.5850526227472,0.2596891962501643,6897,-0.9544862525137264,-0.15566119022310915,-0.16764008897394822,-0.5604085854667697,-0.10596579080584015,-0.5111346575879019,-0.61895175959836,0.00556436509827492,-0.0177440850770607
0.5420691961688993,0.13246446451633181,0.4283957724719004,-0.3292219502366211,0.590741425314797,-0.18447683501063283,0.5140837167983755,6898,-0.9561122466097985,-0.1539521358876399,-1.9639961007857651,-0.5609257822601499,-0.2862101879898472,-0.5137223865935333,-0.6199219034221821,0.007055823947872461,0.0040284960634362
0.6146152342008836,0.009536833223207279,0.206620867578015,-0.49211589044466464,0.369781990579195,-0.269421930023753,-0.5023882478769138,6899,-0.9577369718573399,-0.09593231446907324,0.360009471962004,-0.5614429790535299,-0.25340701016373035,-0.5029432009990202,-0.6247726225412914,0.021117558765666743,0.0065042025723753
-0.3831452410131193,-0.3370474571509206,-0.23774439589411414,-0.6942077062544372,0.3225239319606755,-0.4693891467744146,-0.5653857958614279,6900,-0.9593604344348801,-0.10617034854167746,0.6241750949592336,-0.5619601758469086,-0.190906479739648,-0.5031296742863786,-0.6257427663651135,0.023504319278623797,0.0050774202395167
-0.6616184430012259,-0.4833824724227025,-0.38906900189414356,-0.8664465708002789,0.2846756146269772,-0.5404318506285513,-0.10999704711561747,6901,-0.9609826405097661,-0.12283262921306101,0.4719051880747411,-0.5624773726402886,-0.14356914192408132,-0.47547345436931526,-0.6267129101889353,0.011656081532589485,0.0022127589061486
-0.6998305720224663,-0.5104899660760928,-0.40581306080354185,-0.8753805596304453,0.26111616156426126,-0.5477658475913572,0.3030107383650968,6902,-0.9626035962382828,-0.14831428807836702,0.1661800907592705,-0.5629945694336688,-0.12836737354693567,-0.4645591588687822,-0.6267129101889353,0.007986431910250755,0.0023328470848438
-0.6134868064873752,-0.6021112732646164,-0.48938560353625643,-0.9656334101981041,0.24515700985092065,-0.5888031612428878,0.22908676558586077,6903,-0.9642233077657728,-0.10239074122778112,0.17895443905438851,-0.563511766227049,-0.1068576328344637,-0.4663015982590762,-0.6247726225412914,0.013181032479308663,0.0047795189059336
-0.4473114035329892,-0.6049603527577265,-0.4881296858340261,-0.9968422190981556,0.3556109803351207,-0.5986028800337836,0.14413817454759395,6904,-0.9658417812267689,-0.1325667560071737,0.4400425584788914,-0.5640289630204292,-0.06632917586653932,-0.4699467769182625,-0.6257427663651135,0.013325008489038575,-0.0002068166649993
-0.7653220224926193,-0.6276308064195658,-0.499167498828458,-0.9878622230576927,0.43822818849989376,-0.6070696527943764,0.9484344266409143,6905,-0.9674590227451093,-0.1372542443481179,-0.0921890659011266,-0.5645461598138093,-0.06619998482184715,-0.5034464087114615,-0.6267129101889353,0.01451484562968968,-0.0008688095826979
-0.791619107257166,-0.551336723382174,-0.4139027205766114,-0.927874856409412,0.4597995622100328,-0.5655875856007317,0.29092136737500307,6906,-0.9690750384340671,-0.12448017130963841,-0.16286963891587128,-0.5650633566071879,-0.08091760726699677,-0.49339759370721636,-0.6160413281268944,0.013726024631539609,-0.0002484475684816
-0.18800095126153915,-0.5465383082490206,-0.4154969362494658,-0.9523814926080245,0.47346736394758865,-0.5795967462205702,0.11031182856543553,6907,-0.9706898343964672,-0.11379793119041487,-0.09667502279113621,-0.565580553400568,-0.08830939484821633,-0.5029103621734571,-0.6101719579927722,0.009366271892887102,0.0079522865534873
-0.5219809618909034,-0.614277661868052,-0.4784825144233034,-1.0252258006021358,0.48323299263029906,-0.6070631380269638,0.5868896584968815,6908,-0.9723034167248151,-0.14633550926887443,0.7784819257118665,-0.566097750193948,-0.01706987818190007,-0.5216138036424606,-0.6048361669617521,0.010641522074686396,0.0033284020683177
-0.6468022965473983,-0.6318258467148904,-0.4887688136927514,-1.0131286567299982,0.5202329373423409,-0.6008153530662452,1.2644015696870112,6909,-0.973915791501416,-0.20171850626754367,0.28493761537036405,-0.5666149469873283,-0.03917842616987642,-0.5227716646472368,-0.5985302321069096,0.009046550515622658,-0.0007371909750553
-0.7642727534755204,-0.5885000091170937,-0.4385152382707382,-0.9667838585730087,0.6042213525859317,-0.5472523751293714,1.6395360225916202,6910,-0.9755269647984971,-0.20876109069636045,-0.14901534401848948,-0.5671321437807084,-0.006884076940995465,-0.5337332533988952,-0.594601149620431,0.011432803714391624,-0.0031968523209084
-0.5929217594816859,-0.537386896438274,-0.3833309381443232,-0.7988939414407922,0.627131291896063,-0.5153692782706762,0.3733801268002593,6911,-0.9771369426783313,-0.23891772003677963,-0.41155474492832717,-0.5676493405740886,-0.029036127259782992,-0.5431016817279755,-0.6141010404792508,0.012759124570343373,0.0018502527541026
-0.54638040258843,-0.5443149698619894,-0.3878557350490119,-0.8494040164731991,0.639839491542766,-0.5131733798684426,0.07641018366728923,6912,-0.9787457311933616,-0.22790575435271612,0.12716287289877562,-0.5681665373674673,-0.006694251141012902,-0.5313543241815784,-0.6150711843030726,0.016502514562368596,0.0004924893166415
-0.1804122917753846,-0.5735614397142931,-0.425581057416493,-0.9119007944502875,0.6903060524258062,-0.5567194176389878,0.012335208184959189,6913,-0.9803533363863152,-0.24050253181407272,-0.01782692375415516,-0.5686837341608474,-0.017083152423621822,-0.5598979323291754,-0.6160413281268944,0.017479936112404625,-0.0015177616360121
0.5819695170864904,-0.5014879522689658,-0.39637462538892043,-1.1143009037532037,0.6861537879768673,-0.5288780651264533,0.3507609021308048,6914,-0.9819597642903377,-0.24432137921888078,-0.23241874740174634,-0.5692009309542274,-0.02833545245972867,-0.5555683436212655,-0.6170114719507165,0.014751496150771298,-0.000205414719722
-0.09841349662517372,-0.14642609744515125,-0.2934496806363407,-1.022671127441777,0.5886361125394621,-0.4822331134095863,0.8375459782503206,6915,-0.9835650209291038,-0.22991836870540233,-0.09236260405562932,-0.5697181277476077,-0.041051960244511874,-0.5473377333700741,-0.6160413281268944,0.015263576773219779,0.0048898748756216
-0.5895859686731656,-0.53658057825573,-0.4298455358134922,-1.042844815274892,0.5172220181375856,-0.5581052586399798,0.22192130189918924,6916,-0.9851691123169438,-0.25541218204808064,0.45149898156549906,-0.5702353245409877,0.00033844382833738643,-0.5522000800540589,-0.6170114719507165,0.016995783669652962,-0.0012676342594162
-0.06432092174368687,-0.5066462820122689,-0.40680537826293905,-1.0865856912086438,0.5011582982443928,-0.5517573536547301,0.2849577718304846,6917,-0.9867720444589654,-0.2786305542091086,-0.20574224628940294,-0.5707525213343678,0.0,-0.5454807746219644,-0.6141010404792508,0.014342564853315464,-0.001924336880693
-0.10517509105392088,-0.4714798777028238,-0.37524559898365306,-1.054265760342161,0.5010726564978862,-0.5319696624296706,0.44339875743058765,6918,-0.988373823351176,-0.27220247402905223,-0.27585899062524283,-0.5712697181277465,-0.025319653417558118,-0.5750446642084318,-0.6150711843030726,0.013906714836317812,0.0002184783194665
-0.2889019064506068,-0.538900139998427,-0.4441243133887678,-1.072996869809424,0.450654806332418,-0.5579511034218704,-0.10912473146924762,6919,-0.9899744549806023,-0.27800952654818945,-0.047138698833080805,-0.5717869149211267,-0.02558723549031172,-0.5750201186525904,-0.6160413281268944,0.01662336015488306,0.0083250904967362
-0.8005179904221772,-0.5391111786712957,-0.43073544186804846,-1.0941292543107943,0.45240127277562225,-0.5985376652711949,0.3150201376584749,6920,-0.9915739453254103,-0.30815844089091843,0.8181450964410127,-0.5723041117145068,0.05374987654452158,-0.5651809338348326,-0.6170114719507165,0.014029036337858977,-0.0067440525357951
-0.450285084064955,-0.473668572600338,-0.3580699698444706,-1.0020619654419853,0.49716221419936746,-0.5584917430961235,0.9407579659914088,6921,-0.9931723003550279,-0.3314915658980049,-0.7903050866837803,-0.5728213085078869,-0.016168058142951136,-0.5751533317279041,-0.6170114719507165,0.012470943921395432,-0.0002469034376105
-0.2938327338948825,-0.4871058358444264,-0.37248809686204337,-1.035495442763384,0.4935990404933224,-0.5480468129013546,0.06885550323288636,6922,-0.9947695260302718,-0.293980565720472,-0.0968562567702993,-0.5733385053012671,-0.025049928979517716,-0.590902197000612,-0.6228323348936479,0.011321052486396305,-0.0004527684045495
-0.5416169033383588,-0.521561034460642,-0.40172425540895457,-1.0735171642122114,0.45920394743255527,-0.565820912355319,-0.22922146106851685,6923,-0.996365628303458,-0.28502060295998677,-0.11870026685530868,-0.5738557020946471,-0.03265393504150958,-0.6070918201339435,-0.6238024787174696,0.011282444820040543,0.0011942018749497
-0.4947557568962888,-0.5809200110108941,-0.45655341834391755,-1.109497252032902,0.46070584326080083,-0.5996713988491048,-0.19772007790725724,6924,-0.9979606131185291,-0.26377999078360365,0.05724530469405149,-0.5743728988880258,-0.02028153155451463,-0.6068577814005075,-0.6247726225412914,0.012007177998801716,0.0006580843567838
-0.2925208437320329,-0.5955663684410856,-0.472295507742361,-1.1675480461137073,0.5101710069656882,-0.6106455755767694,-0.017158721921138414,6925,-0.9995544864111753,-0.27539871619151624,0.0,-0.5748900956814059,-0.020247948823391988,-0.6009643048644133,-0.6257427663651135,0.011662068132865456,-0.0080562290010305
-0.10037660900053479,-0.44231117799847164,-0.3229080749771321,-1.03359945485407,0.48227073139944887,-0.5170874125593308,0.18463059220408215,6926,-1.001147254108953,-0.2742951686676849,-0.9301486207271563,-0.5754072924747861,-0.1033002249564474,-0.5934461453826433,-0.6267129101889353,0.0069139983510943534,0.0089503995770867
-0.07379541537570755,-0.5764005648324281,-0.46916065052327593,-1.1902802777675547,0.43206418611964287,-0.5911239376954514,-0.379445678325616,6927,-1.0027389221314107,-0.2319069645286779,0.8848889308280027,-0.5759244892681662,-0.019762989105458234,-0.5764406939547454,-0.6228323348936479,0.009159977297828166,-0.0087888618301689
0.6184133637733201,-0.3904192115277528,-0.3218561656217409,-1.008632689764654,0.4392445970124537,-0.4896007518276439,0.03505765953744809,6928,-1.0020226715213048,-0.2813490543868849,-1.0085648449512736,-0.5764416860615464,-0.10810920220136022,-0.5640621166570817,-0.6257427663651135,0.008857402428933214,0.0018645122555927
-0.05754230268820781,-0.4236908999668498,-0.361915069904162,-0.9979738559218756,0.3839846527377953,-0.4900662119300526,-0.22055889756113706,6929,-1.0372673286721399,-0.20586266361995942,0.12846931009060394,-0.5769588828549265,-0.09598425712591702,-0.5526516889736234,-0.6267129101889353,0.010915185420832897,0.0016956161785599
-0.47914517141789975,-0.4177130428952619,-0.3450704257445952,-0.9706545777623609,0.3444784202775817,-0.4665064134601382,-0.33746962415343973,6930,-1.0663691547761884,-0.20372550937818734,0.11048487942628944,-0.577476079648305,-0.0761631700616113,-0.5245029233853639,-0.6267129101889353,0.012965599119795512,0.0023120432803618
-0.2980484472520979,-0.43669725838321094,-0.3616375565991474,-1.0026170959020968,0.6653123545815217,-0.46577808862061126,-0.05017155016927541,6931,-1.0679165180453134,-0.22021012176026503,0.17623831258054684,-0.5779932764416852,-0.06477885758152745,-0.5029803071076165,-0.6267129101889353,0.01742536055156949,-0.0091444579156881
-0.03867039526614374,-0.394989413784454,-0.3062325988797709,-0.8216234752053754,0.30408688403756146,-0.46610583479839834,-0.220103113563825,6932,-1.0694630187313068,-0.21459857200344037,-1.0466928601697785,-0.5785104732350653,-0.10754599598625676,-0.5324936542373001,-0.6267129101889353,0.017934659622390874,0.0064851382263369
-0.48752840678487824,-0.41992685541536967,-0.3389768953070331,-0.9141972621880425,0.30408688403756146,-0.4365360203200626,-0.6551588982383741,6933,-1.0710086624355153,-0.17742885423456028,0.6216226095416465,-0.5790276700284456,-0.10035842031575429,-0.5262943254764197,-0.6131308966554291,0.017730034042897056,0.0010738919544461
-0.7019481254618599,-0.4297451905467854,-0.336255594677586,-0.9653311090252297,0.2715956169168726,-0.45862544625304924,-0.2607584555795502,6934,-1.072553454756145,-0.22674919844237754,0.04405888029254658,-0.5795448668218257,-0.09407937586224374,-0.548013340524472,-0.6141010404792508,0.02146379887866285,-0.0007426662259523
-0.1773909650846714,-0.4579002642898365,-0.36848080305999376,-1.0096806148122979,0.6653123545815217,-0.4834031822002879,-0.06866927332327101,6935,-1.07633473584553,-0.21316563145585407,-0.14983695711764297,-0.5800620636152058,-0.10460800853940092,-0.5417347572086232,-0.6150711843030726,0.01952310807932301,0.0075147615321538
-0.5191847649179031,-0.5343905441375113,-0.4396043917681659,-1.1072251233352943,0.2646190303429233,-0.5334872364696566,-0.22732714522458922,6936,-1.0778766331336986,-0.22312781054079936,0.7315005451894143,-0.5805792604085844,-0.035586742367786604,-0.527992248779048,-0.6160413281268944,0.017462098195744343,0.0016802589728286
-0.6447047617542147,-0.5856805892975461,-0.47988447257779016,-1.1614131403393226,0.2895394195387736,-0.5632710170354362,0.6667656160443216,6937,-1.079417703915652,-0.24977929249378256,0.10871607111304528,-0.5810964572019646,-0.02003929625925395,-0.527342873657774,-0.6170114719507165,0.01431929009642411,0.0046641026485372
-0.677852716738253,-0.6354789540740837,-0.517007869857406,-1.177392205624549,0.35876741892131075,-0.6049471684216629,-0.004914431805524242,6938,-1.0809579537745728,-0.2411292356869088,0.42724886356353375,-0.5816136539953447,0.025565726663322564,-0.5261128137896155,-0.6179816157745383,0.014318312882477854,-0.0001221697434108
-0.8197785716363908,-0.5937338126129631,-0.46559936622197173,-1.179745663320636,0.5101874364756367,-0.5971736384454691,0.41013000564664226,6939,-1.0824973882912812,-0.2616099193151024,-0.08362798810909623,-0.5821308507887248,0.021895461118490982,-0.5132378364498282,-0.61895175959836,0.008088802286013785,0.0005294670607749
-0.49267495686229024,-0.5834004234444464,-0.45156398526312946,-1.2357228436729657,0.5556604399290366,-0.600062252180435,0.23919460464281442,6940,-1.0840360130443525,-0.2761408391861051,-0.014095162585752587,-0.582648047582105,0.024703949820433363,-0.518544693317895,-0.6199219034221821,0.008685214356772324,0.0054139864335689
-0.8288585546283171,-0.5953101124442215,-0.45264548840353475,-1.2152736890155311,0.6147337694799927,-0.6322815959405842,0.0043275434223426215,6941,-1.0855738336102456,-0.27224774112039113,0.5072031492568835,-0.5831652443754851,0.04106700909798194,-0.5112814076916593,-0.620892047246004,0.011214604616515252,0.0004453625001945
-0.4401332114235125,-0.6215159110469638,-0.4761985579382255,-1.2929400888694762,0.7350090732631166,-0.6257659633030067,0.7286860816539876,6942,-1.0871108555634137,-0.3017605317842692,-0.0233535637359307,-0.5836824411688637,0.07032345351709308,-0.4937427974378889,-0.6218621910698258,0.011630249434490186,-0.0008903280209398
-0.6211197914440715,-0.6490022146278405,-0.49630053868135215,-1.2275728568778983,0.7130241948843041,-0.6219679542320136,0.8131596280556956,6943,-1.0886470844764398,-0.2877014821106716,-0.16607332424537197,-0.584199637962244,0.06342653141443758,-0.4969537676463858,-0.6228323348936479,0.011669490650847323,-0.0002430330702695
-0.8374166898670016,-0.6386164211934054,-0.47782368031951844,-1.2576742823677116,0.7499428492854937,-0.6235087061074439,0.4395609539386873,6944,-1.0901825259201494,-0.27838478839711595,-0.09706832127040563,-0.584716834755624,0.04957407282193484,-0.5183955226785016,-0.6238024787174696,0.011526898892086317,0.002430921497011
-0.7713601662826287,-0.6374594774323898,-0.4699144023177604,-1.2611591564390707,0.7627961065951488,-0.6211221887018861,0.2687219541858882,6945,-1.0917171854637373,-0.24451704055732662,0.18830111196045268,-0.5852340315490041,0.07567001908251045,-0.5175078260010657,-0.6247726225412914,0.00906620778626438,4.04168008445e-05
-0.5943671938512415,-0.6141660066288395,-0.4454247883227105,-1.2219439460095645,0.764514523217458,-0.6120929449740674,1.0897537692086343,6946,-1.0932510686748897,-0.2179477209137221,-0.0667926864543528,-0.5857512283423842,0.07532736235890924,-0.49488773837619776,-0.6257427663651135,0.010272441610622251,-0.0009295557487856
0.3084117577580199,-0.5465603511028192,-0.4086991606023629,-1.1783804143187644,0.8072329513542306,-0.5697931592817215,0.36438835458746793,6947,-1.094784181119911,-0.21119479467372726,-0.17015282939255102,-0.5862684251357644,0.062367599697655464,-0.4767872447378862,-0.6238024787174696,0.0102036774011385,-0.0011731390909955
-0.5194572933654866,-0.5220272969877255,-0.38041773219433206,-1.0913724768670374,0.7434895183289363,-0.5474941170189314,0.47056680246472005,6948,-1.0963165283638436,-0.1994674952095801,-0.19606602795011682,-0.586785621929143,0.045751397110620214,-0.4659331635571345,-0.6267129101889353,0.008955608904425759,-0.0005670081094544
-0.4515452767785873,-0.5248644847123947,-0.381507162216517,-1.0434628004207387,0.7194648787420574,-0.5610732438164345,-0.2229467477763746,6949,-1.097848115970592,-0.2001238364057174,-0.13130357364709686,-0.5873028187225232,0.03526697788450652,-0.4547791669057414,-0.6267129101889353,0.010284121184083159,0.0022287959002043
-0.6317411313478529,-0.5459465780757118,-0.3967267750154464,-1.1414446702219958,0.681144528999284,-0.5693126636968584,0.09654565192447624,6950,-1.09937894950305,-0.17517529589479017,0.1671366339728225,-0.5878200155159033,0.05716074707215701,-0.4485022008718244,-0.6267129101889353,0.008865941312387018,0.0004852013940608
-0.23236457796363508,-0.5201848735257751,-0.3761436429336584,-1.0921551202714392,0.6412515921011946,-0.5469901844132053,0.38403517223690736,6951,-1.1009090345232293,-0.18421569933332843,-0.01895002657226053,-0.5883372123092835,0.05943806074608214,-0.46765698448052856,-0.6135674613761491,0.006310729922089079,-0.0019398643513555
-0.720570136243275,-0.4982893126646955,-0.3461963593991593,-0.9907471809166942,0.5602137927726206,-0.5220555716533236,0.12720951973765102,6952,-1.1024383765923707,-0.184990644082481,-0.27779676132375364,-0.5888544091026636,0.03490970420837102,-0.4560543834993215,-0.6067279474182049,0.010808661925084638,0.0018221575679042
-0.5045225531828826,-0.5507387807438884,-0.3967128171441472,-0.9869365518350108,0.5487781673805056,-0.5197358251913291,0.11600447893226964,6953,-1.1039669812710893,-0.24023552009142918,0.123732436825098,-0.5893716058960438,0.05122601315170755,-0.4654756583982587,-0.6019257354902864,0.014947806833766787,0.0018592617831787
-0.9173518542964838,-0.5626719067346578,-0.3987384878249812,-1.0399655725745462,0.5242983590656949,-0.5306943734059095,0.23287113001101165,6954,-1.105494854119485,-0.2084441474893284,0.1277043038007622,-0.5898888026894222,0.06513626498440926,-0.45958842469429295,-0.60342945841721,0.019027619917513155,-0.0024609673169404
-0.36632459065083023,-0.4278894253699939,-0.2625166690591378,-0.9243951668034571,0.5520769764397241,-0.4582118126228692,-0.056220025172839604,6955,-1.1070220006972733,-0.20180561998104887,-0.3333475289865901,-0.5904059994828025,0.03831609988613708,-0.4577374959471357,-0.6043996022410321,0.018349060052867804,-4.04434144792e-05
-0.0946884682323112,-0.4079527169988373,-0.2512679329970153,-0.8347067348222487,0.55565668442122,-0.419034581992572,0.2423594561083038,6956,-1.108548426563919,-0.19940183616459978,-0.07495932065099327,-0.5909231962761826,0.032109330571033344,-0.45663283892873197,-0.61895175959836,0.025439021914320417,-0.0141152677552051
0.391222864237386,-0.30962199202249857,-0.19200332482824095,-0.7958145210154978,0.47828598033756087,-0.3855304085177786,-0.26091282177195113,6957,-1.1100741372787517,-0.2326990853083617,-1.5772783112532343,-0.5914403930695628,-0.11576086530223921,-0.44824801664831654,-0.6073100337124977,0.028984714843142526,0.0014768625957082
-0.22861076383534146,-0.015230271772841086,0.1987067163346585,-0.5522513934739766,0.4166979513249385,-0.191942982676492,-0.4647190556983457,6958,-1.1115991384011032,-0.20873768221013284,0.0870546527885181,-0.591957589862943,-0.11608957520666321,-0.4668720184779765,-0.6082801775363196,0.027389153025172416,0.0099131575659694
-0.6280256699190833,-0.2520851459986104,0.21701559121813815,-0.7943129571516093,0.29933879520120943,-0.36292501552976625,-0.7431606434887107,6959,-1.1131234354904318,-0.20788273251361683,0.987523056395777,-0.5924747866563215,-0.018577330678821568,-0.4620205407315042,-0.6092503213601413,0.03998488712183366,-0.0001216841169299
-0.4854187603630614,-0.2914991644514575,0.21701559121813815,-0.860397183206,0.27502335957289487,-0.3655388984046533,-0.34766544322771104,6960,-1.1146470341064494,-0.26334116753283887,-0.0835274434820758,-0.5929919834497016,-0.026112222794697937,-0.48067609978606923,-0.6102204651839634,0.031643451856808065,0.0017443509614159
-0.4847518643539264,-0.3321457939627151,-0.1897823966954752,-0.8434519166567042,0.22872387153228682,-0.4086116915637208,-0.2626036907907744,6961,-1.1161699398092548,-0.24611410654338792,0.11565411963221595,-0.5927592448926805,-0.014363425566766142,-0.48526793131572293,-0.6073100337124977,0.034648048055847876,-0.0155908316920957
0.391222864237386,0.17814309160196026,0.4755144891453035,-0.3997922150335573,0.19676031288032364,-0.058279472809169085,-0.08115640371215525,6962,-1.1176921581594599,-0.27350742415640905,-1.7346042816986769,-0.6823118696664074,-0.11594165574967241,-0.4937241759058531,-0.6082801775363196,0.032427872790284945,-0.0015632070007742
0.17224507952224416,0.17814309160196026,0.4755144891453035,-0.36914452838102324,0.12858144127878215,-0.058279472809169085,-0.40304554803019305,6963,-1.1192136947183189,-0.24208905842066994,-0.23729109774907142,-0.7556762348073437,-0.14728782673610047,-0.49059929394691687,-0.6092503213601413,0.04661367309761789,0.0007828269869496
-0.20079967070173194,-0.13489356575606398,0.001957846871250988,-0.4199862780077804,0.04171747603608876,-0.2160279325533934,-0.5748332859684545,6964,-1.1207345550478596,-0.17411900395484797,0.013098764879169958,-0.7561934316007235,-0.17926048540431735,-0.46738937402431374,-0.6111906090077852,0.0506910127738816,0.0104569783215442
-0.6547199265867845,-0.3874186302872209,-0.2906310893491584,-0.7680606929525189,-0.017571150118235252,-0.40178497877987324,-0.5536840967431964,6965,-1.1222547447110194,-0.17542513264793771,1.0458066068949425,-0.7567106283941035,-0.08780503186279037,-0.4829212353839633,-0.6199219034221821,0.04510761441119226,-0.003585397606195
-0.2984968400608771,-0.26550975247362657,-0.14673636482164612,-0.6639466736836092,-0.010541378981166562,-0.3065602493971194,-0.11478608149266903,6966,-1.1237742692717674,-0.19143177882385207,-0.4531412409677783,-0.7572278251874833,-0.12513865320833945,-0.47852271437987476,-0.620892047246004,0.034097299064794424,-0.0023307165588849
-0.07143142609620017,-0.26968806895499164,-0.1568112902361494,-0.5458943380417147,-0.1321431289115319,-0.2988769169747665,-0.15836171440565597,6967,-1.1252931342952441,-0.18048266569895569,-0.31920804790946733,-0.7577450219808631,-0.14854867909824404,-0.4679323065645022,-0.6218621910698258,0.04217848787481502,0.0023361614891519
-0.44051935861643376,-0.40257518025677,-0.30355008831984326,-0.6236644561505058,-0.1378617847763545,-0.3542706884647321,-0.1160548795602129,6968,-1.126811345347887,-0.17261548742680494,0.17885499897909937,-0.7590121541246438,-0.13420672534119774,-0.4711171262792666,-0.6228323348936479,0.04155228207224082,4.08899192956e-05
-0.6358042831258025,-0.3975559626551703,-0.28646608940592316,-0.6300812812484207,-0.12294590890242264,-0.35441582320169984,-0.030829010756300353,6969,-1.1283239112250847,-0.18782374782158606,-0.06610472350291605,-0.7595293509180238,-0.1318290842116072,-0.47012675078430755,-0.6238024787174696,0.041035150851595495,0.0011448662736484
-0.5303895681557735,-0.34551428071624385,-0.21980165495524567,-0.6203938230387698,-0.12487988622779235,-0.3367682542223756,-0.19250045907976324,6970,-1.1298358216595066,-0.21247141082347895,0.05166672997655379,-0.7600465477114036,-0.12582391021950273,-0.4775577498626782,-0.6247726225412914,0.040017238068994244,0.0047375946370835
-0.6188919449201428,-0.41391616004007287,-0.2871540763132746,-0.6883649466448551,-0.1171764653801189,-0.3340313495090335,-0.30048671857078235,6971,-1.1313470821035165,-0.21319218605361712,0.4351953323021186,-0.7605637445047836,-0.0814497386888542,-0.47483689168176774,-0.6257427663651135,0.042369401324349035,0.0060160152769299
-0.5947439407000233,-0.5033552940369571,-0.37479322099689744,-0.775521840335286,-0.1584567781255061,-0.381498917564598,-0.2580636690247665,6972,-1.13285769801049,-0.20365797123093832,0.57164084090288,-0.7610809412981634,-0.0254880000260795,-0.4804260211134826,-0.6267129101889353,0.04393301430425487,0.0014141985038158
-0.7755308774207879,-0.5690968621098003,-0.4301252566825068,-0.8908343596048641,-0.09715089451354364,-0.41092662376158967,0.22518107388746095,6973,-1.1343676748349383,-0.1975165110163303,0.08053289527041252,-0.7615981380915432,-0.007686026218537028,-0.44026483859350257,-0.6053697460648538,0.04051300981640893,-0.007182052698649
0.4616180517647599,-0.26925708206629356,-0.13373212178579397,-0.5858779944848318,-0.05412062657444184,-0.27098918671961575,0.5256699833208017,6974,-1.1358770180326363,-0.18973312330632647,-0.8370512774436168,-0.7621153348849232,-0.0883331338407219,-0.43813001309786836,-0.612160752831607,0.04102687040888724,0.0034138012988005
-0.5663520990247721,-0.3548815904698742,-0.2247280148083076,-0.6759810270647862,-0.061852178631544144,-0.29610789639599927,0.09488452776271812,6975,-1.137385733060746,-0.2034187909997377,0.29392970379251665,-0.762632531678303,-0.0587929083420871,-0.4390906845709038,-0.6160413281268944,0.04348669791335185,-0.0001215066917721
-0.3936441594959958,-0.3665605321905718,-0.23422655379529575,-0.7014670336651543,-0.016097062717108843,-0.30738499809416653,0.0190955800415515,6976,-1.1388938253779488,-0.24952235057863648,-0.08365505847698451,-0.7631497284716829,-0.06318808131249143,-0.4300835894371484,-0.612160752831607,0.05047121810563663,-0.0011747072682888
-0.5995853234911711,-0.2850961339969338,-0.13246668802617262,-0.6677375982338524,-0.047305115725938415,-0.25483910189512127,0.07220063097123505,6977,-1.140401300444569,-0.2090273498632826,-0.1960068055744073,-0.7636669252650629,-0.08111388852262852,-0.41788007849667186,-0.6150711843030726,0.05096828822056689,0.010665909809604
-0.8157300656005273,-0.48652615045663655,-0.34362304032181157,-0.8363976111863674,-0.13296380866827714,-0.3732728795797494,0.23300303317986945,6978,-1.1419081637227095,-0.24358038002016671,1.0678487444977052,-0.7641841220584427,0.028266963476128695,-0.432414873473363,-0.6150711843030726,0.05430661056278322,0.003370651047607
-0.8834854167278283,-0.5089852834178313,-0.3547183247792708,-0.9404135602893343,-0.1394998910632829,-0.41641905296326925,0.4619343183330488,6979,-1.1434144206763683,-0.2389188776902665,0.28917822520549,-0.7647013188518226,0.060856138911322334,-0.4279673354001666,-0.6170114719507165,0.04876629744701902,0.000479904054359
-0.8822376791064894,-0.5227070803143521,-0.35918342938228626,-0.9799329214082765,-0.0646014302223303,-0.46486782252974845,0.5113250242942005,6980,-1.1449200767715801,-0.28131245641973907,-0.019343063778143023,-0.7652185156452024,0.06640763490198301,-0.42541344042253804,-0.6092503213601413,0.04457635463896135,-0.0003197824196604
-0.9224224253564512,-0.5336973902234333,-0.3609724129889209,-0.9610541930105654,0.2030324182215986,-0.4762164638992185,0.025515591488680593,6981,-1.146425137476541,-0.21575004718435947,-0.10473221164125762,-0.7657357124385824,0.010131709622593443,-0.4101081158610282,-0.6141010404792508,0.040169265033441925,0.0013461654047464
-0.8694714473003045,-0.5753000247730545,-0.39442609101646653,-1.0090887651951788,0.2753279106831113,-0.5063047899994495,-0.007569873254822247,6982,-1.1479296082617385,-0.21982195428636575,0.07305007625594145,-0.7662529092319622,0.026999923045524427,-0.4024175250991618,-0.6150711843030726,0.042092109908998254,0.00212689137367
-0.7942424301553936,-0.5793360821612061,-0.3913640615107829,-1.0489233191703518,0.39307408633801066,-0.5465319564667548,0.07804562972727389,6983,-1.1494334946000826,-0.21388043186804617,0.15645396148839527,-0.766770106025342,0.03975326674162197,-0.39529466407187575,-0.6160413281268944,0.041044684838638316,0.0010011212175469
-0.8562487177668316,-0.57520522957371,-0.3794951038387197,-1.063815393715241,0.43606747615087227,-0.5411728293629814,0.6062864883941131,6984,-1.1509368019670407,-0.2049046096879606,0.03635077426464358,-0.767287302818722,0.04884707227664815,-0.398409564338285,-0.6170114719507165,0.034417901387388615,0.0003600428109227
-0.5463051255234445,-0.6350245347770901,-0.4369920218420278,-1.1450042759067096,0.4721716105681685,-0.5518211713801826,0.5515706866912808,6985,-1.152439535840766,-0.20479121782118992,-0.032136816502325485,-0.7678044996121018,0.05290678312433171,-0.4033574682265103,-0.6228323348936479,0.03792590098492295,-0.0026793568893198
-0.5060316217097888,-0.6521629470071683,-0.4536152788547098,-1.0525664807155435,0.5422019898007793,-0.5524485083167529,0.7668625839764728,6986,-1.1539417017022324,-0.21752442685422682,-0.3565614287152186,-0.7683216964054816,0.017959910008611274,-0.3825172837864812,-0.6238024787174696,0.03512763664755965,0.0002004892768536
-0.9407724346414846,-0.6649357478727953,-0.45731482904197124,-1.0401560359869537,0.5536900187158053,-0.5249240669137585,0.3772107233474358,6987,-1.1554433050353663,-0.18505592056841141,-0.04917232880746294,-0.7688388931988617,0.022200147587921867,-0.3874540060291636,-0.6247726225412914,0.03682084092408425,-0.0020445798902772
-0.1809556249694643,-0.5737864183497958,-0.38140860544121513,-1.0117694859310817,0.6074137652129542,-0.49502964295832874,0.4955515320127705,6988,-1.1569443513271847,-0.1850078227440639,-0.2887739693994953,-0.7693560899922416,-0.0039052769403681298,-0.38387349640552726,-0.6257427663651135,0.04062900455777368,0.0006025792883779
-0.6056064439466753,-0.5839082513960795,-0.39401915265656395,-1.0252422663206484,0.6070551818112063,-0.5033406342309799,0.2569919688166955,6989,-1.1584448460679244,-0.17269047012646382,-0.006167203473958256,-0.7698732867856214,-0.005514992220148033,-0.3590883203456818,-0.6267129101889353,0.039382869107187364,0.0038943311173083
-0.4278137660198094,-0.6341585534178171,-0.45127210324478195,-1.03496465398519,0.5613556011923483,-0.5225245020124624,0.450891588899871,6990,-1.1599447947511792,-0.16150124594620222,0.3450091506421568,-0.7703904835790012,0.035600097843377344,-0.3689621649963502,-0.6228323348936479,0.03700399979356474,0.0011997600928137
-0.7756352562153608,-0.6871045707083575,-0.4993330129978924,-1.09625734625312,0.49043343626963676,-0.5474353920081751,1.0234066867353921,6991,-1.1614442028740404,-0.17633401180509797,0.05741204935920412,-0.7709076803723812,0.046022583782186426,-0.3657166037851556,-0.6238024787174696,0.036910920209603855,0.0035150788096443
-0.8122613486332734,-0.6964671539439615,-0.5038516579664307,-1.0935735227001167,0.5287145836276682,-0.5906318958750335,0.5138415286690405,6992,-1.1629430759372246,-0.1800236757903999,0.3045395199683584,-0.7714248771657611,0.08330983085454156,-0.3732042750885496,-0.6247726225412914,0.03559688366197934,0.004338653730024
-0.7506093522587952,-0.7110513884542965,-0.519936791366444,-1.1878058462184964,0.5755852751132667,-0.6139129020171207,0.7079653305081505,6993,-1.1644414194452184,-0.20601110465512765,0.3924738142815944,-0.7719420739591409,0.1227942746275183,-0.3761000157392424,-0.6267129101889353,0.03367087356935167,0.0021401394061084
-0.7853277417626392,-0.7056264539067927,-0.5127768876875098,-1.2020708880574245,0.59790227636761,-0.6244989321267048,0.9969681190304495,6994,-1.1659392389064134,-0.23007830487967276,0.15789513841254516,-0.7724592707525209,0.1438544392781892,-0.3962769193670724,-0.6071160049477333,0.027656079229297394,0.0011864273166024
-0.8049152155594081,-0.6932397710267441,-0.505261285907631,-1.2150444152177797,0.6752545791982325,-0.6182123047993663,1.3137569106334894,6995,-1.1674365398332447,-0.24165643665636843,0.05599444144923646,-0.7729764675459007,0.1552825535738446,-0.39619118680760185,-0.4773107613203661,0.030362736682321832,0.0059251068743617
-0.8321526475721899,-0.773163226868633,-0.5952242806997797,-1.2866962145167429,0.6701333945488138,-0.6558656195358233,1.2444716220640788,6996,-1.1689333277423293,-0.2670069087912428,0.5617218634363312,-0.7734936643392806,0.21541637803533342,-0.3960824880314195,-0.27222235696442076,0.02700335908439887,-0.0011387736497163
-0.8088052314977217,-0.7043236158014154,-0.5254004700662095,-1.2453410162996108,0.7187141510323777,-0.619159108983999,1.3730245146766278,6997,-1.17042960815461,-0.2751678678753475,-0.19225730541044012,-0.7740108611326605,0.20145051273427475,-0.3761629313867743,-0.18427881933496584,0.02625140556691482,-0.001651138079133
-0.8291497524461726,-0.596512554778905,-0.4056527362467478,-1.1707263026046164,0.7922571700091429,-0.5759940702128153,0.5707678922235078,6998,-1.171925386595493,-0.25390687352748403,-0.24695666316913703,-0.7745280579260403,0.17918206712759804,-0.40229052502393103,-0.1709393417574143,0.023722310146229067,0.0026383150106714
-0.6298314152410336,-0.6406043006602872,-0.4528686680442442,-1.2656033130743263,0.7812298968267202,-0.6205305074261103,0.6891110946247732,6999,-1.173420668594985,-0.25888713037303196,0.2108910996242036,-0.7750452547194202,0.20248360785785346,-0.3993187174596985,-0.16439087094661703,0.024373679112031928,0.0015709682641931
-0.9765435020755415,-0.681862857153499,-0.4885811364860251,-1.3147932395543023,0.7723377746155157,-0.6608901129230887,0.9916541641828516,7000,-1.1749154596878464,-0.2628403258469212,0.09692183309039161,-0.7755624515128001,0.22020258385541697,-0.3752260348592988,-0.16439087094661703,0.02136727099965903,-0.0014900792062003
-0.930378817863405,-0.6734960426080606,-0.47282838888321743,-1.2869320272603724,0.8360607038085166,-0.659602567718393,0.7522111689956127,7001,-1.1764097654137244,-0.26271267854104646,-0.22987398900799286,-0.7760796483061799,0.19868905605164855,-0.3702682005919334,-0.181416895054691,0.018800106177025662,0.001217405113322
-0.9534040992577733,-0.7254818226653367,-0.5198536481956095,-1.3237094157498233,0.7953204390604465,-0.7072103153211088,0.8923289328872973,7002,-1.1779035913173008,-0.3010844409090437,0.05918785889236993,-0.7765968450995598,0.1449116357710605,-0.3756721154210882,-0.18238703887851335,0.018630610550158896,0.0013335948427573
-1.1165383615171343,-0.6760109842837728,-0.4599824158321455,-1.3640314943525662,0.8000917811695699,-0.7151467098413359,1.4225941433182525,7003,-1.1793969429484386,-0.3029092745032178,0.07160624043383192,-0.7771140418929398,0.1617257794412684,-0.3568081147963384,-0.18335718270233575,0.013781747117673082,0.0007050801681891
-1.082285406137443,-0.6091893465297358,-0.3811552708593689,-1.3523403865624577,0.8113234939152382,-0.6982514455470097,0.8682332965112463,7004,-1.180889825862318,-0.3074576399798586,0.00454142542249337,-0.7776312386863197,0.16657364170130037,-0.3490212912566252,-0.1843273265261581,0.010112114363985939,0.0009785888902229
-1.0382606925630427,-0.6498224404598317,-0.4191702685174679,-1.3358840287949847,0.7932888305066852,-0.7201584533918794,0.28125830117676476,7005,-1.1823822456195954,-0.29108544110151613,0.033626774693842586,-0.7781484354796996,0.17209972916149127,-0.35397371488965007,-0.17559603211175964,0.00974072155092013,0.0002737367475769
-0.6975059179403915,-0.6551365991925545,-0.42613318397143757,-1.31793137269128,0.8038930971961287,-0.7152679841273025,0.5628978569218358,7006,-1.183874207786542,-0.32585820845310837,-0.04160775284477978,-0.7786656322730794,0.1731468644886553,-0.3530908436028022,-0.17656617593558208,0.010623435408790754,0.0051604833135359
-1.040050069798636,-0.6699882384053966,-0.43570493601351734,-1.3434085286747788,0.8186252625963648,-0.7346887026971921,0.20363636902835544,7007,-1.1853657179351902,-0.28981784898413604,0.4800049502156008,-0.7791828290664593,0.2278572331422331,-0.3614374393125925,-0.1775363197594044,0.007298928354915764,-0.0038893861579775
-0.7902978173127748,-0.4834760127956726,-0.35672762185062784,-1.2765464111930638,0.8882445251580137,-0.6194836020092233,1.4521423590717315,7008,-1.1868567816434907,-0.3144985518006789,-0.486035662597576,-0.7797000258598391,0.18023145439517238,-0.3555932269510261,-0.17850646358322683,0.005274402045742091,0.0017570578015273
-0.7277203034435389,-0.469897927852952,-0.28741216869916364,-1.272939848895998,0.8802856353651053,-0.6011091567836866,0.8861166175826897,7009,-1.1883474044954525,-0.2988623755339873,0.11671985805323476,-0.780217222653219,0.19574698402126253,-0.35286011926023725,-0.17947660740704624,0.010259997697803546,-0.0049501091592647
-0.2920417884421203,-0.45848932689989397,-0.23674968432037513,-1.1394129238384552,0.8814522548147766,-0.554611332751597,0.9286409139653661,7010,-1.1898375920812971,-0.31534388205448755,-0.5992881816707456,-0.7807344194465989,0.14017888003908238,-0.3374497790740738,-0.18044675123086856,0.010220691059326546,0.0012926474924945
-0.5445116118740764,-0.44646577180937846,-0.2261885313144115,-1.1814619466969123,0.7843441484146515,-0.5583757853398086,0.26486617693368614,7011,-1.1913273499976125,-0.2605680987050158,0.0671055670006896,-0.7812516162399787,0.1516332963050338,-0.3381275274808067,-0.1852974703499776,0.01087679719367374,0.0081761988052855
-0.2956131032379454,-0.70994634411278,-0.5264251332418022,-1.3196336618670215,0.7844435659696772,-0.6788096861286121,0.9709874517745095,7012,-1.192816683847499,-0.22194216063969185,0.8018532704752708,-0.7817688130333588,0.23999874131867438,-0.32939684851357937,-0.18626761417379994,0.012049953273604124,-0.0037251172567478
-0.4203802261868634,-0.5878920648851049,-0.3998490248148795,-1.3518502957011487,0.820297484594444,-0.6213787151761302,0.8504823266813967,7013,-1.194305599240728,-0.18632615755461424,-0.46845872057756033,-0.7822860098267386,0.20073581773192287,-0.31523612254825883,-0.18723775799762235,0.0038685645707873073,0.0015579359406801
-0.9442428846620309,-0.643569490317793,-0.4518266738123685,-1.3803824010718049,0.8107109149172892,-0.6534692985579313,0.164664696998309,7014,-1.1957941017938913,-0.13768242563212715,0.09544438160720768,-0.7828032066201185,0.20843248597712546,-0.32160844923265314,-0.15328272416385666,0.004182947458647747,0.0013221855148826
-0.38342421808622706,-0.6392883242635766,-0.45355469437312207,-1.3162888900824914,0.8019980416836768,-0.6202862900271562,0.7304624302759686,7015,-1.1972821971305616,-0.15373392496658148,0.07011777413719056,-0.7833204034134984,0.22374078525651467,-0.311162232907103,-0.26387912007955217,0.002293898359990096,0.0003883643180064
-0.01988929569137502,-0.6877029605027074,-0.5286288753530752,-1.2667030433025734,0.878417334565258,-0.6018539568789947,1.0341627834153202,7016,-1.1987698908814375,-0.13549809943187854,-0.029675056466936488,-0.7838376002068782,0.22320443635823922,-0.30466804073194903,-0.21440178506463428,0.00460658291196206,0.0033386390772063
-0.9248751127444473,-0.8311761327572198,-0.6652943830373121,-1.2735421704013896,0.8771446082126279,-0.648793979062484,0.6199827429138265,7017,-1.200257188684515,-0.19325588081799744,0.28523187611899553,-0.7843547970002581,0.25609961659311026,-0.29882189125836356,-0.21537192888845663,0.006817270827469453,0.0015476879067284
-1.0374626672738267,-0.7874203891479654,-0.6120639840019927,-1.2566784180929291,0.8793803112976831,-0.6243561361391833,0.4777090983133534,7018,-1.2017440961852306,-0.16576356598289735,0.09402650051965973,-0.784871993793638,0.26805341733686433,-0.30001013686089373,-0.21634207271227904,0.007913290836032812,-0.0006953831029429
-0.5481872849714631,-0.7010441042213345,-0.5237874516677986,-1.2126946709886726,0.8944108849743123,-0.592263134088487,0.6946689595258355,7019,-1.203230619036632,-0.19213863112381327,-0.1454266659171752,-0.785389190587018,0.2631283459469899,-0.28805856870254626,-0.2173122165361014,0.007222291566022111,0.0017010087501592
-0.7469154775570237,-0.721889857663826,-0.5402238100436553,-1.2320903424776488,0.8763500884749663,-0.5721089981179378,0.5524138636322782,7020,-1.20471676289953,-0.18432813885526322,0.11026671369286549,-0.7711404189294022,0.2771103963133191,-0.2510202761760312,-0.2182823603599238,0.010111522856073873,-0.0036278025340018
0.21317733624062618,-0.5930676156237256,-0.44805840149953746,-1.1497542087212855,0.959721779728665,-0.5272962481196861,0.21409157731441525,7021,-1.2062025334426612,-0.19873700620472512,-0.4586225952500298,-0.33108352728213297,0.23108536409396413,-0.2512594212963892,-0.23089423006960594,0.011559226116586347,-0.0003098737309558
-0.6872635776502499,-0.4502522059499035,-0.275247750517007,-1.1440665020357288,0.9053003243914082,-0.5395880362040462,0.18220194941182993,7022,-1.2076879363428497,-0.2030598830475092,-0.10447341870512092,0.029480217222653444,0.21799794556859248,-0.24374229964605573,-0.23186437389342826,0.01302079643220982,0.0009299084698601
-0.7179016421013529,-0.44816966717261464,-0.2274334069709245,-1.092553880950597,0.8443064060407794,-0.4818354595957787,-0.22189585590176217,7023,-1.2091729772851723,-0.19043487969357073,0.02786992442673575,0.029997414016033612,0.22673860385178124,-0.24558834359467832,-0.2328345177172507,0.0179219719421991,-0.002322610701173
0.21317733624062618,-0.4291084841214709,-0.22921311982069242,-1.0440959713642597,0.800919895245503,-0.4321271515750434,0.03916476683322789,7024,-1.2106576619631202,-0.21489883950525032,-0.31924334086230555,0.030514610809412913,0.19753954065249418,-0.2453299865715702,-0.23380466154107302,0.021400507768376886,-0.0050052378319702
-0.3241450978967335,-0.4066059733459192,-0.2182956181765759,-1.0286760149421683,0.7665786888911916,-0.4049534356844096,0.2020899679863221,7025,-1.2121419960787607,-0.2217013657119159,-0.605723140148693,0.031031807602792387,0.11902264106111564,-0.27092197667117984,-0.23477480536489545,0.023938026070226992,0.0085010136987653
-0.8165127595534973,-0.3700268050259086,-0.1820832744612188,-1.0325863897313095,0.740253193068844,-0.389045615155507,-0.147028885063216,7026,-1.2136259853429094,-0.1817317393354178,0.8359185227549145,0.03154900439617255,0.21002386431538092,-0.275142173636005,-0.2357449491887178,0.028836534902062092,-0.0029386744964277
-0.8240713769002552,-0.4321638880991651,-0.2487841398601181,-1.059591805616896,0.6301203453442544,-0.4172686173803486,0.20153796222848722,7027,-1.215109635475294,-0.22315999370539247,-0.38519603813661685,0.03281613653995375,0.17703460171550325,-0.2819339622973738,-0.24253595595546865,0.02193088564459153,0.0017063520260451
-0.7486633474926815,-0.5799680154673382,-0.419267375923012,-1.0993562290982082,0.9004000766537149,-0.5138741806343506,0.07024555189848916,7028,-1.2165929522047205,-0.21131365536645097,0.11058375338846188,0.033333333333333916,0.18914664410062432,-0.25561658413704647,-0.24835681889839992,0.019731529837713646,0.0065427801501496
-0.9133051873673946,-0.7564618702088555,-0.6086352478813779,-1.2499351853664842,0.9004000766537149,-0.6507529385346934,0.5932907285700363,7029,-1.2180759412692506,-0.2257293713327594,0.6268149761174144,0.033850530126712526,0.2621685840118944,-0.26497134950035384,-0.24544638742693572,0.011858948938632902,-0.0008846496022579
-1.0969064010577239,-0.7307287572366429,-0.5694733447046846,-1.267669531174712,0.9004000766537149,-0.6740180890889617,1.3667657732013512,7030,-1.219558608416359,-0.2749709100963827,-0.16602928993463964,0.03436772692009269,0.25095123404915826,-0.2572751212976449,-0.24253595595546865,0.004834175205753873,0.002309824539868
-1.263337545050792,-0.7738888349395492,-0.6047479977120058,-1.2835827745511117,0.9004000766537149,-0.6812273125129819,0.6129582445977736,7031,-1.22104095940312,-0.26106097643550796,0.17488878701363536,0.03488492371347286,0.27259081479278896,-0.2397346199226969,-0.23865538066018205,0.001435173842137015,-0.0004993086827205
-0.7359612571780628,-0.7384413174528456,-0.5649956700089993,-1.258708290763499,0.6473233047293688,-0.6563826959023501,0.4812652049194875,7032,-1.2225229999963676,-0.25083236816432614,-0.1248547095696766,0.03540212050685303,0.2658221599320854,-0.2306073879545996,-0.24350609977929097,-0.0007097933862603607,0.0101448716144392
-0.27787888706851965,-0.7117135523940127,-0.5519646784072142,-1.3363180811456246,0.6766662800764482,-0.717363100911913,0.3387319682096453,7033,-1.2240047359728767,-0.26376460648783506,1.0113599199055787,0.0359193173002332,0.27507658462908047,-0.2364088965066212,-0.2444762436031134,0.00035743958808045177,-0.0006086657885093
-0.16142755472175474,-0.5860095467838566,-0.426181596224425,-1.3535819600360417,0.7568079189428251,-0.6178480360677546,1.2223396168836496,7034,-1.2254861731195408,-0.32414821836612606,-0.13659292371681026,0.03643651409361336,0.3298350224380423,-0.2392094976135191,-0.25320753801751184,-0.0030282335594494264,0.0087549010262366
0.43158110152537926,-0.4750718184280652,-0.3333579077157844,-1.2868761058232083,0.8114378401082201,-0.5786644907937304,1.41372289543006,7035,-1.226967317233538,-0.32508871291396635,0.8628235396583807,0.03695371088699336,0.3764029982269079,-0.2491827504354766,-0.2512672503698671,0.00038242240767291587,-0.0020753933877022
0.5016053763645495,-0.4469297476491699,-0.5226933475048878,-1.2504607061888982,0.8647983378591045,-0.5347988314200463,1.7548035275617206,7036,-1.228448174122523,-0.364781277851786,-0.29306170431536405,0.037470907680371965,0.413313873094992,-0.2559538501604695,-0.2444762436031134,-0.0013460331315927904,-0.0012100131014143
0.3712357734000064,-0.3979383661308222,-0.4734967754552888,-1.3083021855167543,0.876331242402551,-0.48351064740753524,0.3552409869155144,7037,-1.2299287496047921,-0.4038896855369946,-0.20070330842126072,0.037988104473752136,0.43421493737233263,-0.23498358852754736,-0.25223739419368946,0.0013145331680302693,-0.0035965773505245
0.0661730362843565,-0.4672519342126922,-0.5631602940383635,-1.277105834347564,0.8365723601362454,-0.4862267351337935,1.8796384101197874,7038,-1.2314090495094754,-0.4277231091835094,-0.45548324931667905,0.0385053012671323,0.43421493737233263,-0.257696692871261,-0.25417768184133127,-0.0005946707357357129,0.0001899769016373
-0.1693971350020577,-0.5290145302805513,-0.6301577088142432,-1.2333762779955553,0.74326028849139,-0.504563925303484,-0.2558977730268351,7039,-1.2328890796767118,-0.1449056003326317,-0.05140159426044777,0.03902249806051247,0.37377514325588634,-0.2603756557023547,-0.28522228420363277,-0.003794730977793998,0.0031530161041293
-0.43492500433255515,-0.7006079158728491,-0.8187879931916662,-1.2838284982892039,0.6653457775595982,-0.6074948203289506,-0.538557440478863,7040,-1.2343688459578328,-0.3886840109050412,0.2648999806611337,0.03953969485389264,0.4058868402033353,-0.2916220489014066,-0.278431277436879,-0.005480711875576122,0.0054530995897048
-0.5569938180722924,-0.817266876409766,-0.7497158686222067,-1.3612369966692308,0.6411027055319714,-0.7013634668276079,-0.29840693051037,7041,-1.23584835421555,-0.40769827131867964,0.5104283808048409,0.04005689164727124,0.46892799849620476,-0.28300624657935225,-0.23186437389342826,-0.012585072313055539,0.0030130691582224
-0.7061169418418186,-0.8667379065863985,-0.8798155715677993,-1.4164141351887396,0.615134825630092,-0.7387280285785984,0.06085862956892725,7042,-1.2373276103241388,-0.46220834245295433,0.25000637028452855,0.04057408844065124,0.5044414166499804,-0.2682453444802525,-0.2794014212607014,-0.014950300830487886,0.0017648605528586
-0.6087811011165474,-0.7528792597374532,-0.8174507719289829,-1.4328644272381434,0.6532995412693091,-0.7017320775025946,0.028116927472308297,7043,-1.2388066201696277,-0.4752362238463542,0.11671024033661867,0.041091285234031404,0.5203090671106407,-0.2556865011579039,-0.20567049065023876,-0.018292403023270006,-0.0001124520846828
-0.47105346426119005,-0.7007345700921223,-0.7412369907644969,-1.3244937418649176,0.7154174558149382,-0.6989622974347423,0.1259789439691987,7044,-1.240285389649981,-0.4777209876697352,-0.08383347999085723,0.041608482027411575,0.4647773455905081,-0.2744875972353258,-0.20276005917877157,-0.018119904587982693,-0.0040862233916007
-0.22223723949595384,-0.6380740779563991,-0.6612557692373577,-1.3057866530503313,0.86291782613844,-0.6403513555989107,0.37620716408634,7045,-1.2417639246752976,-0.45896182429202553,-0.5078669705203044,0.04212567882079174,0.4126804227419372,-0.2843569893995717,-0.203730203002594,-0.02159256401724742,0.008327374678785
-0.603174865548505,-0.8546883334317309,-0.8962420987871912,-1.3459921302754323,0.8554439829697208,-0.7869551185449176,-0.24488208913887868,7046,-1.2432422311679954,-0.44218979505336037,0.8171148262128711,0.04264287561417191,0.5183293008836175,-0.27233790094491706,-0.2706701268463029,-0.022844942482018005,0.0063412251827463
-0.9780661493196514,-0.8325830970570955,-0.845291945645358,-1.3511597129711304,0.9078175726356148,-0.7910204471527714,0.17963535443055464,7047,-1.2447203150630077,-0.5096275871802269,0.6050743663293768,0.043160072407550515,0.5811135148366903,-0.2681398632069004,-0.2716402706701253,-0.029698911482543913,-0.0038404176546266
-0.4938475296699029,-0.7307642279689583,-0.7176964125032701,-1.3146269407340128,0.9470503529089942,-0.7031069482352201,1.9471767505333468,7048,-1.2461981823079815,-0.5450151834816256,-0.4818021177764354,0.043677269200930686,0.5387629775201,-0.2621393818662995,-0.2726104144939477,-0.03694393546777287,-0.0005240108060102
-0.24048212808214875,-0.7934529720627141,-0.7906475965032833,-1.3221889558166846,0.9119275591366891,-0.7327886858188342,0.5479742295955945,7049,-1.2476758388634612,-0.5130616315022944,-0.12793526014500856,0.04419446599431085,0.5259307996857093,-0.254921790899326,-0.28260289587931375,-0.03867837906086436,0.0020596936644077
-0.7215206714758505,-0.8136258511361939,-0.7967784638034389,-1.2800340492582456,0.9868041586941879,-0.7379327396765135,0.43863759710703487,7050,-1.2491532907031035,-0.5343749375040969,0.14781206839906003,0.04471166278769085,0.5478148215064275,-0.2420451815872448,-0.3085057359753581,-0.03885709064578794,-0.0002616039446612
-0.7743433875930075,-0.7556611842572062,-0.7131989930729753,-1.2480478185803996,1.002262508576377,-0.7093961361276446,0.786568124143252,7051,-1.2506305438138607,-0.5050398073496342,-0.09981803702289403,0.045228859581071014,0.5392462814181612,-0.23445349001696741,-0.2842521403798104,-0.04364920580334214,-0.0011962168625141
-1.0240691941902662,-0.6830047296666453,-0.6058720307927549,-1.2038706622198392,0.9902286557170978,-0.6823722570450279,0.15465405558350265,7052,-1.2521076041961914,-0.515557008826652,-0.1995005351056314,0.045746056374451186,0.5232792843912907,-0.2279385700957998,-0.28522228420363277,-0.044955447300457425,0.0004865451006896
-1.0253391373233045,-0.6369348744775147,-0.5305666366440138,-1.1774009182162934,0.9328265089188165,-0.6758073530737614,0.5796095188579017,7053,-1.2535844778642595,-0.5244870735396323,-0.01991803286865142,0.04626325316782979,0.5299663739958813,-0.196345916674216,-0.28619242802745515,-0.04750201168894855,0.0020574592217144
-1.1194919554366818,-0.6951073201406713,-0.5821535203956517,-1.186152399974612,0.9927471661374442,-0.6527377587117599,0.2531993259568162,7054,-1.2550611708461394,-0.5335254064792299,0.14732493655851928,0.04678044996120996,0.5493699506370997,-0.19459505609146796,-0.2871625718512775,-0.049630781626190154,-0.0037704858763468
-0.43329592185869914,-0.5181809688874431,-0.3627020333063088,-1.1297708298224691,0.9660688220155386,-0.5843212639067479,0.18817874250821823,7055,-1.2565376891840203,-0.559581975971105,-0.47450038611124545,0.047297646754590125,0.4821696429354226,-0.1953829433537046,-0.2881327156750969,-0.0500557358802588,0.0071573112545984
-0.7086426446095142,-0.7777657842198729,-0.6725973120656613,-1.2481760062094245,0.8731370847111494,-0.6837437199591351,0.548480970670654,7056,-1.2580140389344128,-0.5402748641723125,0.6919119740722489,0.0478148435479703,0.5812947182123889,-0.18932400648819242,-0.2891028594989193,-0.048508549941610114,0.0063251107551887
-0.7003556973710516,-0.9038645319092252,-0.8063700321810685,-1.3343725447935026,0.9044574701829134,-0.7438352074244081,0.66807411303208,7057,-1.2594902261683618,-0.5190282814043891,0.6030307415221035,0.04833204034135046,0.6573642144982633,-0.17927230355629795,-0.30806917125463806,-0.056713440897554354,0.0042148849199523
-0.5839667115989099,-0.8886782298095951,-0.7879469916462559,-1.30355462258161,1.0692120144123491,-0.7607116413256189,0.9291405178653444,7058,-1.2609662569716533,-0.5501584621569764,0.3777771144855707,0.04884923713473046,0.7042850494858471,-0.173721421328098,-0.2580582571366208,-0.06189290677385609,0.0066639668657568
-0.5068613078078028,-0.8877216851180767,-0.7876800388720513,-1.2676429517826229,1.1350427324823222,-0.7980915193003354,1.701369495631053,7059,-1.2624421374450312,-0.5389907436876139,0.6391656893560774,0.04936643392810906,0.6831706737414343,-0.16319147906087927,-0.2590284009604432,-0.06090014183741495,0.0018286883868128
-0.6728429342238746,-0.8249529740005346,-0.7132959832256718,-1.3156417150152515,1.2607052743814275,-0.7789521635836248,1.3414061855219952,7060,-1.2639178737044041,-0.5674374324496924,0.12306946082858294,0.049883630721489235,0.7507063025604974,-0.1675599080521543,-0.2599985447842626,-0.06405656884843618,0.0022634345161969
-0.2781462622382884,-0.7086566234324894,-0.5881365826835528,-1.269636128211625,1.20415713052683,-0.7241154331807198,1.3726593546938142,7061,-1.2653934718810727,-0.5998039987786045,0.16941961265948402,0.0504008275148694,0.7980760471765237,-0.16707648328099836,-0.26096868860808503,-0.06511242681091299,-0.0015298317685237
-0.11129725687310726,-0.7608734839745224,-0.665680595819853,-1.2809252507673943,1.3226969463423472,-0.7338422287151964,1.740527776842584,7062,-1.2668689381219371,-0.6114552443794359,-0.2355432377552337,0.05091802430824957,0.8031580669425549,-0.14828501591531226,-0.26193883243190735,-0.0660963700130335,0.0072960748136967
-0.5180582149047351,-0.7473158517664915,-0.6478885665511667,-1.3200317077094792,1.341607927782443,-0.7749393700649213,0.5435166291152649,7063,-1.268344278589721,-0.6029011479169285,0.7065382253953959,0.051435221101629736,0.8125621434381186,-0.13975775636533802,-0.25223739419368946,-0.06957272844463595,0.0065189050367713
-0.3999870422162174,-0.6884784650681849,-0.5805492454732893,-1.2727979068983413,1.3420984347676934,-0.7656868349947312,1.7380026692042634,7064,-1.2698194994631982,-0.639531496354581,0.6235524653708119,0.05195241789500834,0.8547887180729996,-0.13624434947832195,-0.25320753801751184,-0.07248470379109716,-0.0034182500344861
0.5103471676245431,-0.4199844878140789,-0.4125596672733501,-1.1558531410559398,1.332410102159896,-0.5491833593113941,2.720309443475512,7065,-1.2712946069374071,-0.6268971829657657,-0.4371622244204036,0.05246961468838834,0.8971615191535816,-0.12782359414143882,-0.25417768184133127,-0.07306405167448647,0.0095317181406888
0.20801508937432137,-0.387329095096642,-0.29346179227543956,-1.158437606754745,1.2813361516200945,-0.5443868285405065,2.702417627100904,7066,-1.2727696072238814,-0.6733860804661936,0.9451680790531936,0.05298681148176851,1.0123439010979838,-0.1365435423553857,-0.2551478256651537,-0.06429091916794671,-0.00168091241904
0.3881915015047675,-0.34984814782400514,-0.21056270121184245,-1.1335743701048553,1.2809579849093162,-0.49447847071015416,0.8943928558709103,7067,-1.2742445065508792,-0.6918487453878442,-0.25173409364876126,0.05350400827514867,0.9866250816350809,-0.12885544436175014,-0.256117969488976,-0.06689772220394467,0.0045496880050874
-0.29113739586231036,-0.4568944380555372,-0.39808331890845894,-1.1628065445445395,1.257203165397378,-0.5878570624799314,0.828890156256247,7068,-1.2757193111636076,-0.7251059360109418,0.4133621232607681,0.054021205068528845,1.0378442785012263,-0.12688533212138267,-0.25708811331279846,-0.06571913351412888,0.0081309513735468
-0.34474348548929956,-0.5055541981758501,-0.45629233401140423,-1.1505817454507743,1.233028878450704,-0.5978198228866946,1.4984285344254618,7069,-1.2771940273244582,-0.735564964393493,0.7956199590749814,0.05453840186190901,1.1360764887279093,-0.1372987497924724,-0.2580582571366208,-0.06769089614496411,0.0021224659762586
-0.16941217674680803,-0.4900931569468038,-0.4377031728919355,-1.1917527530946892,1.2375671287337005,-0.5486174477744871,1.5941801637009938,7070,-1.2786686613132412,-0.7697238897692488,0.15432928168521684,0.05505559865528918,1.1581975957359276,-0.12902617220758053,-0.2590284009604432,-0.07120503214233978,-0.0003882943617006
0.5179772452716856,-0.41265770139945945,-0.4013664095370906,-1.1662652165239973,1.2438419961330884,-0.4823720791243568,1.603752741040788,7071,-1.2801432194274176,-0.781837138185736,-0.11374141343596005,0.055572795448667785,1.1448275369216863,-0.11542995110560068,-0.20460333244403442,-0.06612324130373824,0.000423758753792
0.6668196691104126,-0.3890057344710668,-0.4150072818908415,-1.1733981144313168,1.1695420368652985,-0.4498696820906073,2.129438209133936,7072,-1.2816177079823377,-0.8225021379998109,-0.027042440178949353,0.05608999224204795,1.146565576265607,-0.09245051280365879,-0.203730203002594,-0.06147786254079781,0.0115778323994224
-0.35713576513359574,-0.49137242789071367,-0.5358744562512183,-1.2037367104638423,1.142990958123012,-0.49555482931383615,1.5454219940596245,7073,-1.2830921333114842,-0.8595773587253076,1.1635755979147386,0.05660718903542795,1.2933480537975497,-0.09400558678223946,-0.203730203002594,-0.05866561991417142,-0.0066299113236695
0.4782535636260663,-0.29068434844519897,-0.15663443929516738,-1.1527762973216076,1.1788951093216598,-0.4609914828858174,1.8661743676828733,7074,-1.284566501766712,-0.9166249791128752,-0.7798606074066206,0.05712438582880811,1.1984621206549704,-0.08330232146574582,-0.20858092212170293,-0.060758479649533,-0.0102571308852754
0.8134903422942791,-0.07372367472723837,0.09767768562727143,-1.0179190673854333,1.1237678681488503,-0.29652376057995544,1.3696993567083589,7075,-1.286040819718492,-0.8739169558043084,-1.1669902551141529,0.057641582622188284,1.0510067983460964,-0.09416692931414938,-0.20955106594552536,-0.05210227630569349,0.000496877057412
0.4313079769449588,0.018927451870942424,0.20637465447576997,-1.0360814995199545,1.003694708168398,-0.17908822721717046,-0.5242607329990295,7076,-1.2875150935561566,-0.7899253003926404,-0.01929215280155591,0.057408844065167254,1.051740893173167,-0.10948055068721305,-0.21343164124081185,-0.048013423651100735,-0.0011351546133651
0.75316480297966,0.005116046494806866,0.05181747629178883,-1.0260921618459682,0.8674337830148037,-0.2263608751991247,-0.06053407075156893,7077,-1.288989329688155,-0.8338704287275029,-0.19354578709058926,0.290328419963795,1.0380050491010442,-0.10932221753250519,-0.226043510950497,-0.05426670998172164,-0.021770011922074
0.9057106620906554,0.18832446691160895,0.4380794194137688,-0.9597979411685261,0.7784013119559341,-0.07286121611146557,-0.15690259198438164,7078,-1.290443064967265,-0.803778565748639,-2.39616675452333,0.48099301784328913,0.7615011906430671,-0.09420315566222429,-0.22701365477431934,-0.05758600973403735,-0.038490787981269
1.5841909115753832,0.5650965331781203,0.9950548036829246,-0.6595617220904031,0.8184659239324255,0.14883251597687236,-0.5543315455507297,7079,-1.2918967029278607,-0.6487979006510876,-4.232363357775819,0.48151021463666926,0.2436960425917098,-0.10841282162054104,-0.22798379859814175,-0.041817199827531515,0.0197021941250932
5.294229524338543,2.2123647714000585,3.4767593469095353,-0.14519873054017782,0.5792293658792124,1.0451332916792313,-0.8009402062689235,7080,-1.293350249383259,-0.40659499871002497,2.0304845585271507,0.48202741143004946,0.4505075345519425,-0.12755957506561172,-0.2289539424219641,-0.04264160251664627,-0.0054248876372463
6.201587951936583,3.1559519538032723,4.460652220469382,-0.030013060867603008,0.28164082630735515,1.6146343385859199,-0.8747618599376652,7081,-1.2948037101611627,-0.4914159126587364,-0.6516834975468497,0.4825446082234294,0.3858524940713429,-0.14386035662396787,-0.24156581213164915,-0.0013571687667661334,-0.0375088731020037
6.996975679471937,3.7304330721652703,6.213638029134382,0.580969836046449,0.11242072494816939,2.0945897945421077,-0.7444327221374339,7082,-1.296257091103863,-0.42899795931860196,-4.0763724125335115,0.48306180501680873,0.30766644575754465,-0.17137315799089436,-0.24253595595546865,0.02586373787262645,0.0150215427951406
8.377284000414399,3.7304330721652703,6.213638029134382,0.68289977911556,-0.08450097948252178,2.2006556374111566,-0.8079237235454005,7083,-1.2977103980684264,-0.20896599447806907,1.530631588172133,0.4843289371605894,0.09797140758150315,-0.1799279364526475,-0.24350609977929097,0.0370087784572831,0.0146845124740655
8.377284000414399,3.7304330721652703,0.49455496164622664,0.68289977911556,-0.31587207890030894,2.2006556374111566,-0.8710148958498971,7084,-1.2991636369268909,-0.2869888056485168,1.4945932547520075,0.4848461339539696,0.2608274220585581,-0.217377106799212,-0.2444762436031134,0.0370087784572831,0.002487374345109
1.6856835649655761,2.298022217703487,0.48206278645245576,0.11502935309384425,-0.48359028338958526,1.440487125451288,-0.8371421317576937,7085,-1.3006168135664689,-0.38962144655241154,0.19263040539924803,0.4853633307473497,0.2893370519299439,-0.20901144817116243,-0.24544638742693572,0.0370087784572831,0.0134962406906045
2.0161598932996596,1.1600684586695647,-2.1376368632808576,-0.21734323765811098,-0.55366474711675,0.7464682369754919,-0.7495818147610404,7086,-1.3020699338897375,-0.37844793765541196,1.3676391761297946,0.48588052754072836,0.3853819505633262,-0.20369516766377116,-0.23962552448400437,0.0370087784572831,0.0127601170746532
1.7485699514140047,1.134112735684766,-1.899938276470586,-0.19372545036815814,-0.3495647125551829,0.6925620212920545,-0.5553649149446365,7087,-1.30352300381484,-0.44576897901014084,1.2891104202577353,0.48639772433410833,0.5292180996349711,-0.17355923064274104,-0.2405956683078268,0.010511020438081513,0.0002930083790444
1.8950502631426982,1.1999576900312072,-1.5039304426534907,-0.2414122687412433,-0.1906928667238134,0.7124687072780111,-0.2855356534641286,7088,-1.3049760292756953,-0.5131457147882288,-0.041668978484906284,0.4869149211274885,0.5301704840348259,-0.1635198228353663,-0.24156581213164915,0.00012028677674063776,-0.0062612134278426
1.5211285748003869,1.4275771871861407,-0.7141916555507176,-0.16215983134930526,-0.13282614103663834,0.8908383443056175,-0.16703115599671825,7089,-1.3064290162221919,-0.4745066065876587,-0.7412630057756581,0.48743211792086866,0.4544964821939844,-0.15479964239266994,-0.24641653125075808,0.0006930398199584982,-0.0049742077655402
1.6397574697028514,1.311591711693008,-0.7586348596307938,-0.1528505695428841,-0.10205927059403816,0.8961262937439745,-0.30638431041004494,7090,-1.307881970620397,-0.4401203140387579,-0.6039121614636871,0.48794931471424885,0.3835981344860315,-0.15183417720937445,-0.2473866750745805,0.005053871591629881,0.001296055980307
2.159144257406411,1.0520721286545305,-1.191974421939719,-0.21048408970945878,-0.06918185299710067,0.6922290810737319,-0.176897270168238,7091,-1.3093348984527666,-0.427058436549204,0.06517790318017655,0.48846651150762904,0.39214912511255245,-0.14987722165019648,-0.24835681889839992,0.011404304290990406,0.015939349287649
0.7426634457439991,0.6076503847681516,-1.8223767820381305,-0.5144215369229638,-0.10303409043379479,0.3634899773110358,-0.595599987391089,7092,-1.3107878057183484,-0.4350008260729939,1.6281961754050436,0.4889837083010076,0.5843944791416126,-0.13229834564575516,-0.24835681889839992,0.002088942454224749,0.0116122455410004
0.4255541377291719,0.4703812744898131,-1.8075520031863825,-0.560847104747348,-0.13651005927746768,0.24158745625640227,-0.47659718443165766,7093,-1.312240698432994,-0.5136249730709541,1.166308901141381,0.4895009050943878,0.7261911194123463,-0.12103777464287951,-0.2512672503698671,-0.012488590671631957,-0.0124865060078904
2.2932089168725502,1.0265929605668744,-0.6381602841223577,-0.3040439920727623,-0.0870243372356655,0.6864234281109414,0.018090659030865472,7094,-1.3136935826295737,-0.5204659625900325,-1.4059443096462192,0.49001810188776795,0.5627467270482357,-0.11191681119972789,-0.25223739419368946,-0.022063095719391558,-0.0101300876030217
2.058186864062397,1.2771477349478269,0.005836282707675983,-0.23415271125109577,-0.09578853517687567,0.8709848391907608,-0.02480922751025647,7095,-1.3151464643581874,-0.3883376967530533,-1.154513381425665,0.490535298681148,0.4217285448117773,-0.1257436621810927,-0.2551478256651537,-0.008657965746136491,-0.0145407695001372
4.592623936127012,1.7973168603171146,0.9516971359174525,-0.06409285388510758,-0.14656905745461743,1.1951907904704107,-0.5295465654726828,7096,-1.3165993496863797,-0.3384107204518575,-1.6252678300530046,0.4910524954745281,0.25530482620220607,-0.1521143302287694,-0.256117969488976,0.001780134155381228,0.0051550244494054
2.8382485766221306,1.2232545224700768,-0.4387503483484623,-0.26515950606025174,-0.18361389379959078,0.8653030165203406,-0.7972529746781328,7097,-1.3180522446993648,-0.2842509562171584,0.4771956079687336,0.4915696922679083,0.31346981583568134,-0.16095969018013598,-0.2551478256651537,0.01722655870541383,0.0115579010229203
1.6250878442667769,1.0519501816417476,-0.6615303971720651,-0.3224327800463125,-0.2605885760164878,0.7282417320891409,-0.6672100528928425,7098,-1.319505155500234,-0.29336183794554194,1.1605082744642419,0.4920868890612869,0.444117150032956,-0.15833926764169756,-0.2585918362397231,0.01300036873832701,0.0025349938134728
0.9686347492344687,0.9780404000987202,-0.6154691245491782,-0.30501352985087793,-0.30557414069918676,0.735045795380963,-0.4407647135440197,7099,-1.3209580882101868,-0.37247133536946153,0.19734556032678727,0.4926040858546671,0.47295743216830577,-0.13378252880927763,-0.2745021949504022,0.00304433949295401,-0.0003664615978256
1.0007757646660391,0.8585098854422336,-0.6829970102631007,-0.37748282251060306,-0.29571158116208734,0.6507572947101758,0.043041908552737485,7100,-1.3224110489687526,-0.3855837551670172,-0.11237378734778139,0.4931212826480472,0.46345612867781577,-0.1305478473928096,-0.28929688826368527,0.008424837397700592,0.004839064606092
0.9935645320786667,0.6159232154028522,-0.9991255346959942,-0.3812393723026301,-0.42357980853678384,0.511464011854733,0.06449181109489578,7101,-1.3238640439340126,-0.37734095128037815,0.4432000203137547,0.4936384794414274,0.5147233983671731,-0.15688733948471678,-0.3556062186219102,0.008541407988668906,0.0174024078312567
0.0575182669448436,0.23844515307359118,-1.4669561789228187,-0.6067908759977878,-0.31646395987425824,0.26401789353697375,0.1715957534582152,7102,-1.3253170792828286,-0.4064470508226694,1.7842733282468575,0.4941556762348074,0.7253175813285915,-0.17181737793774454,-0.4089641289321138,0.0039407068358071635,-0.001255065192405
0.6228923600688036,0.46608715491252745,-0.9081375926676157,-0.5039844899495343,-0.10003596332889046,0.43298071481188544,0.4716997349851969,7103,-1.326770161211073,-0.5056481051371724,-0.20720929911159927,0.4946728730281876,0.7051142758640577,-0.1443165588521322,-0.2112973248284044,-0.01387994989294744,-0.0064627313884664
1.1500777729325324,0.5799605740175189,-0.5960084455492503,-0.4466665934663155,0.002696129752845167,0.4869509341436592,0.5355841719006886,7104,-1.3282232959338631,-0.48334160103154145,-0.7631296995588646,0.49519006982156616,0.602729089139416,-0.15546906958453677,-0.21910698261017017,-0.009240097939564694,-0.0051315408034947
1.6547659242003023,0.7553721971370487,-0.21387266531825952,-0.2667565675033,0.05293515774883541,0.6430731584089266,-0.05566924790635995,7105,-1.3296764896857889,-0.4639995746408822,-0.6211621811928023,0.49570726661494635,0.5277751014764683,-0.15869710850707505,-0.22648007567121733,-0.004460314963499737,-0.0010897203404995
0.524062805097626,0.6276425134939384,-0.32677777363626204,-0.341539026245276,0.16365394921677515,0.5220418529955374,-0.45271781706363584,7106,-1.3311297487211515,-0.44838246104028157,-0.1899406522769703,0.4962244634083265,0.5144188116576108,-0.1539803759755584,-0.22745021949503944,0.0014112430653995438,0.0010843253141712
-0.06062626723040844,0.4700264408008098,-0.4632490807735623,-0.39633238490037076,0.19741337560089886,0.4220920552432139,-0.6346491578999307,7107,-1.332583079314201,-0.44894967833846067,0.04205890049336435,0.4967416602017067,0.5316572488716697,-0.15462720490096768,-0.27746113361305663,-0.005801014170372094,-0.0135302698060374
1.6050462811827706,1.1110891673249284,0.8432697189515319,-0.11515159367636378,0.11770314304393183,0.7723512299635393,-0.5368575665332194,7108,-1.3340364877593756,-0.4342281097877219,-1.5179059258006606,0.4972588569950868,0.3526297532765009,-0.14068916587319139,-0.278431277436879,-0.011769600207772969,0.0017006175445657
0.4310351095060918,0.9471667545974004,0.6042774413557255,-0.11436345082933701,0.001459766642093517,0.6660127581641976,-0.7182453707690202,7109,-1.3354899803715443,-0.40535073969296814,0.10786359009793164,0.497776053788467,0.36734208022524995,-0.15367888497089244,-0.2794014212607014,-0.005442974195689574,-0.0019191734262554
1.399232416253297,0.8788710398952377,0.4852017540298886,-0.2139492971990852,-0.04390389876959533,0.6300732507220347,-0.5456156667225008,7110,-1.3369435634862503,-0.4647520961607962,-0.27863791072171346,0.4982932505818454,0.34153827594849007,-0.13345781304284174,-0.4099342727559356,-0.0018550087028384153,-0.0249972264834436
2.3306828505937327,1.9664919986724891,2.793088288196615,0.15605599964217665,-0.1318471904913979,1.2593406519511332,-0.30894316657823795,7111,-1.3383972434599596,-0.4202480223996742,-2.7417485147900007,0.4988104473752256,0.061906400149693966,-0.10322804597023708,-0.42492299483398377,-0.003345188788431562,-0.0213145221819397
3.2865465514794274,2.2650185509390144,2.793088288196615,0.2533771575921637,-0.2927071676435144,1.4928807060435034,-0.7372615336971313,7112,-1.3398510266703065,-0.276725475581088,-2.348533463390533,0.49932764416860576,0.061906400149693966,-0.11555499559147925,-0.42589313865780554,0.00860497947640745,0.0273590387908786
2.541625829732129,1.501367152644476,1.5057608883465088,0.02601269353833802,-0.5675647884746176,1.052884000276152,-0.8119800739509322,7113,-1.341304919516348,-0.28011194186731964,2.846765682229092,0.49984484096198595,0.09399993759678228,-0.09521887581545997,-0.4336542892483805,0.024271406757509755,-0.0170118062242092
3.634141273042473,1.789894032946626,1.9378324267099265,0.2338941660419349,-0.606558254094175,1.3162702798691097,-0.704066228768545,7114,-1.3427589284188108,-0.2863043255175875,-1.8893877989142431,0.5003620377553661,-0.04856101075807787,-0.10180089303229013,-0.4346244330722025,0.013611826018534527,-0.0029547197480975
4.289284794314454,1.859827479664381,1.6631301455113738,0.22777183998328346,-0.589011194565374,1.3587926628814928,-0.5753017076380273,7115,-1.3442130598203599,-0.25747442517393143,-0.389018446955932,0.5008792345487463,-0.13501181071530652,-0.10279534587547073,-0.39096796100021775,0.03254295749011258,0.0127775852610097
2.356739427959549,1.2852333359251502,0.2557521316730766,0.12620313436939487,-0.7337354082523374,1.01809455193013,-0.810654956402102,7116,-1.3456673201858402,-0.2237454669201229,1.2903578078490452,0.5013964313421249,0.006952995448485232,-0.11456994316648494,-0.39193810482403957,0.028820759660441248,-0.0215846477858742
3.726274895309022,2.0024001480377773,1.8767162460915492,0.3139603541247964,-0.8887965230276301,1.4462264864245933,-0.6271438015069882,7117,-1.347121716002552,-0.3233615908586168,-2.3773220869759415,0.5019136281355051,-0.18858160268736396,-0.10218776298045304,-0.39290824864786134,0.028805577561002764,0.0128170272916417
3.8909207143144635,1.503597064942289,0.37241109506140657,0.24520165295565188,-0.9463601774197302,1.1159858283709405,-0.8400641575998903,7118,-1.3485762537805033,-0.19478872974530184,1.2945804793159428,0.502430824928885,-0.11653167970855277,-0.13373503658774757,-0.39387839247168344,0.03726982844262043,0.0106990835372409
3.127948523166288,1.2974600058434083,-0.17971311082642857,0.12695891532817108,-0.9659647854247945,0.98804147083339,-0.807210883417505,7119,-1.350030940052682,-0.26220669226152077,1.0684158027076898,0.5029480217222653,0.016685777247012895,-0.12572261654878933,-0.364774077757027,0.035962266963073725,0.0078919412950933
1.89268982841226,1.0761479571081922,-0.5634097203252668,0.008152901316219917,-0.9752558182293644,0.8157308922549416,-0.6891445238619262,7120,-1.3514857813753227,-0.3566586440403796,0.7689712264246806,0.5034652185156454,0.09544817423715901,-0.130064596722098,-0.24932696272222232,0.03050578412194874,-0.0222858005787699
3.630038893928121,1.5762060759756267,0.46213140577589823,0.2256392659213927,-0.8670551708797737,1.1526016491098887,-0.3993806913899507,7121,-1.3529407843281724,-0.37957044154456615,-2.4521842020892968,0.5039824153090255,-0.16918404407648788,-0.11834664175279938,-0.20955106594552536,0.02486740391956347,0.0049283847268537
1.4437488850013374,1.6290980060138223,0.7690403857442313,0.3363046359207087,-0.9726872173371315,1.1581700773817076,-0.6766534268743526,7122,-1.3128944963214548,-0.2578951397981961,0.45259452141428524,0.5044996121024041,-0.13260851399247217,-0.1371795398099822,-0.23962552448400437,0.04072427449169983,0.0159003829303423
2.6837681617789357,1.3724498308074922,0.13763576971043806,0.20732973128812102,-0.9095175983828255,0.9817674605429968,-0.7290300670529175,7123,-0.8357276592547793,-0.28018818414741076,1.6237243933404852,0.5050168088957844,0.06107662054686421,-0.10314246755428987,-0.226043510950497,0.043471754588943604,-0.0052423154141285
1.9015867152270773,1.3262469986057153,0.13197339745149708,0.20128478922615403,-0.853895490706269,0.9752393705654236,-0.48310622922201635,7124,-0.4455881429318275,-0.3570278451887674,-0.6330618625378168,0.5055340056891645,-8.998444593920575e-05,-0.06476689441207367,-0.22701365477431934,0.03810551847742466,0.0082271759756908
1.0977192444964927,0.9828766375226621,-0.46680155800468137,0.043589683505270545,-0.9580950234817033,0.7444995495900611,-0.4616699841482053,7125,-0.4455881429318275,-0.3074013397478285,0.8046455063357202,0.5060512024825445,0.09514477177099005,-0.041370408982170766,-0.2405956683078268,0.044630076217093084,-0.0029331027106371
1.3927124904973163,0.7715495493563473,-0.7789484757023606,-0.08072477819270746,-0.9464484432339583,0.590503281169505,-0.40854152959757506,7126,-0.4455881429318275,-0.34395755366331443,-0.386677625487746,0.5065683992759247,0.057777389698813894,-0.040279310210474206,-0.22992408624578645,0.02971980421422186,0.0082217611667354
0.657133253071798,0.6052478368315495,-0.9244410636964233,-0.3028159323198257,-0.8853961695706704,0.43628908918181164,-0.48382727439147866,7127,-0.4455881429318275,-0.3438306358691348,0.8039497896259787,0.5070855960693048,0.151833776289395,-0.03386932145706318,-0.23089423006960594,0.021296820161989673,0.010698387954247
-0.11997130922109134,0.3481291948828671,-1.184375876985766,-0.4817905983405364,-0.814237078701525,0.2198752515470385,-0.30212694659967415,7128,-0.4455881429318275,-0.4340819752590696,1.0683326627151675,0.5076027928626834,0.27724541412817316,-0.04896622464103888,-0.23186437389342826,0.010245081240971099,0.0007402197104471
0.3472259180744555,0.4174751311975873,-0.8907372641256938,-0.5582927372087333,-0.7565242706380232,0.22060205600985192,0.17952699740779024,7129,-0.45691770166329887,-0.5190087236531495,0.005253082013277408,0.5081199896560636,0.2842700510708244,-0.04703816701345546,-0.2328345177172507,-0.001321696258414728,-0.0055475424663259
0.7797035554602613,0.48880318370013975,-0.6384208130953455,-0.5384119406784298,-0.556204047843223,0.2894820048129292,0.4992158439782254,7130,-0.45894585670278404,-0.4655531578334435,-0.6660092728656404,0.5086371864494438,0.21144108297314615,-0.03675381639609816,-0.23380466154107302,-0.00938219364016602,-0.0084793038469914
1.212698312924326,0.6700234758881692,-0.21959295285958352,-0.44677140594674475,-0.5633855193341232,0.41787574207766354,-0.15382180626157863,7131,-0.4609700331493805,-0.42402953445827907,-0.9789498659032698,0.5091543832428239,0.1050076249293951,-0.008262646648793455,-0.23477480536489545,-0.008584169887543045,-0.0001500316019482
0.9815952201633494,0.5641700815641111,-0.3391430105461208,-0.3466059797140534,-0.5594882269707735,0.3395911372268929,-0.4857904099826633,7132,-0.46299024132547545,-0.3323743192679467,-0.08985529996531219,0.5096715800362042,0.10283315360095564,-0.00881914996059812,-0.2357449491887178,-0.004698722862748446,-0.0134673818498829
3.1936018449965555,0.8948097268319102,0.1213140475572898,-0.18689426819500035,-0.5889268591844159,0.5279127318927016,-0.29303229479615883,7133,-0.4650064914594209,-0.33739593730135625,-1.511398394176933,0.5101887768295841,-0.06088438160765611,-0.00934890221413182,-0.2367150930125373,-0.007164478574601064,0.0024716707188663
2.306722518330547,0.8593104917994462,-0.003723205033995045,-0.1042887168624094,-0.6944477296128493,0.528342938583537,-0.27164242866470223,7134,-0.4670187936857222,-0.19240455897860406,0.18977206529275206,0.5107059736229627,-0.04174254631305172,-0.021674746111940434,-0.23768523683635961,-0.004931065287399625,0.0101657623871385
0.8918456637010473,0.544925028252694,-0.5203027800038945,-0.22305683037220178,-0.6302684686872663,0.32827758500359894,-0.6888304116475457,7135,-0.46902715804511175,-0.1824780817522079,1.0110462603506605,0.5112231704163429,0.07970714548036754,-0.014653330790434434,-0.23865538066018205,0.0022768671223554696,0.0009387557307924
0.6839132017302744,0.38192684517631154,-0.7052803952081753,-0.10406620371016231,-0.6203861687640854,0.2839180223842355,-0.3355994078252594,7136,-0.4710315944847543,-0.22649570898465826,0.02632582744728299,0.511740367209723,0.09030119414363777,-0.007799673151942751,-0.23962552448400437,-0.010059555815489622,-0.0076905759876246
1.0976150553614488,0.48442797966144785,-0.4474695338217897,-0.0225927038853741,-0.6866456798937449,0.33982170635964987,-0.3248502746377721,7137,-0.4730321128582743,-0.19399653818381632,-0.8947291482638866,0.5122575640031032,-0.011129394932833131,-0.008864146229649867,-0.2405956683078268,-0.011592189385050269,0.0017768703065663
1.0534308555502023,0.39789987676029004,-0.5386500590355016,-0.16245390207522378,-0.7094652034437634,0.24811724507228056,-0.22791994208756935,7138,-0.4750287229259636,-0.05691912433746552,0.11581883291861408,0.5127747607964834,0.01695876042389252,0.002428667658600345,-0.2405956683078268,-0.010226723042315162,-0.0067174882857047
1.066361233533414,0.49245681821970505,-0.3050727691647065,0.0005338126174955177,-0.6776965930457922,0.32317915794028973,-0.6019160729624717,7139,-0.47702143435480787,-0.08559256647057653,-0.7909848253547762,0.4985259891388665,-0.07178587335189239,-0.01711081796102994,-0.23865538066018205,-0.02013345104839258,-0.0022036471431542
2.28360694459678,0.47885393883459204,-0.4139941543688996,0.04032523503541089,-0.7844617129956849,0.27432619109287903,-0.23678523715614352,7140,-0.47901025671861974,0.013959253864653772,-0.3091532864069426,0.2732350659425914,-0.10089729212587868,-0.009967489016885225,-0.08052193737721638,-0.013576263529873997,0.0129464623454927
0.9105095618935982,0.2565796721093614,-0.735816986983648,-0.1347775538323084,-0.807255116484837,0.19338934633184943,-0.3972782612417971,7141,-0.48099519949812714,-0.017936016326300087,1.307939943682122,0.5120248254460822,0.04897900636133047,-0.0021393655726266916,-0.0814920812010358,-0.01823422295181122,0.0033832042870047
0.13346869218093174,0.25291551004080326,-0.6169596037218071,-0.18923147514551233,-0.8357216211140203,0.1937183802062405,-0.21432814512198614,7142,-0.48297627208105903,0.04430687132832423,0.2871668980008171,0.5120248254460822,0.08811561603866871,0.01988768230980084,-0.08192864592175587,-0.023245842395974266,0.0
1.1505912294274374,0.24540228203484132,-0.594779918345796,-0.27202997393367895,-0.8030915160687347,0.15775480576866618,0.2034943293249167,7143,-0.48495348376219094,0.08496881306233667,-0.0739492313965461,0.5120248254460822,0.08241974158956852,0.033268141180590266,-0.08192864592175587,-0.022235501386098065,0.0096658175208064
0.5198643880317843,-0.008047663016257613,-0.9263357937988314,-0.48301960320249826,-0.7598175463092026,0.008537106045904727,-0.12843444867075712,7144,-0.48692684374346207,0.03222936550627413,0.9576395042997717,0.5120248254460822,0.1968713346577367,0.010730375264306632,-0.08192864592175587,-0.023663082559203838,0.0093506493960708
0.04334310250086524,-0.044841135877973205,-0.8765131560309156,-0.6768752516388481,-0.6429002910049654,-0.10647010905112773,0.3785234114310986,7145,-0.4888963611340033,-0.03419439923218603,0.9238910715474933,0.5120248254460822,0.2814626593736542,0.04707722822798877,-0.08095850209793524,-0.03353125263970799,0.003051246109077
0.21613529300091763,-0.1584446615161999,-0.9610897598001374,-0.6977409022020202,-0.5394738306948663,-0.19575449882131904,0.5082399981401444,7146,-0.49086204495019636,-0.04623752434960414,0.25148401071523035,0.09177657098526064,0.2997682610336089,0.05372964764197183,-0.06504814338725763,-0.04631893536333707,0.0004764524025833
-0.08872548951831323,-0.10251087573824211,-0.7821074476244384,-0.8130240541089799,-0.4196358578739822,-0.25718026387591214,0.2446785545772073,7147,-0.4928239041157037,-0.0797406100195157,-0.023408349399778053,0.09229376777863925,0.30798454666461283,0.04289621151731258,-0.05335791031020152,-0.053468167455965485,-0.0068869513210217
0.7996315552853356,0.23334878207531193,-0.21502996872224775,-0.6320926146711804,-0.3691960083921779,0.013585734461847857,0.26566691958788985,7148,-0.494781947461555,-0.10117504847350772,-0.8093410912756793,0.09281096457201941,0.22091319445900043,0.052833191131166676,-0.05432805413402386,-0.06065984326902314,0.0042050903922821
0.03196155321124778,-0.004716598959848663,-0.5270683425365563,-0.7140000507274564,-0.38483114337366076,-0.1251724836022053,-0.2812776635217115,7149,-0.4967361837261336,-0.09103085043318698,0.37457699787597726,0.09332816136539958,0.26812506610421055,0.05660131400335695,-0.07955179355339397,-0.04480526651770289,-0.0008448430645056
0.2077939453649037,-0.0019467133451722787,-0.4634406568726534,-0.7366109778342907,-0.2416136605107647,-0.15023744161093208,0.32964557454888815,7150,-0.49868662155521987,-0.07154163863964048,-0.16443150318993632,0.09384535815877974,0.2550299706832726,0.06408700190935546,-0.08052193737721638,-0.053902081319497475,-0.0024999079664823
0.09190434117612947,-0.0031234923418299605,-0.40462704237464653,-0.6681441125984076,-0.26244880191155057,-0.11300203049103956,0.6185551104946444,7151,-0.5006332695019914,-0.09447608511873432,-0.34110045566178865,0.09436255495215992,0.22008433058155105,0.0687191522918394,-0.0814920812010358,-0.05847164901050625,0.007518519919812
-0.015430081600515922,-0.06960672803587947,-0.44662718607667795,-0.7991370749804025,-0.2622974174912414,-0.22008565254591944,0.2316898889457567,7152,-0.5025761360270522,-0.0801643650329338,0.7283238663289002,0.09487975174553852,0.30852450036734114,0.06459728790972455,-0.061119060900777636,-0.05481632835423227,-0.0027801150127768
-0.15778304393995604,-0.041075412427414554,-0.34097032049658715,-0.7257790646897736,-0.2679633055571603,-0.17865641847212468,0.9284807086807331,7153,-0.504515229498418,-0.1431333146677016,-0.37100750888145634,0.09539694853891852,0.26725474382575737,0.08141217741489022,-0.06208920472459998,-0.06832225950942698,0.0027511830222828
0.35391561348093753,-0.16750060490518554,-0.5060433855920796,-0.8322380619721894,-0.2495606161724733,-0.2651662698506104,0.39094802142207236,7154,-0.5064505581915307,-0.07817498675124904,0.21930338574318806,0.09591414533229868,0.30526413932626295,0.08918569757106948,-0.056268341781668625,-0.06371940724513986,-0.0020485804995432
0.9471901013850098,-0.1766883014062717,-0.540708169780882,-0.8544255393353636,-0.2703000810750069,-0.2755254086052666,-0.5975933206702201,7155,-0.5083821302891859,-0.09383178621379397,-0.2929486772931933,0.09643134212567886,0.277642435142142,0.09073891190243623,-0.06305934854842232,-0.07133788409570473,-0.0023826978215393
-0.09552206629470418,-0.03847834706313422,-0.2781057564274371,-0.7906030602194759,-0.26866798870804204,-0.18794663352696162,-0.2758649094513106,7156,-0.5103099538816049,-0.12742550474377629,-0.32855706156470343,0.09694853891905902,0.2458990556739199,0.07599394889218122,-0.06402949237224474,-0.07296022964430697,-0.0115010106633449
1.3357172916826392,0.7204435336470464,0.06504728389121134,-0.40284409700720664,-0.23070741168083034,0.3150349182479044,-0.22271324712470136,7157,-0.51223403696632,-0.11629320412025716,-1.3018150835039948,0.09746573571243919,0.09974484551370282,0.0369833765567159,-0.047537047367270165,-0.07117757295792462,0.0133447326595291
0.14860307458611385,0.3060932616332499,0.20407953974067378,-0.5627301707472485,-0.3243682927830532,0.06893103404536743,-0.44897695947729965,7158,-0.5141543874481559,-0.06067441165278302,1.3502357847546373,0.0979829325058178,0.2536197173540413,0.016461885714311543,-0.04171618442433881,-0.062023397009647215,-0.0061259673924118
0.7999457126758965,0.4049792753694386,0.3635813932629836,-0.48029249454869,-0.3682823133708387,0.14228861569037685,0.6149671256293141,7159,-0.5160710131392336,-0.128204611717821,-0.7281935268773644,0.09850012929919796,0.16536577961401222,0.04450213449191963,-0.05432805413402386,-0.059899874837467934,0.0098176717186431
0.03349790507935098,0.011624774476058686,-0.18441984482644008,-0.6410553962296887,-0.4079883291587586,-0.08976741276307837,-0.031016639134325074,7160,-0.5179839217588518,-0.088847667093994,0.9736757314914771,0.09901732609257813,0.29751373626925554,0.035402565748476666,-0.05529819795784628,-0.05676332436643911,0.0047514621483963
-0.43763000857766415,-0.1318389397420313,-0.34285191364136375,-0.7851312367624744,-0.34756597190457805,-0.17069577438924902,0.19450487960051024,7161,-0.5198931209334428,-0.12329458116079074,0.43287615759857606,0.09953452288595813,0.35136643477585644,0.017699501549698744,-0.04656690354345067,-0.07135218850974963,0.000727537153689
0.11844831931621949,-0.19940857708569826,-0.41336121131032894,-0.824583651094524,-0.28612429357589453,-0.21003901413774959,0.6350059080728635,7162,-0.521798618196543,-0.14895006669243113,0.0033817761967794937,0.10005171967933829,0.3578423181908642,-0.009654152071805996,-0.047537047367270165,-0.083948665173169,0.0083605960518153
-0.00228743885251858,-0.3521256940358445,-0.5981052380764509,-0.9821148671573974,-0.19132735260746672,-0.32779158390529217,0.8172449324130634,7163,-0.5237004209886339,-0.14958973867746395,0.8179868530284395,0.10056891647271847,0.46426115174369936,-0.002217699253706756,-0.031044602362298522,-0.09151757845934416,-0.0001081470805683
0.6027591496942812,-0.2530234115762947,-0.46947245029047174,-0.9558734248511823,-0.09788622576522714,-0.27463266653679824,0.9455221421973228,7164,-0.525598536657139,-0.16894880404070214,-0.08594966260646737,0.10108611326609707,0.4530635636297383,-0.00576727900283134,-0.032014746186120865,-0.10209902473665664,0.0029563400565837
-0.10297695902035225,-0.24239003127825212,-0.41737415057222715,-0.9340458064349086,0.0,-0.2364905061918931,0.6969561187544517,7165,-0.5274929724562658,-0.2118710821242794,0.24120229008409075,0.10160331005947723,0.4909422049211612,0.020320780314697716,-0.032984890009943285,-0.10194230041272838,0.0013300263819484
-0.3173542251714372,-0.20720194190495547,-0.3217053506798009,-0.9091454855021842,0.09216530486840724,-0.24720779994405545,0.23299224504282062,7166,-0.52938373554696,-0.22529114217732682,0.06766826283504891,0.10212050685285741,0.502129988357215,0.015311675304697216,-0.03395503383376563,-0.1039593640502336,0.0012923607183079
-0.5016981292118616,-0.20847244395562325,-0.27570294187871747,-0.9136628397479427,0.17484362551402452,-0.23769978985352463,0.4803235448537702,7167,-0.531270832996746,0.08496881306233667,0.06369153123640249,0.10263770364623757,0.4951549905114634,0.012179689312335816,-0.03492517765758805,-0.10754182629303093,-0.0031908793882972
-0.17946647271408278,-0.08586806368169711,-0.06210905975233242,-0.8267840884843397,0.13763838122349653,-0.16277539342130212,0.47982014585982147,7168,-0.5331542717795947,-0.2574944237218044,-0.41491903479391995,0.10315490043961757,0.44061408647031086,0.017208290617824775,-0.035895321481407456,-0.10928028031666251,0.0025177140628263
-0.37203773043799887,-0.25190090175849594,-0.2741463140905402,-0.9235777800045634,0.20561704028449396,-0.27968209301351366,0.09130448406089332,7169,-0.535034058775864,-0.21117900717471733,0.1943837930411017,0.10367209723299774,0.47001465367920076,0.023976247918876134,-0.032014746186120865,-0.10579601213283177,-0.0012757492560246
0.20305282849901676,-0.27966936777458457,-0.31216509370517914,-0.9059414930967215,0.29377997539835576,-0.2747526885374685,-0.0059127980164036895,7170,-0.5369102007720805,-0.2230213289848988,-0.21053358892255641,0.10418929402637635,0.45428882815953114,0.008019213608026916,-0.032984890009943285,-0.1160847039043573,-0.002056796494308
-0.13825933301418608,-0.2118221708412082,-0.1930115031092523,-0.9472195721050695,0.32921093148529323,-0.2610062263290805,-0.14672031574261443,7171,-0.538782704460867,-0.2516125544736069,-0.29387815825677505,0.10470649081975651,0.4243559456765692,-0.03587315199692928,-0.03395503383376563,-0.11968911191073109,-0.0038328029861012
0.29744939220811395,0.0013777316201305358,0.12693741976857748,-0.8538874809951326,0.2613563775549483,-0.1034950465327985,0.18718499960906815,7172,-0.5406515764407364,-0.27580105617274936,-0.48345575393106816,0.10522368761313668,0.36981685362147787,-0.019752914296537995,-0.025223739419367168,-0.12691108368015117,0.0017059893187878
-0.45558171939841896,-0.11234900671864605,-0.016065765902271704,-0.9446441718999163,0.18828416466193174,-0.1894692027150013,-0.3418584190153081,7173,-0.5425168232159308,-0.25512134502916617,0.10773045859552179,0.10574088440651684,0.3891722456971368,-0.03933757182728668,-0.0708204991389955,-0.11942114988634209,-0.0062687975968271
0.5717797434370835,0.2667195993617483,0.5136574128264285,-0.827094011473784,0.1115469463205908,0.057844029006834365,0.21907414006916956,7174,-0.5443784511962614,-0.2804310257433304,-0.7434821446825839,0.10625808119989702,0.3045386042060408,-0.034331694040334,-0.07858164972957161,-0.12315779620144686,0.0018232205339043
-0.2423377733224775,0.08919497932240436,0.29843570174556905,-0.8640829028858413,0.030497478685743786,-0.025998836576684912,-0.14804779855135308,7175,-0.546236466696933,-0.21868470580122687,0.12022273266751116,0.10677527799327718,0.3257187798655129,-0.04674459879912331,-0.07373093061046268,-0.11383939730946072,-0.0136128702638396
1.1608800560487051,0.578484617422122,0.8138323566961281,-0.4825766161008184,-0.11084520824151949,0.2372990820970165,-0.07234033285123523,7176,-0.5480908759383682,-0.23455123733857536,-1.5273070535258833,0.10729247478665561,0.1462732728026366,-0.0014110361131561401,-0.07955179355339397,-0.11977803833452541,0.0022140219716875
0.5013872936014199,0.6348064132657886,0.9712616098316574,-0.5047175186264051,-0.21376970474024137,0.30332825863901897,-0.6334505734342869,7177,-0.5499416850459282,-0.14231539402773893,0.16212205178702874,0.10780967158003578,0.17190500920601232,-0.022899637406320363,-0.08052193737721638,-0.10101108220982197,-0.0082842415193979
1.4840670231906898,0.7741690570172199,1.2822058133092271,-0.4376958759008744,-0.2668885298031017,0.38198509198931613,-0.5903717901750691,7178,-0.5517889000498136,-0.12154100649460048,-0.95857446311967,0.10832686837341596,0.059573084441659985,0.005856200537717654,-0.07858164972957161,-0.10299832356000978,0.0057174682353595
1.488369839614472,0.7214983718280588,1.095186884167547,-0.4348126024164664,-0.611482622241278,0.43992211054335967,-0.42873327073864803,7179,-0.5536325268847389,-0.0847959664519943,0.5359298316888564,0.10884406516679612,0.13559041559083537,0.04044520568267693,-0.07955179355339397,-0.088935839792042,0.0014396984547961
0.2875037521276451,0.5663175695491638,0.816177884789732,-0.4613924321580356,-0.662084492167003,0.35356458419568765,-0.6448115794174746,7180,-0.5554725713898034,-0.1027568941736181,0.07935114758841773,0.10936126196017629,0.14291425448061645,0.04200573654048383,-0.0814920812010358,-0.09859282967199677,0.0021380124979621
0.9249939324167268,0.46640792926155783,0.6006531435230394,-0.5140981348329487,-0.7606136348966447,0.3107725892347722,-0.5261452899592328,7181,-0.5573090393081688,-0.111787663367039,0.15388908197433906,0.10987845875355645,0.1797767268581663,0.06701304268249289,-0.027843127743686403,-0.10169272891857802,-0.003531229040769
-0.06320711900692164,0.5778946307764556,0.8584075634401016,-0.40243318362861147,-0.736559001527887,0.4038975062036388,-0.6336183007291555,7182,-0.5591419362868685,-0.13977095588053806,-0.4512879475389794,0.11039565554693506,0.11371015902438518,0.034206438717858834,0.060148917076958144,-0.10219536950266199,0.0081579916002099
0.4509772777630371,0.3378980521370652,0.42341115449216715,-0.5758955149830646,-0.8647823313848245,0.21530821490590837,-0.4066925461264939,7183,-0.560971267876515,-0.11147293672407575,0.7962422320850616,0.11091285234031523,0.22165173819424697,0.04042946999280349,0.169484126021684,-0.09655387021680262,0.0084581303942699
0.11960104643130716,0.009702254313771693,-0.09956641796583637,-0.7119056809857772,-0.7982400142233788,0.02659582539475213,-0.3302460547103098,7184,-0.5627970395310384,-0.1726341094361112,0.8283546964529679,0.11143004913369522,0.32878903101058254,0.030730647048933114,0.27168877786131873,-0.10785578048329127,0.0090044298606486
-0.4480109230466692,-0.12943631241210862,-0.25883018834160904,-0.862999954600882,-0.6554051781233031,-0.16674426161093914,0.19955558848953275,7185,-0.5646192566074494,-0.20470775116816656,0.8866779073819271,0.11194724592707539,0.44109911159714627,0.039958056741063105,0.3258228032305799,-0.12112565338884503,0.0035984166902889
-0.22661681661971986,-0.13908173114438097,-0.23169298602775465,-0.8939269827934434,-0.5466586524694675,-0.2030170127531428,0.25448326118427805,7186,-0.5664379243654913,-0.2551267895769787,0.30960794383798307,0.11246444272045557,0.4838885270493355,0.041923758855797834,0.3258228032305799,-0.14571554877166884,-0.0073144498669707
0.2912854815896799,0.06474085622206584,0.09512503223303471,-0.8020172758749256,-0.4803540363879493,-0.047636249878381706,0.2874397396800542,7187,-0.5682530479673595,-0.2558149934373979,-0.855288692060399,0.11298163951383573,0.3871634924274887,0.04032897523286656,0.3266959326720201,-0.13725353948048594,0.0090659539625277
-0.05939824116292387,-0.15031550871845145,-0.21212433997505908,-0.8916654785499702,-0.24160521090429118,-0.19024360950666755,-0.4906022906989558,7188,-0.5700646324774401,-0.24382438924718788,0.8931889582781353,0.11349883630721433,0.48242980634517624,-0.048832751149629844,0.3201474618612208,-0.14410094776323326,0.0007874863361976
-0.45835672252815757,-0.23174250670048804,-0.2877574200665173,-0.9244786841842337,-0.16765318333297918,-0.24039870099340852,-0.13355904142066277,7189,-0.5718726828619286,-0.2485979564700228,0.009529460485025948,0.11401603310059451,0.4940113202683083,-0.039623222190112176,0.32111760568504316,-0.14952027501167986,-0.0008941664564416
-0.293071926693769,-0.09751712768922606,-0.0546094107795743,-0.9269085824586737,-0.0779575007126499,-0.16801994063618325,0.03978243925081378,7190,-0.5736772039885228,-0.2751281145701727,-0.16998717296015542,0.11453322989397467,0.4776119929281705,-0.03126376046936689,0.3201474618612208,-0.15433672595069123,0.0040452495415275
-0.18752050464797324,-0.25503201181768465,-0.2630757144402404,-1.0251954481092316,-0.07636093236471744,-0.2714381512764648,-0.44627766193650426,7191,-0.5754782006261167,-0.20106276689362995,0.35719356881654146,0.11505042668735467,0.5277763200116926,-0.08412635425476349,0.32305789333268786,-0.15767000394603545,0.0021036115676584
-0.5529566121286885,-0.2461420903913781,-0.21214318618725703,-1.0598776653090036,-0.041150069751311774,-0.27305405313261605,-0.2842082251586347,7192,-0.5772756774443741,-0.23141385574595777,0.14981396197290972,0.11556762348073484,0.5536663561997199,-0.08014212708838965,0.3220877495088656,-0.1585878960198306,-0.0037714366820725
-0.15341590556755752,-0.08728884273687594,0.041440472281124706,-0.9449377700775058,0.09996017432125498,-0.13812814003588597,-0.30510365288646485,7193,-0.5790696390134826,-0.27483426578690057,-0.47723305033511193,0.116084820274115,0.4977976340634744,-0.06827185610337479,0.32111760568504316,-0.15679868388877077,-0.0011428571889082
-0.36066861781685605,-0.08885044401713718,0.06428275740235327,-0.8238820304531225,0.10772225356231939,-0.11210601312488765,-0.1965013539579785,7194,-0.5808600898036397,-0.35994177172402897,-0.19660901983088344,0.11660201706749361,0.48218742063832404,-0.064098372902625,0.2988042977371402,-0.15621070778903118,0.001859267859485
-0.5486142892630804,-0.13768876836257382,0.020357520464846148,-0.8333446078508844,0.12608944201401562,-0.16249145663576348,-0.17421972252959778,7195,-0.5826470341847901,-0.2778953251774381,0.12389838628206021,0.11711921386087377,0.5037027345964104,-0.053533855175494485,0.2910431471465641,-0.15224991283573935,0.0050321197305045
0.06325590682442704,-0.18039403205530796,-0.044899473094137304,-0.8420745617874242,0.15052744829057318,-0.19897881485676897,-0.15203432216159843,7196,-0.5844304764261584,-0.20248996802129696,0.462616976939768,0.11763641065425394,0.5645442520369034,-0.05185527248717323,0.2900730033227446,-0.1570781404157553,0.0085224247757669
0.2586684651401203,-0.204480015611803,-0.09381778477953884,-0.904291499095972,0.15931611831234413,-0.23305477823296916,-0.0976970004651275,7197,-0.5862104206958965,-0.23207144356343976,0.8350432672868485,0.11815360744763412,0.6838128781613505,-0.039820813004455564,0.28910285949892234,-0.15980239128366763,-0.0023590717496757
-0.24038665392309053,-0.2345456924273863,-0.12143869508813443,-0.920820815791475,0.15048138289116308,-0.2671004297644753,-0.1299664780229465,7198,-0.5879868710606168,-0.18843599882691353,-0.32645840128971987,0.11867080424101428,0.63953662458556,-0.019507552976061184,0.2920132909703865,-0.16314398722383364,-0.0067763114176221
0.5079090119026288,-0.05081771130479881,0.12339215560227158,-0.7929298921775259,0.19812041792716906,-0.12725694343259947,0.33432430394640694,7199,-0.5897598314849825,-0.21607231684624015,-0.7979018007881183,0.11918800103439428,0.5478233092464919,-0.011864648196549527,0.2910431471465641,-0.16340465049553207,-0.0052235091472153
0.5478368275515829,0.20289255019897892,0.5052759308493833,-0.7361576853086934,0.2024361174622219,0.026721218824796136,-0.3031576641492936,7200,-0.5915293058312534,-0.06114284061861954,-0.6321574783185152,0.11970519782777288,0.46759162899976536,-0.02137980493103214,0.2900730033227446,-0.16015930301821504,0.0049294517114624
-0.22192137623354283,-0.09088161028378812,0.05021784289308319,-0.8899701262160852,0.1457180295088925,-0.156232843114428,-0.5619607182709018,7201,-0.5932952978588923,-0.07178674724363845,0.4515499627954016,0.12022239462115306,0.5302892872672096,-0.000841172232242814,0.28910285949892234,-0.15375797038110647,-0.0016706361116468
-0.1677606052898605,-0.024531283480815146,0.16803149314003502,-0.7868430997092563,0.12558744213398423,-0.07426138286465245,-0.1940660326901113,7202,-0.595057811224022,-0.07661295423893787,-0.2530960075753144,0.12073959141453322,0.5121698835970833,-0.019780854437626182,0.3104460236230029,-0.16796154065885932,0.0054475541242324
-0.15694180814129452,-0.22145088025810314,-0.11640955977981032,-0.8367901364250889,-0.03835022993629893,-0.18058818488262524,-0.26878508778238613,7203,-0.5968168494789594,0.07221339857066886,0.506697015339113,0.12125678820791339,0.5745283118991222,-0.05030920630617687,0.12417840944920297,-0.16727690460650962,0.0042848544147651
-0.4163848684352114,-0.33384784059907213,-0.2523772307073568,-0.8734491777571853,-0.08362016756466034,-0.24270288935427872,-0.11697092539780166,7204,-0.5985724160718034,0.009085645745001744,0.3826583938809445,0.12177398500129355,0.6333401091976124,-0.030742397036056787,0.12320826562538055,-0.1715306223761513,0.0036671366639655
-0.5795312024823038,-0.4091243162211395,-0.3275778161065435,-0.8869736667692673,-0.005541100557419895,-0.302493154815745,-0.019316458535645085,7205,-0.6003245143458087,0.03048275687665222,0.31672569016518365,0.12229118179467216,0.6772967168716446,-0.029801410112379093,0.12417840944920297,-0.17711042729221899,0.0033024170984548
-0.31360411448904324,-0.4781541583775247,-0.4046043205838857,-0.949234430977616,0.056627749992178386,-0.3715712959629938,-0.04031310563487025,7206,-0.6020731475389886,0.04318603241717583,0.2777750648924009,0.12280837858805216,0.7117217567327702,-0.0193723007115331,0.12223812180155812,-0.18706102418521697,-0.0004201974608251
-0.5145844336355202,-0.49371749566844103,-0.4038467439919221,-0.9241453542953241,0.09879934493350205,-0.36381843097382754,0.15404723941755552,7207,-0.6038183187834875,0.03571062898614713,-0.11972407183308989,0.10855960693043698,0.703567664705241,-0.009709852213765191,0.11835754650627153,-0.19823598143752805,-0.0013662160237671
-0.6636096778267988,-0.40643609966292554,-0.26446734570182046,-0.8130068423935664,0.17654517450430887,-0.3234920024181916,-0.039892027198056304,7208,-0.6055600311051411,0.11607327683504953,-0.22072140560596928,-0.07776053788466485,0.679200682778547,-0.04433329872456206,-0.07664136208192686,-0.19320725067398806,-0.0067001085619837
0.49622886721946297,-0.016997021649821756,0.2640586684956738,-0.6691873614213638,0.1893001601036174,-0.06903849421853675,0.1335227506754024,7209,-0.6072982874227897,0.17909199767319012,-0.7900285498860844,0.12205844323765182,0.5540674684471988,-0.04912265346531476,-0.07761150590574928,-0.0999877843329584,-0.0037434665688118
0.22596405728800256,0.40857848455553575,0.7121307960139716,-0.4968081759414942,0.15635341122346186,0.16199643457814636,-0.2658288271390025,7210,-0.6323786653786649,0.1981309084644287,-0.4744407206131583,0.12205844323765182,0.49545544704449024,-0.044359024549902516,0.17947660740704924,-0.18878422192167763,0.006380715967315
-0.1031636839115952,0.014227901643528199,0.30018892987744844,-0.6538122181774506,0.08065517224721576,-0.03800021728799168,-0.5247057280232602,7211,-0.6340925620365033,0.22361768741761548,0.6062165808543583,0.12205844323765182,0.5776973458958362,-0.05702576502328347,0.16783488152118653,-0.1763407623042711,-0.0074674180605599
1.0031996586437275,0.28800852479170325,0.6014182109993493,-0.558142992006021,0.02815614279940397,0.15806841526809245,-0.09237229657219714,7212,-0.6358031493487577,0.13245469541025442,-0.8720283427324482,0.12205844323765182,0.4699128764676295,-0.056921262540555816,0.16686473769736412,-0.1916108906712239,0.0080914186168723
-0.1811535174554261,0.04309633666438997,0.28411144430514873,-0.6220005352261759,-0.026190208003648192,-5.1821909291188085e-05,-0.42723549679211653,7213,-0.6375104296775969,0.06103584400943913,0.788746261066837,0.12205844323765182,0.5727956984561774,-0.09848387304887452,0.1658945938735417,-0.18603141873354415,0.0035203830121899
-0.10147485606189076,-0.12329034780643947,0.034204583663546395,-0.7375654481495465,-0.05083663301824064,-0.0788210023996916,0.004768539826560595,7214,-0.6392144052801266,-0.0016671724677256791,0.3008759739565848,-0.22733385053012642,0.6136944729071665,-0.07988743069000671,0.16492445004972237,-0.1944376023156171,0.0021399002744804
-0.40958220316498395,-0.15382081656575017,0.011094189013309448,-0.786354695412994,0.014026714071283768,-0.11790419231492973,0.06967518835404019,7215,-0.6409150783076993,-0.03941252949628028,0.15358145606699855,-0.22681665373674625,0.6423980635753542,-0.06974621298947424,0.16395430622589996,-0.20363353415423124,0.0023453638094843
-0.5254968382052724,-0.07745497460849465,0.15169949123744478,-0.8015921501846521,0.0721191789378772,-0.0731170755062604,0.4151499596729055,7216,-0.6426124508053445,-0.000429489856072261,0.17551265212482808,-0.22629945694336617,0.6660806364503841,-0.06614246589336342,0.16298416240207753,-0.2104184042271955,-0.000593700077305
-0.2905166700220425,-0.20276393775679644,-0.023187081085175105,-0.7625945166546323,0.10399214574944687,-0.09828316455248115,0.3787784145959809,7217,-0.644306524711067,-0.06465363619795,-0.1383200639319927,-0.22578226014998756,0.6559004281057521,-0.05938661190457772,0.1620140185782551,-0.2043429103410488,-0.0013278816671088
-0.1509544021345303,-0.16957188509720075,0.030776928314100473,-0.6647284812848803,0.20193646659949155,-0.10243489998676363,0.03721467700022434,7218,-0.6459973018551444,-0.016609024293047125,-0.21672793873810814,-0.2252650633566074,0.6280408518775755,-0.03105191552923174,-0.08052193737721638,-0.20886063487442874,0.0060184049241067
-0.42223450967535925,-0.2554749498288737,-0.07749263890545756,-0.7418771978591295,0.194807176134232,-0.15783484904847986,-0.059838459396755576,7219,-0.6476847839595129,0.028867484087794715,0.5673900375308168,-0.22474786656322723,0.7083074882611419,-0.03494450065235774,-0.0814920812010358,-0.20797236078580583,0.0078953776636556
-0.451220437206799,-0.22003067149278802,-0.009908487628905258,-0.7740955288741465,0.27197877110041313,-0.16420789919180023,0.15663306935930357,7220,-0.6491952386158863,0.052295303831927334,0.767681460379912,-0.22423066976984715,0.8090462637008307,-0.015167502213890245,0.14164099827799695,-0.21114495613406997,0.0004831252210926
-0.3838297721015982,-0.1496025468210146,0.106049376882869,-0.7081751666450704,0.3172579535039458,-0.0889219109148953,0.42628059460190687,7221,-0.6507015756366318,0.04854208033640067,-0.023530526208828548,-0.223713472976467,0.8077920664010285,-0.009181896778403231,0.14067085445417452,-0.21288319529245328,0.0053807946767887
-0.41855055122170676,-0.20055243113244095,0.04313444039844573,-0.7368259860583832,0.3176742291534004,-0.12567871919805484,0.11217874922616224,7222,-0.6522037858387083,0.027282791847008197,0.4991802943827523,-0.22319627618308682,0.881711594089563,-0.016075679326239673,0.16007373093061042,-0.21173224787471825,-0.0040483055310377
0.02016156604471195,0.06302313463234038,0.43920590765611967,-0.6481868489696315,0.31748690511114586,0.012642084343066372,0.42529648971610734,7223,-0.6537018598002914,0.03927804627007655,-0.5072954557870046,-0.2226790793897082,0.8146684076137174,0.004451112115473181,0.1620140185782551,-0.21414732208159024,3.44471851831e-05
0.04830395693589789,-0.07426163735268007,0.21207054289053898,-0.7642687909205786,0.38314314900126334,-0.07783588433772703,0.12230694573164434,7224,-0.6551957878578029,0.05265686214070324,-0.0714232290964523,-0.22216188259632813,0.8114605535604389,0.010562842950312549,0.16104387475443285,-0.20534722619300708,-0.0017222968524613
0.2264750212833682,-0.012068124975791579,0.28838040614728366,-0.7748453505915547,0.4629360717502244,-0.007105453004147617,-0.04002042614183066,7225,-0.6566855601030444,0.022090643995329843,-0.2589214924078032,-0.22164468580294797,0.7834408076719718,0.008484870846454547,0.15910358710679093,-0.21859563575381605,-0.0026914183110351
0.6860548994578721,0.14267164023036044,0.4869943469408646,-0.7917281854419511,0.4801893006976643,0.10345031567421938,0.2627172294032685,7226,-0.6581711663800972,0.01765550772610329,-0.3624284107459867,-0.2211274890095678,0.7397935483795642,0.006494929809082693,0.1290291285683118,-0.22065592591163594,-0.0030100681228831
0.6398881642734137,0.2952783644960447,0.7044144551360306,-0.731323421747498,0.427846240133755,0.20235982816620965,-0.018788760626187315,7227,-0.6596525962823071,-0.004532989721652681,-0.39653025867889896,-0.22061029221618764,0.6844899435822728,-0.01289330010346314,0.1445514297494611,-0.21540361737973093,-0.001943364778393
0.902142430310982,0.34303666956939177,0.7275215812870045,-0.6665683665876756,0.34735243244666036,0.1841963010515811,0.057061798656552025,7228,-0.6611298391491423,-0.009674866705120569,-0.2826499986572382,-0.22009309542280756,0.6493922023596811,-0.028232219172528616,0.1775363197594044,-0.20635291787330887,0.0017385257270743
-0.2592054448308505,0.19532344539732643,0.49424258960476297,-0.731946162576655,0.24763235487469817,0.16371226018425863,-0.10459787090379581,7229,-0.662602884063032,0.022070879888734695,0.11032740111598692,-0.21957589862942894,0.6709620213961446,-0.02236504718414484,0.176566175935582,-0.20492619582282973,0.0032974658415094
-0.13938401607687392,0.002153862716245085,0.19289708026964172,-0.866211547878476,0.201582200705532,0.01648756402022323,0.00403147316635834,7230,-0.6640717198460888,-0.04995379222400404,0.27674804313172174,-0.21905870183604878,0.7175492404077031,-0.015463268218386662,0.21246149741699252,-0.21847449373804784,0.0002421726805128
0.49326823007289294,-0.014129162378000468,0.1413297924950303,-0.9197998745624058,0.18578433925884094,-0.03473701220354952,-0.08153979016669569,7231,-0.6655363350567762,-0.03175248105264544,-0.04942552762232082,-0.21854150504266862,0.7174204796259636,0.005674158928175471,0.22022264800756866,-0.23456006820440112,0.0059144993000313
-0.2592096208662053,-0.17206481141832097,-0.07777809500884611,-1.0212141605842928,0.04565848106482207,-0.1631401900686874,-0.1239131904799903,7232,-0.6669967179865802,-0.03995923787615898,0.5560388645329652,-0.21802430824928853,0.7544368735377246,0.02396443445676525,0.21925250418374623,-0.24060264624843056,0.0001719216641202
-0.3261491602467546,-0.23317982489935352,-0.14421748341386958,-1.045923875903322,0.10652506649453795,-0.25629527891107334,0.4185509640553118,7233,-0.6684528566565294,-0.017228232456923624,-0.056901110122718694,-0.21750711145590837,0.7530887398714239,-0.006257924784789474,0.18626761417380294,-0.23788348612861737,-0.0052942792813944
-0.2871233742262278,0.09845715523489189,0.38620318056714575,-0.9727099349280532,0.1963297487830138,-0.04260106247243755,0.14792545950823774,7234,-0.6699047388136967,-0.03167454762974664,-0.6403945509522241,-0.21698991466252818,0.6708728818326886,-0.00524101307341478,0.1852974703499805,-0.24798879422910064,0.0054261422918149
-0.3658849481350584,-0.08451543760703902,0.1167977650296608,-0.9401602216676339,0.2204732608296635,-0.09862298669850837,-0.06809661763643683,7235,-0.6713523519276146,0.00019875333365730618,0.5038609258943795,-0.21647271786914968,0.7396853201176918,-0.008850989405914297,0.17559603211176267,-0.186494741186797,0.0010656216527065
-0.39593369513934557,-0.2980492495807204,-0.1771546629221949,-1.0054769874815936,0.23359787431153547,-0.18965046991105122,-0.03445179734007792,7236,-0.6727956831866242,-0.007470978886969062,0.03836994840371786,-0.2159555210757695,0.7516853245530806,0.010752249188064911,0.17462588828794023,-0.25430701548689516,0.0081038389159335
-0.5466733604903345,-0.28727004056690963,-0.13815765599513458,-0.9181908843483211,0.18734998008189843,-0.22200476106217312,-0.25224163779654907,7237,-0.6742347194941537,-0.06953362681218535,0.7896162248564874,-0.21543832428238932,0.8547641497357543,0.029342462986558095,0.1736557444641178,-0.2570104830380992,-0.0009135795372691
-0.5239233829224894,-0.3114917841445371,-0.1515500363167344,-0.8674173454138102,0.2272345642089868,-0.20522599833774427,-0.07678033796384241,7238,-0.6756694474649215,-0.06015129776092628,-0.1728848123800083,-0.21492112748900916,0.8439603440504678,0.02696203475214046,0.1726856006402954,-0.26477531713508623,-0.0033220313830304
-0.3931205523789289,-0.20424996320117444,0.015491975947803169,-0.847391482896748,0.2789381694613329,-0.16039579310605243,0.13107779163304334,7239,-0.6770998534210623,-0.06610989273245378,-0.4299675306488826,-0.21440393069562907,0.789453821956925,0.03867040291118317,0.17171545681647313,-0.25959735565234926,-0.0009277712527031
-0.5736648225311746,-0.15873416523253853,0.10182810265454743,-0.7521469039566737,0.29430766258512037,-0.12493722516501103,-0.45661963047839926,7240,-0.6785259233881866,-0.012172433943285677,-0.17441909202105466,-0.2138867339022489,0.7659648735391289,0.06758149151100587,0.17074531299265072,-0.26774056165787424,-0.0029922614940836
0.2759358022298891,-0.06192121534116793,0.22318402606219598,-0.7439125660740311,0.25925102128302546,-0.0707800240618992,-0.20666146368007327,7241,-0.6799476430913471,-0.0838965417073924,-0.3949447455604589,-0.2133695371088703,0.7151989440666036,0.05457150164108561,0.2161965511387068,-0.26600567109019263,0.0027942595899657
-0.4378261069376627,-0.1603266072862931,0.08873659651565491,-0.8592061655424378,0.26707179469590686,-0.13139671720281126,-0.40263696813868155,7242,-0.6813649979509377,-0.057703673568251346,0.22275174200253786,-0.21285234031549014,0.7481185045875082,0.06568542043553566,0.12708884092066713,-0.2589536221151062,0.0001032026357203
-0.16542960849017802,-0.21942857535127136,0.003008891657496277,-0.8500072416053616,0.2031724393405602,-0.1590499567154029,-0.4455502925843536,7243,-0.6827779730785023,-0.07921889285832642,-0.06445333180865341,-0.21233514352211005,0.7429577089387441,0.0729549388688986,0.12611869709684473,-0.2650304815236777,0.0034741332566481
-0.2537879080072892,-0.24341789119471602,-0.02631122183876075,-0.8479970037383747,0.16209763819362819,-0.1655191474562757,-0.3677868126390736,7244,-0.6841865532724715,-0.0904200321457951,0.2953006323557319,-0.2118179467287299,0.7882595895832503,0.07539594394868693,0.1251485532730223,-0.26969254410363663,-0.0005827304866857
0.03406369282923199,-0.23267890409083067,-0.020991252919076622,-0.8868640094745838,0.1325316881983907,-0.14171927003359683,-0.1376651250747264,7245,-0.685590723013799,-0.11835260431816813,-0.13770956610993593,-0.21130074993534972,0.7775047071282299,0.08733467606870407,0.20081977153112981,-0.27124748113325775,0.000548772031379
0.036670320145052435,-0.3224326864260773,-0.1576694462187393,-0.9079025056639434,0.12254539191433397,-0.1787200076374437,-0.5395175215843084,7246,-0.686990466461524,-0.06762418817887465,-0.016992823623973367,-0.21078355314196956,0.7822098118977159,0.11918322735380436,-0.08105551648031725,-0.2680256029029017,-0.0078157138322955
0.8049030414270818,0.2141487426111962,0.5954555974903987,-0.8100093993301242,0.2784168368430127,0.09329413466463772,-0.2896237463914937,7247,-0.6883857674482341,-0.08273484520618779,-0.9098443275090177,-0.21026635634859103,0.6638679179121489,0.1434450950882831,0.15716329945914626,-0.2729538906765085,-0.0055970147189334
0.8111815757593497,0.33756748670941816,0.7539446436472995,-0.6289179866815175,0.19872600162306284,0.189562646140182,-0.6276837873698459,7248,-0.6897766094754534,0.005032308844541152,-0.6730023111788282,-0.20974915955521087,0.6559062743582916,0.13635781793798424,0.15231258034003722,-0.26489750259179934,0.0
1.1645161412922826,0.5163143540519853,0.9971405854690514,-0.6457326012969199,0.08703727520451991,0.2506375086150407,-0.7140103866837443,7249,-0.691162975708913,0.03989240123743693,-0.07557486850123525,-0.2092319627618307,0.6129555205488897,0.13317498332780214,0.15134243651621482,-0.25963983906128835,-0.0014592452646289
1.1016205850108574,0.5695406343718538,1.0283954997152316,-0.5995496798217606,-0.0010681958659795557,0.2788176949507513,-0.7127957594588136,7250,-0.6925448489737517,0.028183442440676627,-0.23133183000412566,-0.20871476596845062,0.5776965375335528,0.1301463904946775,0.1658945938735417,-0.25333019988388916,-0.0316631874081313
1.136213140965641,0.5455888082279129,1.0143307883044503,-0.6127654179086516,0.019958808752881158,0.27104647120127795,-0.4492552952589635,7251,-0.6939222117496057,0.09112440401361269,-3.4553490524197996,-0.20819756917507046,0.5600398162975797,0.1433603894170426,0.16492445004972237,-0.25237332804257745,-0.0220265898328539
2.5728358678350287,1.3595318602758713,2.622636887322339,-0.28935494732423667,-0.04534920655217461,0.8025317148122728,-0.579520254461645,7252,-0.695295046165599,0.07381401017080345,-2.4268588650263436,-0.2076803723816903,0.30015050931523773,0.10856839456176172,0.176566175935582,-0.19311649320768645,0.0138883784795305
3.939140319389452,1.8504163533967086,1.6458364261509417,-0.02213352918471738,-0.26301753221515545,1.1395138125210162,-0.9067656481062913,7253,-0.696663333995237,0.22877854628365338,1.4066344417450611,-0.20716317558831168,0.0399380715081631,0.06655343601404265,0.17559603211176267,-0.18906487290491908,-0.0056169595950056
1.525415567845446,1.8504163533967086,1.7029620492326583,0.062496008724046995,-0.5046628789953774,1.1865148089955047,-0.862112728306038,7254,-0.6980270566511979,0.3890265564919096,-0.6753467817872902,-0.2066459787949316,-0.05081777404465556,0.07585845247612007,0.16395430622589996,-0.20314372895221314,0.0218658890332351
0.9850235466252438,0.904501259997388,0.06646337218264377,0.062496008724046995,-0.7337652622205231,0.5875557423651927,-0.8398798741742978,7255,-0.6993861951800061,0.4222743639384092,2.258075496931569,-0.20612878200155144,0.8194324091083736,0.090843524085603,0.16298416240207753,-0.1828394894471382,0.0001783169335751
2.1974561097942056,0.8593450648309274,-0.06661806385966837,0.062496008724046995,-0.9165619826230433,0.6201977494595668,-0.7954108208219639,7256,-0.7007407302566178,0.4222743639384092,-0.05691440667256101,-0.20561158520817127,0.8194324091083736,0.094687383364723,0.1620140185782551,-0.20845998670205307,-0.014441077097906
2.725647646632799,1.4008495508132504,1.0349774855465759,0.12177038085559107,-0.9918125680653072,1.1865148089955047,-0.8057938713146185,7257,-0.7020906421788734,0.4222743639384092,-1.617391882854621,-0.20509438841479108,0.8194324091083736,0.0656952203258767,0.16880502534500896,-0.21075893476160532,-0.0005426916863831
1.8793376204042238,1.364829449825011,0.9689327687698428,0.26649643995008276,-1.0600601717974998,1.0251953378592498,-0.8705286631798516,7258,-0.7034359108618481,0.4655557498659992,-0.13390478844092144,-0.204577191621411,-0.021339079620095226,0.04335881461769049,0.16783488152118653,-0.1930102834339584,-0.0044886875425567
1.8656134343120967,1.3126358194628773,0.8650527611921824,0.2549285403980479,-1.1026135656731968,1.0196746326322683,-0.8689554226225437,7259,-0.7047765158320919,0.49884125145563785,-0.5550909092567201,-0.20405999482803241,-0.08155455880560258,0.05237832234261168,0.16104387475443285,-0.18985211682161537,-0.0050907240391199
2.8461633827796766,1.5287339687846462,1.2624726046781127,0.32773937340067055,-1.1657294859843113,1.1259264267533295,-0.7583499058798023,7260,-0.7061124362217324,0.5082799236407061,-0.6193396612967025,-0.20354279803465222,-0.1574550703613527,0.05557426070706063,0.16007373093061042,-0.1874257386331626,-0.0302986001272773
3.9166973435381416,2.4420533780811327,3.7217438322997753,0.5213290436199978,-1.2292699991384741,1.6689812731869191,-0.8550334295946669,7261,-0.7074436507624771,0.5613639909870285,-3.310069280509778,-0.20302560124127206,-0.5646256367062591,0.006199106031235932,0.15910358710679093,-0.18559547040312735,0.0179406000930256
2.3210908439023266,2.2318981308914374,3.7217438322997753,0.44518186020294503,-1.3993954304207004,1.624517247761744,-0.6906895993856482,7262,-0.7087701377794777,0.9411156222759987,1.8388670550683641,-0.20250840444789198,-0.3316584507574735,0.006193513699590081,0.16104387475443285,-0.1525256875401077,-0.0175873816091425
5.3626418045889315,2.215665638180708,2.176741412197152,0.6746978080093217,-1.3720888695756726,1.631868496720151,-0.83209354816582,7263,-0.7100918751850668,1.025608367141187,-1.9533082043945469,-0.2019912076545118,-0.5594822990242262,0.011963566259910456,0.16007373093061042,-0.14361802161027518,-0.0055402708663877
5.163858620185538,2.319783917672142,1.9638568805848076,0.6755173604497834,-1.5045511279931458,1.7639305422168585,-0.8644942683244138,7264,-0.7114088404723744,1.1523546147930976,-0.6673996444543909,-0.20147401086113165,-0.6466591241731873,0.025618189920895724,0.15910358710679093,-0.13797257999803483,0.0148184646493179
4.514483876572438,2.0439988674197864,0.8493715726068772,0.5119185254815378,-1.5341057374422873,1.5695081630987566,-0.776621705367369,7265,-0.7127210107088019,1.0210494144828455,1.5057172836767545,-0.20095681406775304,-0.4516614272172645,0.014249854155471657,0.15716329945914626,-0.12187165925575309,0.0106808080975653
1.4948507115378886,1.6153162465374238,-0.0583368754425333,0.5426000894959652,-1.5187268553646567,1.3181943282948008,-0.6668364877600813,7266,-0.7140283625293665,0.8434051630514474,1.0639919304486503,-0.2011895526247734,-0.3153056835190183,-0.010282686921383956,0.011496204312290242,-0.12850894240139504,0.0106418355955877
1.758273255404424,1.23453821885769,-0.8040982363748599,0.42934980980927306,-1.3744740850512782,1.0677292549443376,-0.7860636104995168,7267,-0.7153308721298953,0.97286801089407,1.0598219169258918,-0.11305921903284254,-0.18176749110975907,-0.025154891281886513,-0.12577914675850482,-0.13969914853692825,-0.0059230007680206
3.03489306793961,1.2679361549805366,-0.751129411743451,0.5782598274274331,-1.2811008759802192,1.1201538756767315,-0.697849311001538,7268,-0.7166285152600865,0.8326585388119272,-0.708231995377588,-0.040858546677010374,-0.26941592355642346,-0.04910045478377251,-0.16254759768135452,-0.16055934811687725,0.0055169367457959
0.6460939896725983,1.3576769556008061,-0.24489759926093924,0.4961161690982399,-1.1945171134141535,1.0964296944086884,-0.6747800052178308,7269,-0.7179212672164257,0.8445680848940224,0.5128464898789854,-0.04034134988363021,-0.20006448693660736,-0.049865633765556514,-0.1667192161237893,-0.15958031797243719,0.0063279566474265
0.6759138292615332,1.3470872843078958,-0.009186735273829915,0.44041510924061594,-1.1007681862241852,0.9527656987203407,-0.6193314068104094,7270,-0.7192091028349391,0.7675077911649605,0.599424590836105,-0.03982415309025021,-0.1214843326623805,-0.046083681500430025,0.17612961121486312,-0.17021157339377402,0.0214088395361476
0.7295588368202727,0.633522211189509,-1.3451128072167569,0.111004452313157,-1.0247997074014812,0.49937456032786476,-0.4340893240940847,7271,-0.7204919964838066,0.7447574151299066,2.2090160422653464,-0.03930695629687074,0.15687624296399955,-0.06484037950835757,0.17612961121486312,-0.1910888648887044,-0.0018148820534958
0.9858942306193806,0.7063790291081946,-1.0141596474956847,0.0531358185225979,-0.8093100090095423,0.5136926114847498,-0.20604650466727206,7272,-0.7217699220558129,0.7479586567020335,-0.2699030017094129,-0.03878975950349135,0.11832281491206528,-0.06317213811385475,-0.15037229269238955,-0.21935040412709927,-0.0097682708627091
1.2720637523908347,0.8353685683874906,-0.6101661814162238,0.025269187206319967,-0.783862807426243,0.6945922778529179,-0.16314726465476662,7273,-0.723042852960633,0.7138831687838015,-1.1188095880059954,-0.03752262735970998,-0.011214885518972408,-0.08000291070435767,-0.16007373093061042,-0.21891057423059473,-0.0186851957832032
2.1318493466099264,1.4563299094031035,0.8287001947305958,0.3045792199566169,-0.747694454302334,1.104369308838904,-0.3902904563860053,7274,-0.7243107621169607,0.8016032977626595,-2.0705710132911284,-0.037005430566329815,-0.28194075463435425,-0.09198532282423282,-0.16104387475443277,-0.20604976565312677,-0.0018710790101084
3.320203396806714,1.3687791798721554,0.4304666048200502,0.29886785110714575,-0.7918470047075095,1.113211050839366,-0.3249130342251603,7275,-0.7255736219444631,1.0163659363694346,-0.27586535111579413,-0.036488233772951295,-0.3060402407418942,-0.08739621227100715,-0.16201401857825218,-0.1801540679790522,-0.0068367274385391
2.687247878305508,1.614160371277001,0.9927689269598329,0.3978810163375014,-0.8368921101962595,1.3320726860030907,-0.6837630620613837,7276,-0.7268314043555624,1.0369584640466964,-0.8058558327450546,-0.035971036979571124,-0.4546958140590863,-0.15408523135133473,-0.16298416240207458,-0.17375358664034937,0.0104367136182997
3.559863597622341,1.3584156827064493,0.14265765929257837,0.38586455146402354,-1.043637273330084,1.1213866448923842,-0.6944566271532574,7277,-0.7280840807470405,0.9872474131218916,1.037732338808053,-0.03545384018619096,-0.31963584585069743,-0.12496273296401626,-0.17074531299265072,-0.1571594967188201,0.0026005422905448
1.97351811050099,0.9890445202754633,-0.6327250577686164,0.24578567490271944,-1.1044320507959828,0.8994762609611149,-0.737982357436967,7278,-0.7293316219914673,0.9339050507907221,0.2013805187837909,-0.03493664339281079,-0.2944060697978904,-0.13718619719319552,-0.17074531299265072,-0.1622393926799484,-0.0169144778343441
2.5339362703095567,1.3812866646271862,0.2664640188636953,0.470871786027687,-1.2262190652690943,1.1972002384409381,-0.5097578780024081,7279,-0.7305739984284302,0.9630785662141399,-1.881557906259121,-0.034419446599430706,-0.522659466859423,-0.1259946652165163,-0.16783488152118353,-0.18551378033970378,-0.0185061317362853
3.6584405072265302,1.8555133997008753,1.2780539856714779,0.5332337916408584,-1.2718774469679737,1.571709091258121,-0.4774223280713081,7280,-0.7318111798555832,1.0098631005749763,-2.0514690827416167,-0.03390224980605054,-0.7678564143158118,-0.11267293134758928,-0.16880502534500594,-0.15810281321065228,0.0034075420410812
0.8795292658702403,1.5171599337349813,0.6117514558461622,0.4624412671704921,-1.5282458062575146,1.3507161840091728,-0.5859788558628871,7281,-0.7330431355195014,1.2341869842933184,0.287418966641843,-0.03338505301267194,-0.7330943386513997,-0.18765373133487318,-0.1697751691688283,-0.1253252938021392,-0.0066787409341484
0.20788152662931106,1.6589496252221314,1.2350860967263881,0.5293073896398389,-1.515756430243121,1.4480540504699764,-0.7701814645547782,7282,-0.7342698341063254,1.2216277291899142,-0.7892455323307979,-0.032867856219291766,-0.8238662574570577,-0.17033155855753224,-0.17074531299265072,-0.1282762908709447,0.0161443495190032
0.8727882937743469,1.134319574369145,0.12068040890557269,0.2769554472519571,-1.603497896339973,1.0692583802823927,-0.8996532186976954,7283,-0.7354912437322082,1.305003313343932,1.646848246879409,-0.032350659425911685,-0.6259883054383373,-0.2530165172002064,-0.16880502534500594,-0.12395569860866176,0.0033644859946735
1.3186254919633094,1.1574672687918028,0.28836526102520765,0.32004868375785306,-1.6094710349620833,1.0293426860681671,-0.8004848278264685,7284,-0.7367073319335484,1.1624999949690307,0.28276225600825966,-0.03183346263253152,-0.5873499685344017,-0.23304324347368116,-0.16686473769736412,-0.15852332071318606,0.0230253349696299
1.7830926553372246,1.051029447096327,0.09125856406708543,0.25507449070930094,-1.5706312045359565,0.8769306202748006,-0.7236266047393471,7285,-0.737918065657004,1.1515337632088636,2.3813402885220727,-0.03131626583915135,-0.28547259469677855,-0.24011828974006555,-0.16783488152118353,-0.16628747467520688,-0.0021851552496342
0.9257555116529465,1.1101946119894768,0.3657332138154453,0.2873836500664681,-1.3821795309131892,0.9476876577343609,-0.48392617065572224,7286,-0.7391234112492953,0.951507819126275,-0.309533664664075,-0.030799069045771267,-0.32002403917655947,-0.24775432486048998,-0.17074531299265072,-0.18476672381767215,0.0060953354550836
0.14637668913519802,0.9658955695277398,0.2306586199511644,0.16527641489387174,-1.2916545014065242,0.7861386580295391,-0.5377065252712389,7287,-0.7403233344467651,1.0349513429846502,0.5744188611016274,-0.03028187225239266,-0.21257391497713737,-0.2303573154998735,-0.13970071063034925,-0.17901987431228422,0.013241429245046
1.2765694233116656,0.6405181250074008,-0.38281845506547774,0.028064478575581683,-1.0671257337311055,0.5697129355783974,-0.35218197204860685,7288,-0.7415178003647208,0.9153954226319558,1.3372241394333786,-0.029764675459012492,-0.06592962690553432,-0.23707760006785494,-0.1406708544541716,-0.1967259006893459,-0.0324024346365479
3.0610836171419207,1.497146810516373,1.3630115471166382,0.4621648639078933,-0.8943598950014111,1.212915587103674,-0.08019441965169119,7289,-0.7427067734865214,0.7798659212759551,-3.534667818088766,-0.029247478665632324,-0.5228633905949134,-0.19948414531300995,-0.141640998277994,-0.22405686584529289,-0.0015171137120161
4.291885566580384,1.5852507127710929,1.149626879363216,0.3841358284932021,-0.7257203032314619,1.2830411339474364,-0.11224064941055496,7290,-0.7438902176524378,1.0720642980013855,-0.23834767344098975,-0.028730281872252243,-0.5482265792807401,-0.18861435505072022,-0.14261114210181636,-0.1745213207307416,-0.0232359918883625
4.53783655624966,1.9880614985387575,1.7859446519385638,0.6444722465736964,-0.7688658947614524,1.5977122721865331,-0.535593967027066,7291,-0.7450680960482454,1.1102742801378447,-2.556555445354419,-0.028213085078872074,-0.8693028133333924,-0.2303187958811221,-0.141640998277994,-0.17137716372319295,0.0018970293070657
4.373445593793315,1.8677387498057771,1.0713272753858574,0.5098097528837736,-0.9079028982720675,1.4970189390030406,-0.5568389034553373,7292,-0.7462403711935646,1.3965597575674216,0.12616059068199767,-0.027695888285491906,-0.8507776506741475,-0.19137663035507715,-0.1406708544541716,-0.14042853926657733,0.0002272122859618
2.7399085335049214,1.6906047006980778,0.588049191249166,0.5313590037538176,-0.9870502674010437,1.428652864061869,-0.8058694763016934,7293,-0.7474070049299392,1.2972150340618835,-0.05201732153179598,-0.027178691492113303,-0.8603519378985426,-0.226290578879256,-0.13970071063034925,-0.1440718324281826,0.0050353995331597
1.8042131337557306,1.6290216507843747,0.5684717673031261,0.5855155843802352,-1.1307982499226805,1.3971254817983756,-0.5448447268366107,7294,-0.7485679584086377,1.3651057225251122,0.4611406503544407,-0.02666149469873322,-0.7955039561235102,-0.22035674309511114,-0.141640998277994,-0.13975394356189424,-0.000339034256486
2.1402960208989263,1.466863401512259,0.23017476463060418,0.5193668200472956,-1.4069773556461695,1.3405769436210786,-0.5334293114975084,7295,-0.7497231920781754,1.2902258777206643,-0.11264542291397729,-0.02614429790535305,-0.8029442987582227,-0.22720085269281165,-0.13970071063034925,-0.1384473846607367,-0.0184647850478759
2.1315909773961255,1.6587743427009596,0.8042364808711047,0.5330209905537445,-1.4647538917112914,1.4779854746943701,-0.6300500309592051,7296,-0.750872665671555,1.3522297590597674,-2.047308262674955,-0.02562710111197288,-1.0643281197661278,-0.2041513904552585,-0.04792510489679971,-0.13717549672599444,-0.0196183819202369
2.7486102225067595,2.225448375328604,1.595624754768696,0.6606309822872649,-1.6495076694083548,1.8055763084840046,-0.7697953789935125,7297,-0.7520163381932076,1.5228137553334382,-2.1704498124477323,-0.025109904318592714,-1.3435170408400903,-0.23446293929266854,0.0276976061701154,-0.1257303780197586,-0.001096491590495
2.7990218663593502,2.4281459544584454,2.115695043423775,0.6931868416801313,-1.7506857440011026,1.9131197782519502,-0.855809385468031,7298,-0.7531541679056378,1.6441950402118164,-0.19333947698445006,-0.024592707525212632,-1.3472540742170798,-0.25927719877666566,0.03080206640634585,-0.10413556869499715,-0.0149756936549343
4.4638606231443045,2.4214010137730138,1.8560634324940815,0.5970401931318019,-1.8173913095663061,1.935938142340171,-0.8873627366558704,7299,-0.7542861123157464,1.6460210540950568,-1.674792956364284,-0.02407551073183403,-1.551152061028412,-0.3157332971637605,0.03080206640634585,-0.09144016044735945,-0.0162779592364067
5.889790536702943,2.425110731150001,2.7004241723956977,0.7621776965537489,-2.0129272829541662,2.2061517722670265,-0.853566309028568,7300,-0.7554121281608533,1.6451993478475984,-1.8138369960191074,-0.02355831393845386,-1.4593979669633124,-0.29365189410324627,0.03080206640634585,-0.08175756979669821,-0.0204895516186732
4.8346796841216655,2.719907782398882,2.97052790547958,0.6537292170755362,-2.119387749606316,2.084555638799941,-0.8844170829240646,7301,-0.7565321713943726,1.7508012595051852,-2.2633084080948267,-0.023041117145073692,-1.6637850557805283,-0.3421921510168142,0.03080206640634585,-0.08081862749280265,-0.0264229329592091
4.185525900659431,3.135453913601804,3.4438699571201528,0.8527255416193213,-2.488786752737855,2.3246748076487322,-0.8935725727394438,7302,-0.7576461971711673,1.8723536024745198,-2.896612699609004,-0.02252392035169361,-1.8998187642520084,-0.34824586959068815,0.01261186970968505,-0.0679958672469818,0.0394497401354613
5.218924910513789,3.285436780366239,3.402368015006543,0.6634616675603955,-2.3225572013286624,2.280273141372431,-0.891911382833173,7303,-0.7587541598325555,1.974528260699433,4.164973304011654,-0.022006723558313443,-1.7615580453911026,-0.3455216962324449,0.018432732652616406,-0.06638901071072428,0.0076773089079902
5.441766150060448,3.188652433422604,2.625553711765891,0.7914676928994365,-2.3955990220527767,2.317874393803277,-0.869053574687652,7304,-0.759856012890951,1.9979194122932014,0.7429706215731722,-0.021489526764933275,-1.6579370079436377,-0.11820334207498141,0.01164172588586271,-0.08995257735812746,-0.0012899582985457
3.524172221889486,2.869467875905338,1.6013109241220942,0.9052571526702002,-2.3149775054305737,2.1853069325691092,-0.8789754145522178,7305,-0.7609517090141578,1.839714458547217,-0.21406851466080157,-0.020972329971554755,-1.6779712685695267,-0.362573692184391,0.010671582062040288,-0.07858148005566966,0.0087588292671421
2.3589666052506266,2.309383941403454,0.05402004380198596,0.8491971812024421,-2.418625063833197,1.8284363312011922,-0.8780351531498226,7306,-0.7620412000092727,1.900498943482138,0.8586408138086998,-0.020455133178174587,-1.5747434755211696,-0.37004081083193247,0.0727607867866432,-0.07722661483669618,0.0010403332583159
2.8017182204604203,1.8913530635580849,-1.01462287636047,0.6183744359413095,-2.2973333159599263,1.6099219097612127,-0.8341061881392411,7307,-0.7631244368062188,1.8069565763828201,0.03485027236513921,-0.01993793638479442,-1.5635650231263665,-0.3724242456815611,-0.29298343479420885,-0.09097727176749588,-0.0238628189786912
3.86757010855027,2.309363294503509,0.22461804256468176,0.7428848024091904,-2.0987383604011485,1.9083013057653755,-0.8767536856763759,7308,-0.7642013694408654,1.8671260916879,-2.6234951942207068,-0.01942073959141425,-1.8853499476248379,-0.35559422326211115,-0.2726104144939477,-0.09634801107882436,0.0334957619526148
2.9977020180994045,1.5364630631919933,-1.889359262478473,0.634198679042506,-2.1134288491674345,1.407194397198814,-0.8214287894649491,7309,-0.7652719470377618,2.095519498440001,3.4988906576879266,-0.01890354279803417,-1.4585007652627973,-0.3400614021527231,-0.27358055831777006,-0.06948841588521702,0.0078846230737308
1.6823846894864143,1.5382571092593076,-1.5231374197635297,0.5490946789805328,-1.8992475492333674,1.352268961826245,-0.8454735208593318,7310,-0.766336117792436,1.7268976949940251,0.7651777095722481,-0.018386346004654,-1.3714947759444798,-0.3140352833987339,-0.27455070214159244,-0.11339629095171198,0.0093953927844272
2.0272684259765037,1.3608912953936632,-1.7127386143052457,0.5246661084033847,-1.8516051579269746,1.244524314757527,-0.8229667379123338,7311,-0.7673938289532727,1.6775497278090015,0.9264457250448814,-0.017869149211275394,-1.248744375264138,-0.30258630620388993,-0.2755208459654148,-0.11943297669544033,0.0046734431479786
1.4012594546616044,1.267007643862759,-1.613819232882127,0.46443456682595535,-1.8001188412534175,1.1437799052824444,-0.7567071878337752,7312,-0.7684450268029459,1.5706493444592653,0.4222888515525168,-0.017351952417895226,-1.1987932495966285,-0.27801845643919576,-0.27649098978923425,-0.13039716640377402,0.0035275418680627
1.1307705888576733,1.175245790399556,-1.50413899278238,0.4020545230176891,-1.592172568825005,1.1051061169554819,-0.7878407849048139,7313,-0.7694896566394024,1.5027801745764793,0.2999890451923498,-0.016834755624515144,-1.14314940972152,-0.22789585630424677,-0.27746113361305663,-0.13339525229799293,0.0003862793563402
0.5979108758292825,0.9272731370565598,-1.7298917247056802,0.3887040753766202,-1.4920527148859213,0.9319877871982174,-0.786380383306707,7314,-0.770527662756365,1.41308881055839,-0.03524805658418507,-0.016317558831134976,-1.1418310713693203,-0.22546069736749752,-0.278431277436879,-0.1363040035724007,-0.0061008573657478
0.4028096808311996,1.0923850449567083,-1.0062414985389643,0.3993833868106515,-1.2716397208998536,0.9731159019987909,-0.7527669256143837,7315,-0.7715589884233715,1.4424728433768126,-0.7276375036196134,-0.015800362037754808,-1.216163308022714,-0.23791808477712206,-0.2794014212607014,-0.14768411678168447,0.0114607614361482
1.041152722513988,1.002878619064162,-0.9707967900406185,0.339114341347321,-1.2590088870712275,0.8201120896512817,-0.7844098100530261,7316,-0.7725835758653078,1.556258106625238,1.1468664870421952,-0.01528316524437464,-1.0777013152861388,-0.2523876698009539,-0.28037156508452377,-0.15218207339455977,0.0024198196385099
0.14016423043538104,1.0849157818814226,-0.47537552335483657,0.38573769186665896,-1.2060912355866609,0.8834687242416512,-0.7613158511406541,7317,-0.7736013662414333,1.5150364034437085,0.18180675172828853,-0.014765968450996121,-1.0520723219670154,-0.23011632688515193,-0.28134170890834614,-0.1709485680836919,0.0075867884117335
1.5788919781501014,0.8994588339245737,-0.777286113856766,0.3247732166133879,-1.1901288020954326,0.8034541625055934,-0.7164709039897147,7318,-0.774612299623886,1.3685846267295443,0.7333848837830753,-0.014248771657615953,-0.9539367749972717,-0.22099818794895237,-0.28231185273216564,-0.17066995965212312,0.0133100090944063
0.5778821954805421,0.849818099839973,-0.6615263818194266,0.473232661201477,-1.0927103885808322,0.7301605877474334,-0.7585856060633847,7319,-0.775616314975646,1.3413696211088986,1.3443142222593547,-0.013731574864235785,-0.7788540774457526,-0.2214859459338826,-0.283281996555988,-0.17796357998048262,-0.0135104705822131
1.5789175267496902,1.4136023155970365,0.7921233893390578,0.7147271727430704,-0.8458577502878336,1.1371373915875884,-0.6159564849142442,7320,-0.7766133501279473,1.2387369667083286,-1.5184373268305433,-0.013214378070855704,-0.9786293849243778,-0.1882163398429355,-0.2842521403798104,-0.1877008517699359,0.0020923685561069
1.3886399752547562,1.1713251438426648,0.291964006247418,0.6402628523198506,-0.79568255681867,1.001636759201074,-0.7251687625367401,7321,-0.7776033417571098,1.3943196748806743,0.14697937315396647,-0.012697181277475534,-0.9528001628665567,-0.21793954514239222,-0.28522228420363277,-0.16175117937121647,0.0005314904947106
0.34928417941910817,1.051727079343374,0.2101473677483024,0.37890858297310176,-0.7431298774883925,0.9103901363959163,-0.6701504487448958,7322,-0.7785862253607931,1.3286285822653476,-0.01964049735337302,-0.012179984484095366,-0.9381352953321198,-0.22128719857307308,-0.28619242802745515,-0.16126728944435983,0.0084613926751899
0.39293868642398877,0.7743649099867506,-0.2374915090932917,0.42690272966177584,-0.7463951231451769,0.7224225791303533,-0.6053771519189219,7323,-0.7795619352336438,1.3817939998895679,0.8269671422430115,-0.01166278769071676,-0.826108861171752,-0.2166172086138414,-0.2871625718512775,-0.1743836863493445,-0.0076002707172803
1.3278862298893326,1.0463797000595725,0.44934688948469254,0.4610746610326043,-0.6851887564753276,0.8890642064964032,-0.5658058396871445,7324,-0.7502404551951962,1.332365824400408,-0.8875082664189436,-0.01114559089733668,-0.9386864972411461,-0.20211644513376295,-0.2871625718512775,-0.1914118081569451,-0.0013269639033557
0.6016101040194965,1.0942965177540809,0.7039579249221906,0.46297114161506814,-0.7548518851091774,0.892622668840999,-0.6178781090603098,7325,0.6037588855237933,1.3907112877970427,-0.21793963710273923,-0.010628394103956511,-0.9626702293615657,-0.24026925748177358,-0.28522228420363277,-0.17288907299360184,0.0158308338545419
1.0344829983125334,0.8171388113514657,0.14997545073540025,0.32699577472597713,-0.7843383250557608,0.6893953035827083,-0.5025002798557304,7326,1.7093867513203311,1.396194534882602,1.6133371876363733,-0.010111197310576343,-0.7537654374497903,-0.21291769835053556,-0.28619242802745515,-0.18463922903969643,0.0087824201911828
0.6439457463536129,0.611671978344203,-0.1749725009007762,0.11903808126915058,-0.722143917459648,0.5127362367011412,-0.4123616158788411,7327,1.7093867513203311,1.4079810368861216,0.8609822364907923,-0.009594000517196175,-0.6383198991079524,-0.19730178385721311,-0.2871625718512775,-0.19149239981948288,0.0004816065051538
0.7131879921318829,0.530545435197202,-0.24345928658839203,0.20036150589857682,-0.6411844069525254,0.44853976805852613,-0.309486396564281,7328,1.7093867513203311,1.3142003957165889,-0.02490995274509721,-0.009076803723816093,-0.6304378171843128,-0.20822084530647486,-0.283281996555988,-0.2098000451210556,0.0070354735817543
-0.037579130217507924,0.4532348646232823,-0.25083558966706526,0.1532727472618291,-0.5361951825872654,0.3601891667882101,-0.1245475363701409,7329,1.7093867513203311,1.28189657435083,0.6746279980996066,-0.009594000517196175,-0.539854934072535,-0.18270518146734718,-0.28522228420363277,-0.21487664173836227,0.004191792982144
0.17002615142292182,0.42281309154764507,-0.1912745376099502,0.2323258208554182,-0.456144296535075,0.3334329642636227,-0.2936844843207638,7330,1.7093867513203311,1.1974210306585342,0.3711326009626527,-0.009309542280837125,-0.47784098855355617,-0.1850742920916346,0.01624990904901726,-0.23132321431865918,-0.0013181987827646
0.14220803697064668,0.38697954908427634,-0.15096149911314832,0.16532240218486918,-0.3571673830959118,0.29581904650601615,-0.07318286637340589,7331,1.6766970214313306,1.227784807031262,-0.21710572068263245,0.007990690457719215,-0.5144363672733514,-0.19589587188899069,0.015813344328297167,-0.23970681621453366,-0.0095328884451104
1.2344204524171953,0.5728921748337573,0.21468830528237665,0.2282501258352264,-0.201665167964932,0.4320981770629642,-0.3715559590862269,7332,1.6694189460478925,1.171910795218009,-1.093957684388207,0.02172226532195509,-0.6523949514640016,-0.18706567710501387,0.015376779607577079,-0.2464783160966111,0.0012215889669111
0.5214794525127562,0.4503277444152515,0.0388829450133323,0.15446937663051694,-0.24164490534844388,0.374513343889047,-0.35944061184015536,7333,1.6621902921520664,1.3915493761336668,0.054020099627510546,0.02172226532195509,-0.6476207787111306,-0.2135186280115678,0.01120516116514262,-0.23034177059289793,0.0005545901566037
0.33236340171881656,0.49705590661181376,0.21036845715129152,0.1747453681976536,-0.1446914517129676,0.3654114683189756,-0.2690559265933807,7334,1.655010651149944,1.3304805051230355,-0.017237148851466794,0.02172226532195509,-0.6423112510282925,-0.20503132576260213,-0.09628677451432242,-0.2338691157434741,0.0128593601221716
0.03918809911437083,0.3951707418287088,0.10261322873113896,0.11417685169150653,-0.15942472325805884,0.2769836747436518,-0.010857594016682718,7335,1.6478796206486597,1.3347073116135588,1.2960959362158486,0.02172226532195509,-0.4641373916073145,-0.21200771925512857,-0.22745021949503944,-0.23447441134885127,0.0032469898190392
-0.10947740784110054,0.4362349294928157,0.2749029956658474,0.14540739138185949,-0.13584840843783932,0.3075132910434492,-0.07699984630575306,7336,1.6407968043568815,1.1833904011662453,0.2700862527312392,0.02172226532195509,-0.42278235492756394,-0.19245515946331343,-0.2284203633188621,-0.23840400918257573,-0.0022182623972247
0.7328701734891451,0.5430557112822563,0.5067095523414993,0.1971785251195092,-0.10783295292319364,0.3864703082229058,-0.17709275030458946,7337,1.633761811987544,1.1017255526369156,-0.3132741553390457,0.01885182311869615,-0.46579230163548596,-0.1717638586630989,-0.23380466154107302,-0.24782039157898872,0.0108972957781397
0.2042944091173434,0.296313653644596,0.08819879282021091,0.03155644510226084,-0.06756516299189738,0.2010399793919422,-0.34454944430648426,7338,1.6267742591626855,1.0331938480257619,1.086688118240745,0.018334626325317547,-0.3144379479595061,-0.1639831830926763,-0.2648492639033716,-0.23581669555093945,0.0017305405889327
-0.24687092952756368,0.2903919327821421,0.16071273207191283,-0.04362334916295883,0.08904218112855036,0.19412695652658035,0.12877682575049265,7339,1.6198337673204646,1.0148313488386869,0.10824929015535659,0.01781742953193738,-0.2975855926957094,-0.16748448709936647,-0.265819407727194,-0.2510821272085642,0.0020154758918522
0.21445786082205015,0.12832648302298397,-0.0849233287094437,-0.18626924147062052,0.1508031778428947,0.054962585036463285,0.16397132873624462,7340,1.6129399636242252,0.8708474437147996,0.13866356954333128,0.01730023273855721,-0.2767071401951027,-0.1453266468767411,-0.25223739419368946,-0.25184237955296235,-0.0035559068274547
0.1561844716995918,0.21086632861019844,0.10864251986144939,-0.20103527728943965,0.17234233928037146,0.12960360504719484,0.0635573665229231,7341,1.6060924808735049,1.5377083401935494,-0.4560842980067331,0.016783035945177216,-0.3330774553650522,-0.12766314488780375,-0.25320753801751184,-0.26085283791327357,0.0061999854081813
-0.12193123461118244,0.03218667613074125,-0.14373579247314947,-0.194390561170971,0.1658129063711988,-0.02480834848497505,0.05357514637100946,7342,1.599290957417095,0.857336524130212,0.5852086305813806,0.016265839151797048,-0.24489204202530876,-0.11795779794878593,-0.25417768184133127,-0.2605521929344061,0.0013613242224013
-0.22575362540709284,0.2844747298466386,0.3630925849309584,-0.23151062974733902,0.2445609449476427,0.09425929998093474,0.6915675869288479,7343,1.5925350370680436,0.7458548302639787,0.06874159663501385,0.01574864235841688,-0.23197353228486242,-0.10850253472002247,-0.2551478256651537,-0.2752929046163333,-0.0007155123052268
0.26554026202326203,0.34458774402778297,0.49875266938743784,-0.11326295088265997,0.21844992046661518,0.16023539310265467,0.5316376299304485,7344,1.5858243690204104,0.7558291811284735,-0.1529244019988365,0.015231445565038273,-0.24861677695434317,-0.14074872055246565,-0.27649098978923425,-0.2776503070741466,-0.0004296146194697
0.19987811772818112,0.2566364756544946,0.360232627277924,-0.12571282677156742,0.1826714960914884,0.09212725233439484,-0.20795994537897558,7345,1.5791586077679607,0.7683505390626058,-0.12240146987443352,0.014714248771658105,-0.2617191782387581,-0.13559508234898363,-0.27455070214159244,-0.2661369849756594,-0.0018624644165476
-0.02978591315999248,0.27195997022877244,0.4268691046049333,-0.09846891834473687,0.23456934429826784,0.1165615278972328,-0.1391370576717977,7346,1.5725374130246503,0.7006932783392005,-0.2753295950129926,0.014197051978277937,-0.30834237369760914,-0.11034495473487645,-0.2755208459654148,-0.27177751243209,0.0062437204621224
0.14018385377315806,0.04424153912579444,0.046811442772237435,-0.3636727617690847,0.19658926826329962,-0.04223311665234156,-0.014326713061193277,7347,1.5659604496467825,0.7259805962912933,0.5899204510321895,0.013679855184897768,-0.21244321715619224,-0.11180441539825223,-0.24835681889839992,-0.27379046261627094,-0.003637400875559
1.1881439920248618,0.24396678542620753,0.32308823232343703,-0.2546824012067921,0.2068987421977623,0.10118456134365164,0.09994448644099177,7348,1.5594273875569775,0.6376593756934146,-0.4647582452831943,0.013162658391517774,-0.2747892455774155,-0.13477914422940973,-0.23865538066018205,-0.2850284483358733,-0.001360057420621
0.31328185489824995,0.26475890681307684,0.37726616515951134,-0.17518579066965115,0.15943905444033635,0.12767815590955117,-0.013122916284275718,7349,1.55293790166972,0.7196343459653235,-0.2216566475963793,0.012645461598137604,-0.29648730625061925,-0.12623428009948504,-0.23962552448400437,-0.2788176733691448,-0.0060569135487127
0.5074249995532686,0.45286256921742707,0.7344772026321101,0.013609204970341656,0.1589360872572044,0.2576446795003089,-0.3425793927319934,7350,1.5464916718186228,0.697688403949579,-0.723026657216082,0.012128264804758999,-0.39737673377002547,-0.1194070855132178,-0.2405956683078268,-0.27382791283419583,-0.0083654849846099
1.015701109708247,0.6125397802507646,1.0066661091860536,0.11330503880990653,0.04277287511667604,0.3808587416205573,-0.5475725468735769,7351,1.5400883826852045,0.7896874709076206,-0.9695144134503523,0.01161106801137883,-0.5209648170379279,-0.12673040922452875,-0.24156581213164915,-0.25823799583272533,-0.0019999272707086
0.8369014364456047,0.5105376660090752,0.771445796286949,0.11525146169713266,-0.015879740657764006,0.3386435182710584,-0.5143961812968109,7352,1.5337277237293134,0.8380161653736565,-0.29004488887438185,0.011093871217998662,-0.5565972466413724,-0.12311490602890526,-0.24253595595546865,-0.24138642519111667,0.0145012020854245
-0.09230343164885182,0.18646804024472777,0.20534875135903616,-0.09076542976447075,-0.1172031686767711,0.09572991460498637,-0.7313806592236293,7353,1.5274093891210359,0.9513297724969502,1.4712772568393084,0.010576674424618494,-0.34915302578705854,-0.12983430997630369,-0.24350609977929097,-0.2368586295829108,0.0037710099045826
0.26540315140121334,0.0808398012397574,0.04071265622908775,-0.17017542996392124,-0.07025520881770127,0.016098101514325596,-0.06551093755822114,7354,1.521133077674132,0.8116427113035433,0.32601234612897145,0.010059477631238326,-0.3362600624180215,-0.1200712664426292,-0.2444762436031134,-0.26388251318846556,0.0066191996377469
-0.10415692258209623,0.012754831367993219,-0.031479349746754225,-0.203234714777825,-0.060582961564532,-0.05471135313665762,0.24602237231088384,7355,1.5148984927808558,0.7657044324761321,0.6299640490356553,0.009542280837858158,-0.23896769784429825,-0.10883363868267669,-0.24544638742693572,-0.2690396272901801,-0.0006397954211457
-0.1350202097734824,0.029529304380689445,0.03786128198522808,-0.22298644638240397,-0.09425330553026859,-0.06146184217063077,0.4089225230022129,7356,1.5087053423482861,0.7647978790317987,-0.1448349069822558,0.009025084044479726,-0.2568369754528764,-0.08249379927786935,-0.24641653125075808,-0.2765358514058935,0.004940573959012
0.05647780313874724,-0.08744942609953643,-0.12950587426818033,-0.2060177770517212,-0.011490593301137258,-0.13219041393085942,0.01761986876510519,7357,1.5025533387360746,0.8493455369211088,0.4508141508093148,0.008507887251099558,-0.18807368481300019,-0.08043464332342823,-0.2473866750745805,-0.273959268008422,0.0036258929206729
-0.0024790149970750595,-0.04628869932154206,-0.03573976697220427,-0.14655766151254987,0.13378952942465971,-0.07500512110368558,0.30616092676501744,7358,1.496442198695479,0.7976000173564513,0.31048980751713967,0.00799069045771939,-0.13800660231830744,-0.0767469361602108,-0.24835681889839992,-0.2827654003507802,0.0002479367237742
0.49839541232025764,0.04006217178203467,0.0954552413505653,-0.1128152660370874,0.1678555596655946,-0.004576243362589617,0.030395264798467683,7359,1.490371643309805,0.8420627858744362,-0.05005513843936814,0.007473493664339221,-0.14510111896202557,-0.0664951641703633,-0.26193883243190735,-0.27101296723886775,-0.0030099148956699
0.674179919205258,0.10596310551913454,0.1813162619997079,-0.10763279387916724,0.17307853343571403,0.04615025398387776,0.1361183800038409,7360,1.4843413979361453,0.9614159024576329,-0.3978392340192011,0.006956296870959053,-0.1942292759952879,-0.06183295735362776,-0.2629089762557298,-0.27096596626216,0.0112946190961505
0.4410287602918119,0.05328307196105148,0.08647061629340573,-0.1920441524474531,0.20104263419487295,-0.015650149925090315,-0.18922395954128307,7361,1.4783511921484085,0.9213173534362976,1.1289557317647807,0.006439100077578885,-0.0377334387455104,-0.06393095042115873,-0.26387912007955217,-0.2645217964188334,-0.019246303605698
1.1105446949823845,0.5900459444497896,0.8582000708009084,0.29503179604749724,0.24071165504473294,0.39474786828417324,0.4619554217557641,7362,1.4724007596815618,0.7602445625798057,-2.130943300289535,0.005921903284200279,-0.32872693143213294,-0.05329038523346054,-0.2648492639033716,-0.27504039941804187,-0.0007520144521111
1.5152053522494382,0.5614707161946376,0.7305760633205121,0.23454142640534104,0.16339050952084305,0.41213780855015975,0.1140268183222125,7363,1.4664898383772482,0.7827391152108862,-0.15683200538197956,0.005404706490820111,-0.3461669377112927,-0.06594940666749845,-0.265819407727194,-0.2418481917648916,0.0074541286208667
0.742576527921972,0.2503000656030996,0.1260157022021512,0.12042901740037781,0.09296203500713074,0.191113229160731,-0.6057215106511968,7364,1.4606181701304108,0.8508160770719605,0.7190763685241841,0.004887509697440116,-0.24503137829866062,-0.06482617656962988,-0.2726104144939477,-0.23151142909211053,-0.0052290837721977
0.8769159083587309,0.3387253277642008,0.27608362194808916,0.186477903501878,0.0827509329922403,0.2637838521434077,0.13831086537377288,7365,1.4547855008372697,0.8276361375652684,-0.6347309683796076,0.004370312904059948,-0.3192329038309001,-0.0508171410308021,-0.27358055831777006,-0.24148196325830068,0.0037904523594012
0.4560506980416728,0.20277984046493663,0.050678427630821886,0.03255330319046936,0.01518947230425503,0.15752967908849502,-0.11650952864146315,7366,1.4489915803444156,0.855600690258186,0.3281168212988295,0.0038531161106797793,-0.2709836963571895,-0.061578920395236554,-0.27455070214159244,-0.22597392215646384,0.0063054398431661
0.16453337135635726,0.06695961908203411,-0.14225060710919418,-0.043323653910143395,-0.030348963673747717,0.04693904981616551,-0.2902696279231072,7367,1.4432361623989927,0.804818825594255,0.5965840739215175,0.003335919317299611,-0.17580312280650537,-0.07032251962678221,-0.2755208459654148,-0.23444198730336044,0.0118592465943357
-0.28050709583942646,0.008410518862411278,-0.1730567186924971,-0.15447040232995962,0.03764780437229677,-0.02831486685813827,0.06023935277197123,7368,1.43751900460002,0.7564585489438708,1.1895296173641372,0.0028187225239210056,-0.08285636235326932,-0.06339253181153418,-0.23909194538090237,-0.2506144570848644,0.0004898018421251
-0.09601486664358952,0.0008997600064293238,-0.13380138832851082,-0.15368278402328586,0.10803248332590912,-0.010682996763902847,0.06159259999729368,7369,1.4318398683509135,0.6646724384086886,-0.024010631951385766,0.0023015257305408375,-0.01271370364590953,-0.03609031912712073,-0.1911668404841012,-0.26060479997515495,0.0015735915732202
0.09541533425945013,0.07241336172289387,0.022105831809201965,-0.21544506323391915,0.14525091849734725,0.009047576626846625,0.12097857505087273,7370,1.4261985188128832,0.6427192855081951,0.09153582961736036,0.001784328937160669,0.014521590639902266,-0.02116143800718104,-0.1527491450607544,-0.2536598155699512,0.0026534460373028
0.18356155139922656,0.042329073879510945,-0.0038480847492067,-0.29323933667331414,0.20339762499357325,-0.024094992177058194,0.38005137639511316,7371,1.4205947248595774,0.5891233783162245,0.20675458541188904,0.0012671321437806742,0.004553105086529259,-0.016660917265545555,-0.1527491450607544,-0.26310039563329485,0.004840169966787
-0.3070479892786062,-0.10081127939910618,-0.1874670366849451,-0.42601455783817277,0.26007726452438606,-0.11685558181655699,-0.3702880399365543,7372,1.415028259032613,0.5557534151342003,0.44015101928169875,0.0007499353504005061,0.02895361575746529,-0.0140850636739583,-0.1527491450607544,-0.2607553219121857,0.0007623799053069
-0.40420246178433017,-0.032831283867927614,-0.02508098031160004,-0.42048902813048283,0.33878504030230405,-0.06822804454070851,-0.1354911210671659,7373,1.4094988974982707,0.5707698985661113,0.004897868490456655,0.00023273855702033775,0.11643082697478957,0.002544825715542101,-0.1527491450607544,-0.26707989247668323,-0.0051248310660785
-0.04260288686014127,0.17441256792834783,0.3583928132785954,-0.21169103530082747,0.36278606558487986,0.08844718410441381,-0.3345845240710755,7374,1.4040064200049984,0.5672738810251382,-0.6234473687386457,-0.0002844582363582678,0.01795036618509585,0.023175368299121053,-0.1527491450607544,-0.2725702998528682,0.0034109497866154
-0.4134335096308299,-0.010426681995567275,0.08473364874286228,-0.3688597947882351,0.35040510891301985,-0.0465134370565102,-0.5329039964397089,7375,1.3985506098421085,0.5946004420045397,0.28767427039699855,-0.0008016550297384361,0.003288403541878087,0.015214824382828625,-0.15813344328296566,-0.2516769248646927,-0.0002774984177402
-0.15032101215421279,-0.06332388908173259,0.02513618064841213,-0.4223051135081418,0.4743717102758695,-0.07545408434804543,-0.168462176908483,7376,1.3931312537992173,0.5951363029465986,-0.10604459445493288,-0.0013188518231186043,-0.0014742770859958072,0.03584675634721385,-0.159103587106788,-0.2568708106665269,0.0067658999794144
-0.2634406412818733,-0.25372671319539547,-0.24177328858850755,-0.42434530788965874,0.44267738787688893,-0.25013660559716877,-0.004119951913406953,7377,1.3877481421268376,0.6294978305073192,0.6457220916172471,-0.0018360486164987727,0.09376487702955173,0.017141453633152375,-0.16007373093061042,-0.2631675726159186,-0.000654811340363
-0.5103323690659334,-0.19532110716645973,-0.11399897785532534,-0.498432950071104,0.46759564649527147,-0.23477583511586717,0.5150365821827698,7378,1.382401068497738,0.6338233336659772,-0.14636990640754163,-0.002353245409878941,0.07862994241476194,0.030324641471566757,-0.16104387475443277,-0.2608679350698658,0.000655240399207
-0.5741032600174806,-0.22106713823667767,-0.11571325451048732,-0.4832441966593403,0.42461900933928826,-0.24759358070186085,0.30346978378243555,7379,1.3770898299692595,0.6677354372192862,-0.006449889852068121,-0.0028704422032589357,0.0809727228964574,0.01924503403454929,-0.16201401857825218,-0.26203062097326524,-0.0024469258888555
0.1118078196739013,-0.14166575608740695,0.005414009869475264,-0.4388636012556986,0.4409975000705681,-0.1701793420929736,0.2325461645093464,7380,1.3718142269465932,0.698970555252298,-0.3376490546130039,-0.0033876389966375413,0.04063821706312847,0.024085930830954765,-0.16298416240207458,-0.25636581421582133,0.0019692518757701
-0.2521512720774124,-0.2372121286250963,-0.12192420564593694,-0.42670816288307833,0.4204496915630359,-0.2250273474025841,-0.14452304408466518,7381,1.3665740631468657,0.7186569827026339,0.13369285920016175,-0.0039048357900177094,0.05932847974413447,0.019199839858780862,-0.16395430622589693,-0.2575726941661429,0.000862009482625
-0.5477908373959763,-0.17437130992431973,0.005701363181643008,-0.44899830704362936,0.4534461633936913,-0.19143019873367345,-0.21547644755736287,7382,1.3613691455640817,0.7098969704013268,0.015576183690353148,-0.004422032583397878,0.06941409846043467,0.024431378106298248,-0.13582013533506265,-0.2575694124337884,0.0089916286607929
-0.053066897399558444,-0.2003604633593559,-0.030427841362795468,-0.5297397777742027,0.4133149651301001,-0.23090278259580294,-0.3921799490479536,7383,1.3561992844349702,0.7735091599018427,0.8832729209402225,-0.004939229376778046,0.19953201091622275,0.051084078125473165,-0.18044675123086856,-0.2659955376558919,-0.0022193388906734
-0.25847815322859374,-0.03808012855058272,0.2424640512487829,-0.45087241334629874,0.45639940332549944,-0.12032328075852736,0.36219590501132826,7384,1.3510642932056918,0.6581885137086221,-0.3133678799465096,-0.0054564261701581275,0.1599439167504684,0.05610341670232135,-0.256117969488976,-0.2651682686084953,-0.0006159532384841
0.35867581312207336,-0.01731379183814583,0.25023757086981924,-0.3781066741835585,0.41630697120429755,-0.0828336871641803,0.3742287840154558,7385,1.3459639884992514,0.6892900166982773,-0.14220320889004934,-0.005973622963536733,0.1486206232693731,0.04639407466776143,-0.12223812180155519,-0.26487717267584376,0.0046567368265984
-0.19509606968718202,-0.11518924508454628,0.10396495823690582,-0.3858522870914221,0.4306504564214001,-0.1535186791165959,-0.2966638471692404,7386,1.3408981900838008,0.8282714074944345,0.4206157782945053,-0.006490819756916902,0.21529508489727045,0.035905392841609235,-0.1775363197594044,-0.25249034709363466,0.0015677721476459
-0.5502251861698875,-0.04349658617478063,0.24751751315207435,-0.31681712876658236,0.5043413848845391,-0.07844841852516796,0.18820063405855522,7387,1.335866720841807,0.7700701643214435,0.09091848768152654,-0.00700801655029707,0.22614963603629165,0.0,-0.1959690524120208,-0.26042979318905507,0.0005104297616482
0.058905853136351105,-0.041540730729444635,0.24451520148364142,-0.21279434725304985,0.5100553288850334,-0.07850910338657546,0.2250269287662483,7388,1.3308694067398597,0.7851385932758357,-0.021928293441344768,-0.007525213343677151,0.23513811927231326,-0.002007327369805298,-0.24350609977929097,-0.2541984768137527,-0.0075164957029046
0.4460950604374308,0.2749322065029582,0.7483171601734668,0.03947860240517024,0.48979665758663155,0.13340917535790797,0.47376255768746384,7389,1.325906076799376,0.7477330980472576,-0.8787217344544183,-0.008042410137057318,0.1128694839389685,0.006468547892288632,-0.17850646358322683,-0.25169746027429585,-0.0021589390260953
0.9521529843623704,0.20320111527368628,0.5529578958557244,-0.05506060888442922,0.48131784780533343,0.09785805138068344,0.6049058635491006,7390,1.3209765630679897,0.9002613017843685,-0.3068548416051006,-0.008559606930437488,0.07458339415290609,0.006690831379507961,-0.22992408624578645,-0.23099095761460323,0.0097877601408451
-0.2753626899470712,-0.08869435283190943,0.0791977962672945,-0.29705727574311364,0.43298005828778013,-0.1142008228964638,-0.34186611780794546,7391,1.3160807005917867,0.9233594750350229,0.9682694852870678,-0.009076803723816093,0.2172702860433701,-0.022817313566988334,-0.22119279183138799,-0.2306591340625441,-0.0041152263251238
0.5259862718488519,0.39540578862892023,0.7483171601734668,-0.10173722496094081,0.3991334622260603,0.17947847103959652,0.32275125012775197,7392,1.311218327388119,0.9128147437107913,-0.5157061752220081,-0.009594000517196175,0.14214732758663545,-0.01937019822416662,-0.13873056680652684,-0.2468178178286991,-0.0166996789272418
0.9182963001607324,0.36989958123979627,0.8403069620367644,0.15675590475620277,0.357540413407603,0.23108207180120294,-0.05598997812302452,7393,1.306389284419372,0.9293346966872934,-1.8589233770081157,-0.009361261960175142,-0.11850819732906354,-0.024591670971964026,-0.17559603211175964,-0.23336094968990387,-0.00138922649331
0.9838807732558879,0.7969868425345181,1.6377181069601168,0.3496024623024283,0.2804304089965318,0.5023663569261851,-0.651670658751664,7394,1.301593415567243,0.9266458469437716,-0.22471969281691548,-0.418644944401344,-0.14798346504642867,-0.04609869072102577,-0.2173122165361014,-0.2280399599777262,-0.0030257714105929
1.633900968834048,1.1059589809612398,2.075901068919381,0.4548240272943795,0.22245925773739528,0.6664813684131572,-0.6269035441869115,7395,1.2968305676079137,1.034590001013583,-0.39944404948292556,-0.7536074476338243,-0.19890147825008714,-0.03756509263765429,-0.1882079018214447,-0.21253315665249306,0.005023372669445
2.1585817928311166,0.5054498245688274,0.43010826116304807,0.16970494170711992,0.12223625741979496,0.28775199460422857,-0.6038828910038139,7396,1.292100590187742,1.0675093820678667,0.459728163306874,-0.7541246444272041,-0.1958621468641384,-0.05064084529144554,-0.2221629356552104,-0.20059571700171813,-0.0251301631422289
2.1585817928311166,1.1332316461563465,2.2408655865750404,0.4999304506777831,0.0693209099014223,0.701567487396577,-0.36460746708527164,7397,1.287403335799831,1.0832255252313598,-2.7587990836920073,-0.7546418412205839,-0.1975337791264102,-0.04842092243171555,-0.25029710654604465,-0.20059571700171813,0.0090436519126022
0.9109255278664345,1.1332316461563465,1.1234353202294005,0.5248233946478048,0.01184812465784237,0.701567487396577,-0.5941734008772372,7398,1.2827386597611512,1.2645415631549346,0.8889342125159375,-0.7551590380139639,-0.33804049424117705,-0.061941295522167594,-0.2512672503698671,-0.19715099667831798,0.0058574452302919
0.8548631282983917,0.5784993986885075,0.48195420296393127,0.40398252020572634,-0.1454224832501655,0.416541358021988,-0.3512534318312048,7399,1.278106420190396,1.2431560264917045,0.5488625850164514,-0.7556762348073437,0.222153928539477,-0.03478790660951141,-0.25029710654604465,-0.19807409165298567,0.0092612080321892
0.5388538585799406,0.36178215792524276,0.09705091752106818,0.19510270025997434,-0.2333393576664268,0.2505152622360655,-0.31397615719089167,7400,1.2735064779864942,1.2821569225045264,0.9121743604370506,-0.7569433669511244,-0.24116750928035363,-0.020808487201772412,-0.22022264800756564,-0.20821952925927345,-0.0064650676772019
1.1709063945970104,0.48749742214315006,0.3179293926528877,0.18384868318335912,-0.3549246959163956,0.3209646765104284,0.5045920690301177,7401,1.2689386968078256,1.2373413520826064,-0.7663952668208964,-0.7574605637445042,-0.33397893250153016,0.006846257511601801,-0.25417768184133127,-0.21425750917920058,-0.0066120906499095
0.9713157808992658,0.5529762503099772,0.45014112015466134,0.17413347087948572,0.4977962576004805,0.37154568938057153,-0.15823109304183564,7402,1.264402943052022,1.2223942060908337,-0.7820318749978347,-0.7579777605378841,-0.4397804237928647,-0.003168008378958801,-0.24835681889839992,-0.21196380235692042,0.0090156715717748
-0.23399927901040782,0.29668924914169253,0.04655490366065922,0.031118926603829006,0.4977962576004805,0.17902566928162245,-0.4188967647066584,7403,1.2598990858364385,1.260348409036055,0.886078103710582,-0.7584949573312639,-0.3176125845240679,-0.00021869059547940513,-0.256117969488976,-0.20029918165882157,-0.0030714459788303
0.06128486277032931,0.2588232829525713,0.046208094695296284,-0.014390414305362541,-0.3736172224112965,0.1788606842381946,-0.04503508073672812,7404,1.2554269969793448,1.218315466499773,-0.40408122006909514,-0.7590121541246438,-0.3645728192161434,-0.0014650837265758835,-0.1998496277073074,-0.21702667302930695,-0.0122186042383158
0.9565099320461321,0.6668829000862574,0.8387416924380751,0.17512773583335062,-0.528431163133158,0.45937809337408064,-0.15747972688230313,7405,1.250986550981583,1.2581855954093923,-1.380430004781089,-0.7595293509180238,-0.5473881833972698,-0.03567062335063284,-0.21246149741699244,-0.21478872731978663,0.0022683771553189
0.14046540888456244,0.4652048036456819,0.4854052115230262,0.2643459635049024,-0.6449552022942462,0.32653438492146264,-0.3840754601451441,7406,1.246577625009072,1.3314019236782006,0.16594746911688943,-0.7600465477114036,-0.5316957778679896,-0.10118449013548834,-0.21343164124081185,-0.18985203490587327,-0.0093005164031612
0.40218071219808826,0.7753312560070498,1.1646837573015607,0.43190256739708655,-0.7218503043115512,0.5053378083274473,-0.38606286444514426,7407,1.2422000988757265,1.2426599642508138,-1.0688362311050605,-0.7605637445047836,-0.6600123626964877,-0.0787451008618231,-0.22701365477431934,-0.19348772727943242,-0.006710690516321
1.3992626301458668,0.8500427549468241,1.2567993461743017,0.42206771104500224,-0.8262683182483106,0.5801445734450851,-0.19552084585905327,7408,1.2378538550271598,1.399350030790267,-0.7924139129015301,-0.7610809412981634,-0.7655754322130532,-0.05411384706963465,-0.22798379859814175,-0.1821009406884921,0.002731160434207
0.6942550720444471,0.7367237244567664,1.0198272533571957,0.3887153204399631,-1.0310513873163905,0.5179253118416127,-0.856430137379963,7409,1.2335387785248735,1.4841183091367391,0.21535463265619958,-0.7615981380915432,-0.7388964953468646,-0.06592506460235587,-0.2289539424219641,-0.17158123094868843,-0.0134752535766027
0.35973712082414155,1.0013574414759416,1.6542667810088165,0.5078837626938,-1.1149623495113488,0.7097856285697988,-0.7662032333173552,7410,1.2292547570311332,1.4320882480637736,-1.5145508404653416,-0.7621153348849232,-0.9354472634753215,-0.10315141618851044,-0.226043510950497,-0.17971757384707426,-0.002542957722761
1.572028594822055,1.0288034721192945,1.6252007467460605,0.4186882317393767,-1.3248901764081544,0.6960521112534666,-0.7528001533696231,7411,1.2250016807944442,1.5304007840561769,-0.3475596051533479,-0.762632531678303,-0.9788266431757102,-0.10226629946465046,-0.22701365477431934,-0.15907760822588252,0.021706668310582
0.6169027858289741,0.6732683872896412,0.8534506609770282,0.21453262037322676,-1.4214507871499136,0.4351986362118456,-0.4338461959306252,7412,1.2207794426355658,1.4774813432415326,2.2408637264595423,-0.7631497284716829,-0.6749787213762554,-0.14134212155028217,-0.2182823603599238,-0.1596235329908609,0.008662175298721
0.7106625074351334,0.5078090203396812,0.524235479249524,0.05148665812713293,-1.4113930911287869,0.3335539627076294,-0.19187239912124712,7413,1.2165879379341906,1.3926012173263829,0.8484783369994958,-0.7636669252650629,-0.5595184560665963,-0.17421291821098273,-0.2192525041837432,-0.18788397926253192,0.0065026858689023
0.6261818469176836,0.4777658908468303,0.48301487258585746,0.06679872499810187,-1.3754263214102505,0.2871949957894753,0.6090240051377893,7414,1.212427064616157,1.3931946963140285,0.6179685288569697,-0.7641841220584427,-0.4733504123838585,-0.18046267950228032,-0.21052120976934768,-0.1934136019779807,0.0100070224639033
0.3047144353951121,0.5475210878999967,0.6672692190971188,0.1026738955571516,-1.2755192672991553,0.33815532888025623,0.9009770910526248,7415,1.208296723141339,1.4262385957635875,0.9921458101829876,-0.7647013188518226,-0.3220064355848536,-0.1899838879385122,-0.21149135359317012,-0.2016877992719173,0.0045889102591067
0.15047281441500196,0.47990742017543575,0.5822891511441866,0.03134226408585788,-1.0064618693360607,0.27858163967793986,0.7695982023909481,7416,1.2041968164919754,1.336103003163846,0.4139923892945782,-0.7652185156452024,-0.2568534031005088,-0.1728459749868106,-0.19887948388348498,-0.19377216163555988,-0.0002422395930973
0.5244585925209101,0.4892013220867393,0.6178207978271262,0.07740312545498887,-0.8000229479993552,0.3028537587333474,0.5045518563423562,7417,1.2001272501617277,1.2266213719920858,-0.10169619571846378,-0.7657357124385824,-0.2669948663556993,-0.1797939490705936,-0.1998496277073074,-0.202257458978528,-0.0017653168010415
-0.10877003384594076,0.47409398121833085,0.6488047093876265,0.08898521223488193,-0.6840832159081733,0.31606745293754057,-0.02952626195778203,7418,1.196087932145205,1.261270621336732,-0.2641567499832939,-0.7662529092319622,-0.31417844378157656,-0.17087693036069007,-0.21246149741699244,-0.1967825091986394,0.0041263567356317
0.28782724168016094,0.45733583500507524,0.644395598017373,0.08452833886565883,-0.548767435648475,0.2742307597775062,-0.13082277246785443,7419,1.1920787729281404,1.2827841345497464,0.36483974443083944,-0.766770106025342,-0.2575066228249032,-0.20806137313587292,-0.20955106594552536,-0.19222680938398043,-0.0011050489515328
0.14876924767440183,0.3561974836900345,0.4843245372812636,0.06763703293832547,-0.47698844410006763,0.21712321978074536,0.021408702933754128,7420,1.1880996854781114,1.2467493617367955,-0.19335449442414293,-0.767287302818722,-0.2868644176162103,-0.18143879283735853,-0.21052120976934768,-0.1943039502641536,0.0003802808535626
-0.3869336441096136,0.36950259804179264,0.5730758208247608,0.1117034044568572,-0.45514158915413055,0.21951207587906593,0.05924102228527213,7421,1.1841505852358412,1.221846309923743,-0.03481162626351386,-0.7678044996121018,-0.2776701641330886,-0.17117906877617173,-0.20858092212170293,-0.1984442371891319,0.0104710233004466
0.6677310711071256,0.33212598594926795,0.4864843624802479,0.1337445533058805,-0.4780048237768806,0.19545327752800498,0.11000973317153238,7422,1.1802313901070056,1.1618248336940573,1.0422115408004016,-0.7683216964054816,-0.13602205630506384,-0.18262021832419345,-0.20955106594552536,-0.20644456789567606,0.0022571820039045
0.4358337888050948,0.17812833637727518,0.2095811926702466,-0.01867899963912755,-0.43476663508841573,0.10728134219334699,0.6694746360026756,7423,1.1763420204547448,1.1334153257996473,0.16534466265059597,-0.7688388931988617,-0.09564611298303721,-0.15284595880345372,-0.21343164124081185,-0.20337028022616624,0.0095543574668199
0.38278923810390125,0.2573936869075437,0.36346514992882706,0.008579695160643601,-0.2911617155655478,0.11635765664248345,0.35167319756644994,7424,1.1724823990925979,1.0941580502002086,0.9444493382908803,-0.7693560899922416,0.0437923763087479,-0.1619014833563994,-0.21343164124081185,-0.20863301959097336,-0.0014536661942635
0.12428435447961314,0.3798774240998056,0.6220344919634191,0.27758933963296656,-0.1977615674535464,0.23371648480592427,1.2218304715984556,7425,1.1686524512781118,1.0263613615420588,-0.2303945152099753,-0.7698732867856214,0.01894441060229941,-0.1028712852301716,-0.20178991535495217,-0.21578818336441968,-0.0012244896388219
-0.4259031759749166,0.35422145239466424,0.6292704199090607,0.1101894425835633,-0.06643419973789194,0.19003904566963786,0.05892725085864848,7426,1.164852104706931,1.0519502352022443,-0.20581152249280543,-0.7703904835790012,-0.013158734094482531,-0.09734081465550132,-0.25524484004753595,-0.19619063365478587,-0.0098079283075294
0.24808663291327218,0.546710675992531,1.0193117336719189,0.28079215145728603,-0.007409615221568407,0.33422246760740043,0.04554725363337922,7427,1.1610812895075189,0.9885253981434057,-1.1220120152066355,-0.7709076803723812,-0.1644641741903995,-0.08853501619415964,-0.2582522859013838,-0.20255107601753325,-0.0009973860743845
0.19473167755444215,0.5341382510887271,1.0077900089609635,0.16187531900838562,-0.05665208064302073,0.319324933381577,-0.2092449402566634,7428,1.1573399382364316,1.153901406896619,-0.18166030785714044,-0.7714248771657611,-0.18850877951380404,-0.0788480984201889,-0.26213286119667184,-0.18562054633705713,0.0035459772153096
-0.2800902479803953,0.461005264398056,0.9028403931682287,0.14045178301328487,-0.07538287023888603,0.25554638501839605,-0.6927909679880997,7429,1.1536279858741205,1.2028684861849483,0.30321351100508,-0.7719420739591409,-0.1356000404013614,-0.04698574514625296,-0.273483543935389,-0.1897979980408676,0.0051457974394182
-0.4271513514701097,0.3217685531293491,0.6786253571036032,-0.11142457673131402,-0.1505905090132982,0.1008801056086243,-0.5527750100764063,7430,1.1499453698213042,1.2139548823856454,0.47399761530023704,-0.7724592707525209,-0.05293401504442116,-0.04807654043005983,-0.283281996555988,-0.20003162844397326,0.0090784985424592
0.23902458246986727,0.129794758101635,0.33117675012827746,-0.06968906703983008,-0.18476543958468997,-0.03825094236122854,0.083263535077666,7431,1.1462920298959867,1.1289487610153472,0.8939637552806359,-0.7729764675459007,0.0595453740759976,-0.07369012186328182,-0.283281996555988,-0.21720460141715575,0.0026043427799915
0.09714467765453964,0.15154486832567315,-0.015370094050836638,-0.18682152635754243,-0.1463400396602994,0.02435802922520528,0.9479721719917984,7432,1.1426679083309257,1.1244454940577016,0.20283830751919213,-0.7734936643392806,0.09931938811353169,-0.07273156841671845,-0.27746113361305663,-0.21712453364262377,0.0079951421513211
-0.42658967249727286,0.012878381838506486,-0.07378710436334109,-0.29821256732067397,-0.02258229139457078,-0.12446877246903842,0.1210562424012955,7433,1.1390729497717598,1.087292579013283,0.7779667074590282,-0.7740108611326605,0.21264585036976186,-0.12737367799905747,-0.278431277436879,-0.2241379472103803,-0.0011378850526918
0.11634587483249287,0.9332658325378385,0.14677882546273835,-0.37974670968406415,0.09671252763009659,0.6438937192396945,1.0371998726728748,7434,1.1355071012756472,0.9963424499331547,-0.19700421385169167,-0.7745280579260403,0.17856600748431775,-0.09407068210836332,-0.2794014212607014,-0.23692124223554206,-0.0054948733886512
-0.09797581887016404,0.11258708059832326,0.38213547511843904,-0.2592955977941625,0.14975333078343786,-0.025320762621433568,0.057846383834440886,7435,1.131970312310539,0.9992478376533841,-0.6621130775077054,-0.7750452547194202,0.0973801870233595,-0.08676383349802703,-0.28231185273216564,-0.2446413921427864,0.0012465467735918
-0.3073812295450719,0.13719947839683208,0.4517076535519591,-0.12476731606702489,0.14920108617660502,-0.005183365391295152,-0.06958383797926959,7436,1.1284625347549235,1.129100430254007,0.05738800939537858,-0.7755624515128001,0.11096737933801602,-0.09025221329088973,-0.283281996555988,-0.16500449707188336,0.0047780878055669
0.07835577108226105,-0.062409817974704775,0.11621253863727316,-0.2724750216600334,0.12855518578299413,-0.08916054047069036,0.02040904641020912,7437,1.1249837228982735,1.1644014578155808,0.43431655577245065,-0.7760796483061799,0.17540881572612085,-0.08561845713552596,-0.23962552448400437,-0.22884807490786963,0.0023441947946738
-0.3354975943724523,-0.0810580880734288,0.11111859444228528,-0.2596828981451391,0.191226508921724,-0.13551314163530115,0.9779050369805182,7438,1.121533833441973,1.1153459003602473,0.17481055659998562,-0.7765968450995598,0.19613605074236354,-0.02541859712230962,-0.2405956683078268,-0.23784131781484302,0.0044769636377617
-0.5915121651879371,-0.1825714371720194,-0.016035013739176457,-0.4220194071734808,0.17070625079449622,-0.175203194940544,0.1371580199480052,7439,1.1181128255008612,1.068883121955067,0.4025779649883408,-0.7771140418929398,0.26247993911504386,-0.02747315150570977,-0.2405956683078268,-0.24393689528250026,0.0003326128323282
-0.5765888512304499,-0.12770789419450365,0.09924012775593381,-0.3593050866095516,0.24440493917940156,-0.12196870606666413,0.34255421492131777,7440,1.1147206606053637,1.0105198579502173,-0.03973696841209157,-0.7776312386863197,0.2593634734358362,-0.021635769992278064,-0.19014818946908946,-0.24551106004452308,-0.0034580218163848
-0.36147494902176863,-0.09363640715024057,0.17144609966740235,-0.2707157888561865,0.27935191990515756,-0.08203247189301138,0.512181236686174,7441,1.1113573027042278,0.977953713755614,-0.4443303983968754,-0.7781484354796996,0.2002081826112784,-0.03986645299090592,-0.1852974703499776,-0.2406418144852619,-0.0065730202723297
-0.04952987607223978,0.11553312771372762,0.5214139235002024,-0.20819901299428198,0.28773992082279515,0.05080652660828435,0.16622413316826054,7442,1.1080227181678004,0.9809378862065601,-0.7768907721768762,-0.7786656322730794,0.09261215735777725,-0.07950548011888979,-0.1746258882879373,-0.22821271689705502,0.0036609119394608
-0.06991226569759346,0.032728648545019244,0.3803474805246044,-0.12196684486887499,0.2601723596778467,-0.01112520642196307,-0.19366477310576943,7443,1.1047168757919192,1.093289684445982,0.3155902726229812,-0.7791828290664593,0.14260531945095756,-0.09487149665113079,-0.16298416240207458,-0.21514261922444158,-0.0055549975608567
0.1400634088100044,0.2060242134297794,0.6704949748552191,-0.03950043941643323,0.22853585650776514,0.0751817983918173,-0.037826216449055775,7444,1.1014397468024446,1.1076600857595267,-0.6677055111702738,-0.7797000258598391,0.040989081641731914,-0.13145262224508955,-0.12514855327302238,-0.2233542322260219,0.002456506266089
0.022471651463140965,0.03267268628239223,0.36430494206862735,-0.13238215311930962,0.13781893442934803,-0.026671379809430847,0.0791814805062955,7445,1.0981913048603515,1.1855483168163181,0.1872432033310782,-0.780217222653219,0.07934772225736743,-0.11394531428013882,-0.15522301181150142,-0.21704994467156002,0.0071500502928851
-0.18439772152652606,-0.1407213969853155,0.09032743276280827,-0.1709793748047488,0.10326579845551889,-0.14623411773370282,-0.606377464665255,7446,1.0949715260674342,1.1189692021900328,0.688212246667462,-0.7807344194465989,0.17992798158306275,-0.10853598119916608,-0.15522301181150142,-0.2194268388213157,0.0046995299309773
-0.33946636941131686,-0.24244949972004734,-0.050589361088936746,-0.32761614928790894,0.13904285086648263,-0.22814276170579298,-0.2941859536705004,7447,1.0917803889726527,1.1526961153266093,0.4267544272558517,-0.7812516162399787,0.2473074425014761,-0.09321978440220548,-0.16298416240207458,-0.2354417517495014,-0.0047770698148732
0.3656609211762328,-0.11619701453222564,0.11503877401907352,-0.03477566270775152,0.1636110126500231,-0.11966671865075114,0.044821942629382716,7448,1.088617874579039,1.0623375035236409,-0.5849764272141946,-0.7817688130333588,0.1592243717908376,-0.10301148401070459,-0.15522301181150142,-0.24972063153241358,0.0066999997482368
-0.5346893686734372,-0.22532678325515942,-0.029215802614188643,-0.18858246377615312,0.17508876784529206,-0.19929037496609373,0.13731395540052752,7449,1.08548396635133,1.1212956293887146,0.6400315746609255,-0.7822860098267386,0.2684487099485952,-0.10376908835064447,-0.13868205961533808,-0.23362783483711486,-0.0018211317187182
-0.5563055278145951,-0.09905037500705932,0.1915696892272632,-0.18552661765318923,0.2699057578993902,-0.13064534310510814,0.5561129626480943,7450,1.0823786502241015,0.9733979900473352,-0.2695501374953854,-0.7828032066201185,0.2372877851632545,-0.10713102360091858,-0.10671582062040597,-0.24068242163184825,-0.0024547200866164
-0.20488504518430517,0.10994888254275953,0.5466750737753321,0.10285412178127698,0.30000849351920056,0.024210770235505902,0.38679317908342126,7451,1.0793019146106753,0.9819043410293311,-0.33712347056505493,-0.7833204034134984,0.19122968896754067,-0.09715743952082433,-0.05141762266255969,-0.24381842367033893,-0.0109404100183532
0.41196374098955746,0.5204380388870218,1.1083886556041027,0.2625277190557102,0.2328010991218225,0.29191194342571763,0.2692572136327885,7452,1.0762537504125693,0.9920878601072928,-1.2426981580074123,-0.7838376002068782,0.016037599865705063,-0.08047974220959003,-0.05238776648638203,-0.22445038714766447,-0.0087079312262011
1.2247651216815425,0.8496000089498779,1.3560761225091347,0.5522323546098495,0.21834722324720887,0.32751857720577987,0.5696668240879728,7453,1.0732341510296617,1.2764121542775908,-1.0044179403379363,-0.7843547970002581,-0.12788624486395245,-0.07583460185218643,-0.030074458538476102,-0.19780667451621978,-0.0075295074312949
1.762508634452812,0.8000344853510514,1.1478843119107227,0.4164520944965938,0.08299577491860247,0.5080966644074162,0.1778277952110533,7454,1.0702431123709277,1.2871314810384638,-0.8786895247951042,-0.784871993793638,-0.24408428463131698,-0.12961709733437513,-0.13193956003977608,-0.18521181941139486,-0.0300731322343377
2.1440632883903623,0.8272955233304059,1.2623898077398488,0.49113123755888405,-0.20992979193469294,0.5205105776506351,-0.5531607141415333,7455,1.0672806328660087,1.2715117550648622,-3.2848410237797108,-0.785389190587018,-0.21907530732843616,-0.14213137851727245,-0.13582013533506265,-0.18750045338040772,0.0140229720920233
2.1440632883903623,1.0850358078323556,1.6846194335705995,0.7068528624777217,-0.19860583337719162,0.7361321428762543,-0.6995555475365544,7456,1.0643467134772826,1.2823077839960708,1.4221078937417122,-0.7711404189294022,-0.3917522748636913,-0.16393701250489945,-0.13582013533506265,-0.1853957465279429,0.0005906880711843
2.6446053005367784,1.1486809679414356,1.3592881879574044,0.4063123523376433,-0.33394770485330183,0.8849418742522146,-0.5931884890801037,7457,1.0614413577126867,1.3852283121202513,-0.011759338666933076,-0.7614688388931985,0.2610775295594004,-0.17764084124373056,-0.12417840944919996,-0.15977108479744376,0.0196200994187499
0.5814622217823334,0.6632775712297819,0.3384053088278013,0.25711306977958504,-0.475893777371203,0.49800447811067694,-0.10522430325231491,7458,1.0585645716393093,1.5002759169353368,2.019468149559469,-0.7535557279544862,-0.23063125715840932,-0.19225318769538544,-0.1523125803400343,-0.14223061829191194,-0.0068115253864052
2.6446053005367784,0.8618141477125232,0.6883130266781887,0.26720743117351786,-0.6746654792104922,0.6523575303739908,0.632517521960157,7459,1.0557163638975486,1.2911507558234419,-0.801768902646268,-0.7535557279544862,-0.3358191163943563,-0.21091493150484308,-0.15328272416385666,-0.1800976264662612,-0.0121733759622066
0.7803501109862919,1.4463087561612937,2.072511690682107,0.5942970112313103,0.28396532040985817,1.0804839958443782,0.26327408138530817,7460,1.052896745716075,1.366798924941461,-1.3739941567951268,-0.7535557279544862,-0.5204965079806045,-0.18905599284774086,-0.1561931556353209,-0.16365236886911827,0.0155517754709635
1.61428898785931,0.7753237641918037,0.514870472891113,0.5246767923593211,0.28396532040985817,0.6441825395377957,-0.15763716830243282,7461,1.0501057309274955,1.5178325595884719,1.585410066804544,-0.7535557279544862,-0.35575887412933127,-0.2018948606272812,-0.15716329945914323,-0.11876272957925238,-0.0295675954402863
2.4836902421399465,1.6329066488582362,2.3266525184631095,0.8592938569813259,-0.6373106496909945,1.2553056360896773,-0.09120692790817406,7462,1.0473433359847688,1.3856984692716179,-3.230622649646672,-0.7535557279544862,-0.8009568522425417,-0.15772024807423968,-0.15716329945914323,-0.15763125417948032,0.0026417751915737
1.7665711507097852,1.4584494037279119,1.942679869097778,0.8816488493900638,-0.8297166247000297,1.2029980742128839,-0.7225680990605478,7463,1.0446095799782984,1.637908912365869,0.2075491682280548,-0.7564261701577445,-0.7689736067564695,-0.19609178757041415,-0.15328272416385666,-0.09541537135014841,0.0147549623965557
0.5528777364715081,0.949598174691653,0.788402748098835,0.5966002340115967,-0.8902869549800705,0.8995100131901366,-0.4581788185909952,7464,1.0419044846539152,1.5743617315237088,1.5007372059520028,-0.7569433669511244,-0.5620460778809544,-0.21404806474905885,-0.14940214886857006,-0.09542722604580756,0.0120477757601432
-0.3028546093058952,0.651271453465603,0.28157672969387665,0.2313609735677893,-0.938210507837334,0.6032033363240031,0.016220182534785917,7465,1.0392280744314348,1.3673257773365364,1.2118655449468305,-0.7574605637445042,-0.3869870841640711,-0.2063726157112532,-0.1561931556353209,-0.11928027260837078,-0.0076625730518157
0.4438529521631421,0.7670286424618291,0.6153168396390695,0.5455616649993075,-0.8813558579925636,0.7153307640912655,0.6476339015501434,7466,1.036580376424229,1.2656413524144319,-0.8921298486392191,-0.7579777605378841,-0.5106531585053149,-0.18779517937439907,-0.15716329945914323,-0.1485386233209383,0.0081354060055816
-0.215006388080459,0.4483521695354381,0.07727868111893293,0.20623061837311094,-0.9109757511779694,0.4611965435639856,-0.011613034515216123,7467,1.1388078503089956,1.3219270166819592,0.7940911347476604,-0.7584949573312639,-0.3925196951817808,-0.18451961209200893,-0.15716329945914323,-0.12230948202682178,-0.0003077448742124
0.8961563987393159,0.6130265747832221,0.4341017626869584,0.29479744593272467,-0.7543099435436647,0.573496690168977,0.1458715628875551,7468,1.1358730882991983,1.1740353826088479,-0.10741825655083775,-0.7590121541246438,-0.404962907102481,-0.18310407981041613,0.0035410249569511063,-0.1403810764442501,-0.0256875083380526
4.183911732982738,1.2098782589632713,1.2232756426511324,0.7444247796914145,-0.6916555976060328,1.0428573451095635,0.19803851479306442,7469,1.1329689440514206,1.1900058553459585,-2.8164469325468264,-0.7595293509180238,-0.7993929088876834,-0.19328971065897754,0.032111760568505794,-0.13080016068671566,0.0110584515500449
1.0594576207067836,1.1059808739210721,1.0287943267076223,0.6298558751205594,-0.854870385686807,0.9229000423407536,0.06562566006544508,7470,1.1300954300617807,1.5349940948692264,1.105865068129219,-0.7600465477114036,-0.6430727728131854,-0.21698500123225659,0.032111760568505794,-0.07856031091994395,-0.0039236109040168
1.0341528428256084,1.289989219647722,1.539646114996037,0.7308639753662057,-0.8916692882393348,1.1026106602402248,-0.7515176502222793,7471,1.1272525617299987,1.506232174236698,-0.49338814898929007,-0.7605637445047836,-0.6948590210200837,-0.22087107090110755,0.01261186970968505,-0.08599621801587096,0.007041517007998
0.6856656435383262,1.1094898214163755,1.180366398828007,0.5132733670754229,-0.9744513319762266,0.9716675572968422,-0.07896441972451919,7472,1.124440357377792,1.4621377592482234,0.6770376274636702,-0.7610809412981634,-0.6028245535191846,-0.20182746541851984,0.007761150590576117,-0.06032628933442099,0.0127730276735867
0.3633342341301751,0.8343308900981624,0.6479483050163277,0.5124479116403124,-1.0061326328183888,0.7465712022882922,-0.6451397160375882,7473,1.1216588382680397,1.3981564141677685,1.2887645682641893,-0.7615981380915432,-0.4193450068680141,-0.17843275541413117,-0.013582013533504458,-0.0751623972494739,-0.0004443229464596
0.4820677072883755,1.0395454452379906,1.2058909391945944,0.38981297182462266,-1.0163196852704972,0.8585213828194509,-0.03930596844109906,7474,1.118908028624908,1.1905938663589366,-0.12202894500934247,-0.7621153348849232,-0.41461443387810765,-0.16079674683527656,-0.010671582062040288,-0.09682769177500916,-0.0058471533591644
0.8551486061045713,1.166005717035889,1.5540236863868628,0.45938256619255846,-1.009589240913338,0.9857094814004798,0.07887821398357288,7475,1.1161879556548553,1.2150266887372279,-0.6987037004466239,-0.762632531678303,-0.5232968032827504,-0.19484115214195089,-0.0038805752952865927,-0.08679878624761793,0.011350347567139
-0.25441811414670945,0.7304607524295006,0.6731153047887598,0.20863786377578436,-1.053403023303209,0.6970415221995956,0.24979667618045812,7476,1.1134986495684396,1.2560133669911464,1.1370329095097478,-0.7631497284716829,-0.366124495896314,-0.21871357024567595,0.0,-0.06528697383356549,0.0128553936640019
0.10133291769329122,0.5323922097824592,0.3488197023963592,0.13667740174086104,-0.9904742224444111,0.5362062435904634,0.6976812049622448,7477,1.1108401436032262,1.127294021511151,1.2977094816560768,-0.7636669252650629,-0.17465214898998083,-0.1584487980106326,-0.004850719119108933,-0.09926415025813766,0.0007722787445854
-0.20206314286923524,0.2951314550966677,-0.013451133825436678,-0.05668253791649793,-0.8949912687542322,0.3996506878355617,0.35401636440845163,7478,1.1082124740474368,0.9166516005658758,0.007949859201011784,-0.7641841220584427,-0.1658649344014805,-0.15494874240004142,-0.005820862942931355,-0.112208218720957,0.0005032713211052
-0.1538198610185239,0.3456591504102309,0.17041368419208056,-0.150344493731029,-0.7828093760949166,0.41940607806905655,0.023869596725954654,7479,1.1056156802647301,0.9073259161930401,-0.020751602841819407,-0.7647013188518226,-0.1724571814837632,-0.1533374779252895,-0.006791006766753695,-0.12520287810097883,-0.0002347420804125
0.5424030408879628,0.33265640429308474,0.17565651473305474,-0.053627260391943495,-0.7311759170931218,0.3885407146687296,-0.0683138573602492,7480,1.1030498047197956,0.9145417777402688,-0.09952527418545921,-0.7652185156452024,-0.17267899839702527,-0.12500930666577836,-0.01164172588586271,-0.1264203934949297,0.0071109919585483
-0.2772677372347327,0.22250328621549098,0.05442307443468174,-0.1413527907355899,-0.6324208406389834,0.3202379745856594,-0.3582034693999121,7481,1.1005148930050082,0.9044399190940409,0.684605729557937,-0.7657357124385824,-0.06705789252927621,-0.12063562917319372,-0.01261186970968505,-0.11925184501452447,0.0034637803875123
0.27459596519714474,0.14964604853045338,-0.03561079756408367,-0.10689212752683866,-0.3931682922813872,0.25627787101148797,0.0252095062750163,7482,1.0980109938681124,0.7811871543830623,0.2952663563089563,-0.7662529092319622,-0.036323558631770864,-0.15308912574872,-0.0009701438238223403,-0.12663439350648265,-0.000663812592586
-0.14636768142804027,0.059938596780689926,-0.12725819087342943,-0.17666791842040722,-0.31552031566928834,0.22529499072654616,0.31665588121293653,7483,1.095538159240924,0.8366508985030027,-0.14533654487834646,-0.766770106025342,-0.05283626920604418,-0.15659820800976826,-0.0019402876476418307,-0.13336039947108577,-0.0030887772886958
-0.19747467313842473,0.2337195970421661,0.2422379088868455,-0.06722466777203832,-0.2664187327697777,0.3418124192825218,0.0399387974557313,7484,1.0930964442689457,0.6963647030538634,-0.40419324844266813,-0.767287302818722,-0.1065083208170639,-0.15392393593879547,-0.002910431471464171,-0.13242105443914198,0.0025319830636247
-0.2321755544442599,0.1906940878068113,0.22154043678746957,0.1141122040276268,-0.2675293402186693,0.3481986801815435,-0.4878838738199803,7485,1.0906859073422643,0.7892671957620678,0.19566921886308242,-0.7678044996121018,-0.07194578904145882,-0.12260378404485683,-0.0038805752952865927,-0.11450969996886487,0.0005981655485993
0.15658071426826825,0.09916152677926238,0.08760654302783641,-0.03901368871592494,-0.22715338921927083,0.26653255751627014,-0.32885197653673215,7486,1.088306610127359,0.7774894888179315,-0.010723588294598758,-0.7683216964054816,-0.07183072705025331,-0.08871555425245771,-0.0077611505905731855,-0.10678494180595954,-6.64231471418e-05
-0.11788780440246385,0.11791438272836012,0.1633688452199619,0.153649120605341,-0.21277782347448926,0.25095288133808225,-0.2750752885669817,7487,1.0859586176001166,0.7454984109637142,-0.081485966717442,-0.7688388931988617,-0.07668327759998728,-0.07112448233703354,-0.005820862942931355,-0.12003775707734858,-0.0047247877348611
0.593822456798619,0.3550785772198323,0.5843055885445999,0.251705036841485,-0.17609145676003318,0.4532106640043522,-0.04935425279771873,7488,1.0836419980798846,0.7111330779819854,-0.5786559754959391,-0.7693560899922416,-0.15721175856326422,-0.06721857318981612,-0.008731294414395525,-0.11923473508314461,-0.0002346787432513
-0.09587610312210808,0.27822562318570887,0.4783131426971356,0.26197256521635015,-0.20589649550658812,0.3912034241544331,-0.3535747869270393,7489,1.081356823264775,0.8893796650438139,-0.09930249626474476,-0.7698732867856214,-0.16362326026000892,-0.06721857318981612,-0.009701438238217947,-0.08625475261236679,-0.0078468195377384
1.5616931042311948,0.6777611713765728,1.1499570962221177,0.5552411748608822,-0.18865320331363797,0.6374015330002469,-0.3535078422316918,7490,1.0791031682681518,0.9234233235136641,-0.91177435341683,-0.7703904835790012,-0.29765024561194026,-0.06157676151835833,-0.07373093061046268,-0.09613381391328557,0.0059147600055125
0.19095518083170743,0.47380606896814836,0.7584888239891182,0.3335100050018922,-0.27098198306125326,0.5159500530988038,-0.08606277153268933,7491,1.0768811116561559,0.88969854196945,0.5570527477874269,-0.7709076803723812,-0.20885005056785272,-0.0910838772292041,-0.08052193737721638,-0.07229363758595425,-0.0020831933384096
0.644454493972716,0.4941200038338889,0.787590008907007,0.4948390975891583,-0.3537533657603062,0.5420065902336841,-0.35246680288273163,7492,1.0746907354867057,0.8234411037020831,-0.2965457638190309,-0.7714248771657611,-0.2509667277474439,-0.10718411094009975,-0.07858164972957161,-0.0826444137196302,-0.005387205339985
0.8113394729991483,0.7086487928314833,1.2065194247802948,0.44868944350793427,-0.3884327370121148,0.6802404777037715,0.16704967752794103,7493,1.0725321253495281,0.7607263827736406,-0.6488723317955757,-0.7719420739591409,-0.3369609140705955,-0.10836185788207484,-0.07955179355339397,-0.07658623766896937,0.0046377791376421
-0.18129414915602662,0.5252071917219029,0.876638154970696,0.3137740823517998,-0.44833071377300043,0.5059038764250362,-0.48576830815962363,7494,1.0704053704076566,0.8330700869373229,0.4212738531298394,-0.7724592707525209,-0.26518226942226236,-0.11751099471103664,-0.07567121825810745,-0.061693636219616085,-0.0118947331805502
1.4501744264295477,0.9582696416889698,1.713840975719429,0.7036938329984976,-0.45368253297322814,0.8113768083890692,-0.31172787177058664,7495,1.068310563440155,0.6980829520153086,-1.3434929263048616,-0.7729764675459007,-0.4569267913939478,-0.1494390154929752,-0.08343236884868055,-0.08213542394498136,-0.0176647116460535
1.1958558498501428,1.3308891300277048,2.560607775380654,0.8125118775222887,-0.498236911018665,1.1163192814811218,-0.5245686708249433,7496,1.0662478008861307,0.8972486760330816,-1.9591771733745893,-0.7734936643392806,-0.7311010507093398,-0.15592866895759516,-0.10186510150129696,-0.047321183564059566,0.0081927377899393
2.03618495704884,1.0612669682214173,1.6589471721321716,0.8429077483936064,-0.8146566906567988,0.9043397555380533,-0.8702034035396231,7497,1.0642171828902673,1.1169480750274454,0.800893824425663,-0.7740108611326605,-0.6175698377061162,-0.18329449956071017,-0.10283524532511938,-0.053173481160722236,0.0135321256619743
0.19791072306537047,0.6728969813358218,0.8458217305224263,0.3850009243241077,-0.8909832278804003,0.6422721386771892,-0.6824607560375856,7498,1.062218813349662,1.0895126283588428,1.3710154070171077,-0.7745280579260403,-0.41019387358318216,-0.1818063166960152,-0.07761150590574928,-0.03430806912898656,-0.0043145914473024
0.6286948371077163,0.8259380483450041,1.1995521649749756,0.4805136568264302,-0.9754920643484251,0.7124105200698653,-0.4283898445159496,7499,1.0602527999621494,0.8470527094374724,-0.5338961186820552,-0.7750452547194202,-0.4826306845345772,-0.16972778723490348,-0.07858164972957161,-0.060566616758238837,-0.015524771178525
1.2994413618631444,1.2767527978372961,2.2179016549706057,0.9239657353322189,-1.019619735827775,1.0370373074119135,-0.42772444575126417,7500,1.058319254276052,0.8271692378333141,-1.7305129752212713,-0.7755624515128001,-0.7212534129479413,-0.17057562562344794,-0.07955179355339397,-0.05555170533998278,0.0094964125550005
0.2819036980148008,0.9709430079848587,1.5295638989516198,0.656601890513205,-1.0870249657900448,0.8434953450471737,-0.5732032049991828,7501,1.056418291741531,1.1752243107570675,0.9403504634271136,-0.7760796483061799,-0.5908768286764841,-0.16849485031047576,-0.08246222502485821,-0.009908912421970026,0.0067634843107777
0.9847884070752081,0.7718344577299628,1.0635072728092712,0.6161495275436158,-1.1259614060601066,0.6854868311993554,-0.3998988874978906,7502,1.0545500317633771,1.082354182618418,0.6486109019110127,-0.7765968450995598,-0.5031467228385236,-0.16413722007060144,-0.08343236884868055,-0.026222317354933744,0.0103669346568525
0.6863371164286745,0.4008721852566671,0.31073927996609635,0.1802815031309912,-1.0572435264053288,0.413188820635945,-0.5996640492186477,7503,1.0527145977555388,0.9385726341106962,1.0332801354443133,-0.7771140418929398,-0.3435230583306008,-0.15275186892606196,-0.08537265649632532,-0.046547756547502234,-0.0011138112386394
0.07086981688710495,0.2124714044347163,0.01914271142211729,0.14307920998268114,-0.9919732708990642,0.31865555949821694,-0.04053754362143432,7504,1.050912117197085,0.7377921269840195,-0.1921401783877598,-0.7776312386863197,-0.3694356965431701,-0.11230022176413883,-0.141640998277994,-0.06451709152434139,0.0099003212265702
-0.14634414770773857,0.020372202256350433,-0.2475527180386776,0.11946584434154969,-0.9729740884714992,0.17794772802118713,-0.6259628980926493,7505,1.04914272169004,0.8918745612942682,0.9834865979702545,-0.7781484354796996,-0.2231005209004304,-0.134619560142364,-0.141640998277994,-0.08111141189620773,-0.0016059958856944
-0.1990514722901918,0.04681740110847761,-0.13582308283776204,0.025564544948309627,-0.8665950004275748,0.17801170160950136,-0.34518056671168434,7506,1.0474065470187546,0.8052647355927385,-0.24462035718268113,-0.7786656322730794,-0.2586771642280896,-0.1443764659216779,-0.13970071063034925,-0.09133823076450982,0.0029490617282268
-0.02757756647162353,0.06790852894783328,-0.04919265124064841,0.22748133799994508,-0.6054644710608347,0.16949766641812838,-0.1976432462368344,7507,1.045703733211205,0.7309126181183775,0.24156480175971934,-0.7791828290664593,-0.22139655998936383,-0.13307821211727977,-0.04656690354345067,-0.09424017343018647,-0.0043771718071448
0.26696930613564474,0.15390015802286017,0.1268704088842672,0.10009415695875608,-0.5564248733968818,0.21561950305927421,0.49628472513815525,7508,1.0440344246019058,0.7121707497727627,-0.5404767089826136,-0.7797000258598391,-0.28634943462449436,-0.12274425638898898,-0.043656472071983574,-0.10390218254953656,0.0067792057868256
-0.4228145752484536,0.10712857088326483,0.10840257278371641,0.12552562196550812,-0.544836948238124,0.13413017683144818,0.17747367391671792,7509,1.0423987698968677,0.7558686734428252,0.6503664933963429,-0.780217222653219,-0.18620166908551822,-0.12431450585680194,-0.0407460406005194,-0.08857732799882252,-0.0032667755085276
-0.16004450050902175,0.19288126740318,0.30581340735694024,0.15382612030031612,-0.4744499858205294,0.19326547706241298,0.4154517453718063,7510,1.040796922240323,0.6696593362728059,-0.4218997112513083,-0.7807344194465989,-0.24585242843637803,-0.13859993756967456,-0.03880575295287464,-0.10629518590324823,0.0029096017630905
-0.31146902106828267,0.10869475385474185,0.20464034710209691,0.05127828904103617,-0.49961757346710234,0.13590862182031513,0.6506924686078549,7511,1.0392290392834163,0.5725375095432556,0.2374067154847149,-0.7812516162399787,-0.20701640315437098,-0.12202612625671162,-0.032984890009943285,-0.0911118211734029,0.00163398708436
-0.027827288726841218,0.05259124159910608,0.13572045374062625,0.16826292776800708,-0.33317855703310967,0.12692294633686393,0.26422638479250204,7512,1.0376952832549378,0.7112507030660129,0.10119632797181283,-0.7817688130333588,-0.1823017351641218,-0.08897088582060021,-0.023283451771725337,-0.10242895351566782,0.0040949492197273
-0.20069144238003353,-0.14533926947800196,-0.15471893948762214,0.004501544540568371,-0.3045054108961003,0.008040274536099748,0.44545840719584373,7513,1.0361958210341682,0.6359536895076859,0.3638313691014584,-0.7822860098267386,-0.12457468907484555,-0.078682973512882,-0.0038805752952865927,-0.09925894455071593,0.0056366049752005
-0.5434061543949483,-0.05938390872311902,0.031538771183950126,-0.022992427759553083,-0.2034913349795179,0.0694621106704992,0.29490576697915166,7514,1.0347308242256186,0.6010747905272493,0.5283855109875284,-0.7828032066201185,-0.04343626197724421,-0.06842378926106849,0.009701438238220879,-0.1132505045260117,-0.0002967358013531
-0.28222578900070067,-0.04258561157146447,0.0909986749203361,0.12952957091146947,-0.13486637197239973,0.09127126914826363,0.5846631938935449,7515,1.0333004692362633,0.5149041606785006,-0.1047861110357571,-0.7833204034134984,-0.061359482294029745,-0.0800484983221928,0.0,-0.10702094710461087,0.0030671811682958
-0.033360070155874715,-0.20496459207338585,-0.1531364329328799,-0.06892607929218135,-0.08276829540628182,0.003124338095936638,0.6689964769222704,7516,1.0319049373546985,0.4692464068264079,0.25438611388323956,-0.7838376002068782,-0.01598824381036268,-0.07977606456918014,-0.0038805752952865927,-0.10310112399715073,-0.002663247333395
0.5530088756552183,-0.038672018505741715,0.08175183709727805,0.14122173701940333,-0.04523596293139975,0.0821796257442011,0.43447862137948773,7517,1.0305444148328065,0.3891434098441125,-0.3571490774287898,-0.7843547970002581,-0.06792720277405304,-0.09171443392931125,0.001940287647644762,-0.11749023083338639,0.0092638380625547
-0.32052695880565657,-0.21031746090541328,-0.1597892121185797,-0.062464191159097425,-0.07951562611486417,-0.05650850316670639,0.36691333967600565,7518,1.0292190929697111,0.37103333969130237,0.9161303460661341,-0.784871993793638,0.07649214473834991,-0.1147118960048901,-0.0038805752952865927,-0.1080497953606681,0.0040177696687335
-0.5079456483047787,-0.1111790255170779,0.033223294762173915,-0.12529146284899792,0.026974326831918752,-0.01255666794895206,0.713017810184266,7519,1.0279291681980942,0.30570966716419407,0.3562194030520807,-0.785389190587018,0.12896296720866915,-0.06164061481525646,0.0,-0.12320490474746787,-0.0011061586694664
-0.25900623601073547,-0.06072167023344325,0.13745976911084393,0.04031557358913328,0.06276892129162624,0.05112865800764524,1.2512486518624677,7520,1.0266748421731398,0.20554219986632644,-0.19076340716534798,-0.7711404189294022,0.10499006298950901,-0.04805853998540337,0.001940287647644762,-0.12558582375312033,0.0002279906704167
-0.22396667642458004,-0.1503243264875204,0.011960804900156139,0.01967659566600947,0.05135500860894954,0.03333231539377324,1.057340509841606,7521,1.0254563218639803,0.21570887198867006,-0.048389010961077075,-0.44259115593483495,0.11064450706019079,-0.03212759800493512,0.0,-0.10980742848962532,0.0035167699733829
0.07573023140424905,-0.12969452228278974,0.04349467913219456,0.13148286028100234,0.13248380837799195,0.02658474210219067,-0.004861097572526329,7522,1.0242738196477357,0.21363441012755738,0.3026276272562235,-0.17377812257563974,0.14778052936782998,-0.05961972350944047,0.009701438238220879,-0.10569410523841981,0.0024660910909373
-0.33545594018330493,-0.25285029381369245,-0.1249416970227957,-0.04279364006029861,0.2009255572316572,-0.03300230727867726,0.9202322770650454,7523,1.0231275534063726,0.2849886831360173,0.19042601943826717,-0.17377812257563974,0.18241304958138566,-0.04909857151500964,0.019402876476438825,-0.10951216195178783,-0.001909755978256
-0.795686716741239,-0.13687785310173325,0.09180352318729414,0.02677223362468769,0.2159744232086824,-0.017631403230767877,0.07874725190360513,7524,1.0220177466262945,0.27463697222406647,-0.27659879214350946,-0.17377812257563974,0.1460044027744225,-0.0461724690773143,0.018432732652616406,-0.11063077497205766,0.0021079941332342
-0.3457928039438074,-0.13870969796724134,0.1061376464300926,0.1083384717592954,0.15192695497868314,-0.04199982845580016,-0.0727558111259676,7525,1.0209446285009258,0.31677013032440016,0.15224793061955755,-0.17377812257563974,0.16506858009099667,-0.060218672971847215,0.017462588828794066,-0.11836751248724822,0.0003236244824122
-0.20939768439766326,-0.07902867705604047,0.21070252834267297,-0.04856878572262087,0.15515271106241102,-0.013528400415255073,0.2452558567220719,7526,1.0199084340360371,0.21620978391346313,-0.038298573603319924,-0.17377812257563974,0.11513130362595728,-0.05514265606853724,0.015522301181152234,-0.11339275152665503,0.0014558397312252
-0.2534574741557187,-0.06972687391246944,0.23609059817583705,0.09287270230705069,0.19242794442488126,-0.018054812737086774,-0.19612763872475852,7527,1.0189094041584512,0.10270488309594739,0.08255015475245875,-0.17664856477889876,0.12284578599998759,-0.05052492470195205,0.013582013533507471,-0.11368684158482613,0.0072363107108557
-0.5829500361846424,-0.2563853604119393,-0.03311437842681991,-0.17227328633236721,0.17623589564895373,-0.15241702689361286,-0.03027159908213858,7528,1.0179477858276205,0.12973314572669312,0.699557239051309,-0.17716576157227737,0.2377839022862718,-0.05488100319426801,0.013582013533507471,-0.12047690092507606,0.0007376760918687
-0.48205886084197014,-0.17983952815409346,0.1016871654119351,-0.151131465764851,0.29324102312009337,-0.11283097720744369,0.2053447419343102,7529,1.0170238321506497,0.059415691075987924,0.005906644089832539,-0.17768295836565745,0.2402362160056951,-0.0353458153140155,0.013582013533507471,-0.13101524183013102,-0.0002884429477236
-0.24969643025253863,-0.10525389045389791,0.2249162750661074,-0.12978471348507536,0.34088249733303794,-0.0402777456260298,0.12365122314347227,7530,1.0161378025005412,0.03758855438574453,-0.1035862404388676,-0.17820015515903762,0.2254928417878575,-0.062226623164253016,0.015522301181152234,-0.13415242828907772,-0.0037187831586038
0.32490192382450533,-0.12014347186146272,0.16846537822197663,-0.250842279141564,0.34480291750189235,-0.009563266079779396,0.26340516997966523,7531,1.0152899626379774,0.09010717849216841,-0.46973568320337006,-0.17871735195241778,0.16100641751175357,-0.09555195613810295,0.015522301181152234,-0.12403670914805891,-0.0016089070481251
-0.17503887248295116,-0.054744655258005294,0.27816612470991187,-0.060067542946036806,0.24590080128036942,0.029991398328617188,-0.02672686664357184,7532,1.014480584836647,0.12730843352257043,-0.24454225753222011,-0.17923454874579794,0.1309016475174602,-0.06254850420106055,0.017462588828794066,-0.11068868932749344,0.0022238694590022
-0.27934046760955517,-0.20209449873059873,0.05238541821964725,-0.2477881694868416,0.1912433601566192,-0.06259356673622789,-0.49895959530425604,7533,1.0137099480122045,0.10061528149842905,0.16452855668754762,-0.17975174553917803,0.15953399669424598,-0.030970001226740002,0.019402876476438825,-0.09735428480354842,0.0077501930493271
-0.6647880751580072,-0.2897068878447782,-0.054323170693118,-0.32332848347000465,0.158075216616893,-0.15300001340757316,-0.40126580776758497,7534,1.0129783378551183,0.11838985389636718,0.7543440682347992,-0.18026894233255664,0.27156778317858105,-0.04112429139351171,0.018432732652616406,-0.10807041964058638,0.0022656922169996
-0.44242627300665277,-0.35117400322484316,-0.13124250465824355,-0.2522213667601324,0.14307485683279889,-0.18398633426302594,0.4473836886619191,7535,1.01228604696731,0.060194803103016246,0.16891766463235003,-0.1807861391259368,0.3006093585740269,-0.03429417292725729,0.017462588828794066,-0.12828531426614528,0.0044574632458005
-0.7349947545770908,-0.3117719300216096,-0.051598364630570194,-0.39580593525802893,0.08865098913216118,-0.1598570271232748,0.5601194593868862,7536,1.0116333750029127,0.009139197369155354,0.4028795004358384,-0.18130333591931697,0.3607407407065019,-0.02200258054813425,0.017462588828794066,-0.1356422502095504,-0.0037086345483763
-0.5945078622596003,-0.14933822375327485,0.2116182687502475,-0.20595328745228378,0.13228807067749332,-0.038843543181032815,0.840623950875381,7537,1.011020628813146,0.04397746758265484,-0.46878543953465274,-0.18182053271269705,0.2915146109388441,-0.031211957191780552,0.019402876476438825,-0.13263288232767595,-0.008494797936955
0.4503607473313968,0.15499733630638263,0.2933721301657774,0.10375991836366578,0.1444649641563636,0.1674548922034688,0.004511809794471402,7538,1.0104481225955892,0.046390987098797014,-0.9795744149542684,-0.18233772950607724,0.15011008183258995,-0.09441711276444027,0.07916373602386621,-0.11882215105357173,-0.0067064562724256
0.5918028939794496,0.2396353491240551,0.6236619942459669,0.40271011629112785,0.10869483418683344,0.22661907591534006,-0.48308153141654914,7539,1.0099161780477435,0.15963617072686792,-0.7886145349122247,-0.1828549262994574,0.04133646964482534,-0.08464326110183686,0.12859256384759182,-0.08917320425040916,0.0061702470903535
-0.3408782897520261,0.26849037597494363,0.8373766214305461,0.19126240589986565,0.010639310290210672,0.27053120662559654,-0.6776619569031851,7540,1.0094251245253125,0.28001293604747535,0.5857782998673581,-0.1833721230928359,0.13430629712667372,-0.08428504177548161,0.15357376731100492,-0.09004558186575627,0.0017979837617014
-0.16834758469432226,0.26849037597494363,0.8373766214305461,0.36171262083941697,-0.05021080587197002,0.27053120662559654,-0.25733994381594866,7541,1.0089752992051615,0.15303021737663164,0.11918937869665987,-0.1838893198862161,0.15232931968838387,-0.0377062527683921,0.17472290267032248,-0.09108783719894664,0.0091340298230422
-0.562427855634425,0.03686042502119148,0.42115556890866895,0.039911955551486016,-0.1367460308013985,0.11411594134402744,-0.2852847823982081,7542,1.0085670472531862,0.15228662263648365,0.9022680935814286,-0.18440651667959626,0.2894518010783271,-0.031805437307837386,0.1751594673910425,-0.09761288546475407,-0.0031441546708042
-0.5813475673896542,0.37525740804648705,1.04654104141672,0.25805822244524196,-0.12041699602350212,0.3226568160354463,0.9027301759497899,7543,1.0082007219972362,0.02273131873064156,-0.4081934255802205,-0.18492371347297643,0.23400741303662634,-0.013386482508258055,0.17719676942106777,-0.1150360378471655,-0.001115075782856
0.11444896345284454,0.43969803610599456,1.1582592861199608,0.41012989327681115,-0.1355283039098159,0.3371744798336322,0.1473536713326844,7544,1.0078766851052676,0.02509424168793926,-0.1917325683691841,-0.1854409102663565,0.21138247361928647,-0.019028330676230804,0.23613300671824675,-0.09494300062409666,0.0028386438811163
-0.3085068470458011,0.29209607625885836,0.8953312882990558,0.1516481706537771,-0.09849831585301821,0.26760633688234503,0.008105920683313103,7545,1.0075953067689136,0.047890275681659586,0.23024536206016621,-0.18595810705973667,0.2110957562287679,-0.009333460659522024,0.16395430622589996,-0.09897138044758445,0.0086190443514475
0.7257514147690906,0.09606976295279307,0.46716810853833374,-0.0037829442367451438,0.0015260068453207916,0.08666792893177487,0.09270720505561454,7546,1.0073569658926198,-0.016358361041263002,0.8471475007070005,-0.18647530385311528,0.33972382858177375,-0.0255968002201007,0.15134243651621482,-0.10993745025642469,0.0005991235224216
0.7257514147690906,-0.14810021491209402,0.027427539761048256,-0.16492557139032335,0.08867273056685455,-0.09182100755779084,1.3927511807242903,7547,1.0071620502886254,-0.11519047943192637,-0.008817802240656394,-0.18699250064649545,0.33494240963400335,-0.005419419284119416,0.15425286798767915,-0.1323455571717951,0.0068700365606844
-0.63357396211969,-0.239065208010898,-0.08016091851771627,-0.23749576136003328,0.13116043506916708,-0.15776781591138325,0.9723149350120492,7548,1.007010956877804,-0.04719856992116908,0.6604843075289526,-0.18750969743987553,0.44151318086778885,-0.007180737903050587,0.15910358710679093,-0.13497183034533766,0.0002190922552027
-0.5224173702525177,-0.21057445686074075,-0.010581284770905265,-0.16346337298626445,0.22456236162668722,-0.12009731163008304,1.2786768120091065,7549,1.0069040918968089,-0.06445040522195421,-0.049391332137491306,-0.1880268942332557,0.44058177942689647,0.00904299889310513,0.15813344328296852,-0.14652723325446979,6.25840755146e-05
-0.4550407505461065,-0.15598920248960846,0.09519408390927717,-0.15368279558946235,0.28813599624239145,-0.10887587588929921,0.5650269059609895,7550,1.0068418711115648,-0.13903238275587274,-0.06605519732609556,-0.18854409102663586,0.42755636887236126,0.030987389168373767,0.15716329945914626,-0.15387876223208105,0.0040990017787736
-0.5844798862600666,-0.17041680470957976,0.09650327284300066,-0.13185833403529082,0.3430387284259079,-0.12187499774091255,0.5231429314097353,7551,1.0068247200373934,-0.09586495665482643,0.3647302747871375,-0.18906128782001602,0.491868548250493,0.04650821746243371,0.15910358710679093,-0.156206955336508,0.0043841794875394
-0.6971135482634085,-0.16834849717302763,0.12497745497168085,-0.12391236690274453,0.394647346232542,-0.08225815280041719,0.4949677866321651,7552,1.0068530741660333,-0.14646587315912912,0.3951263774824397,-0.18957848461339455,0.5640794174357998,0.054258042492483,0.15716329945914626,-0.16695505110409953,0.0015277648761751
-0.8820275043611729,-0.14945889478671093,0.1823668000773026,0.008607110146558926,0.44264975660393907,-0.042618358571264316,1.3414177148024573,7553,1.0069273791996567,-0.1431208024776638,0.09023916264857752,-0.1900956814067747,0.5714030941896306,0.054968806251322146,0.15716329945914626,-0.16442787779966836,3.11313343772e-05
-0.9784060790471971,-0.13809447592786955,0.22731312381098565,-0.01605066409048761,0.5294672501490993,-0.03829741802437031,0.7334275837400244,7554,1.0070480912924187,-0.19994885781161328,-0.06948652451177195,-0.19061287820015488,0.5618702630168723,0.05420809907016503,0.09895467002983278,-0.16276494035423178,0.0053232884039833
-0.7925408523826492,-0.14176251191476677,0.24186858195464628,-0.043036485783348025,0.5362129580524335,-0.038473915751904494,0.09115126480369987,7555,1.0072156772994632,-0.21695846906211363,0.49534298572847174,-0.19113007499353496,0.6370561502783417,0.07230045019656144,0.09798452620601045,-0.16369345525445614,-0.0002477238785514
-0.40937044293943914,0.0035858421942099867,0.48414104861797214,-0.05270273401967484,0.6101371203982863,0.056046844933755294,0.6565261984192414,7556,1.0074306150339056,-0.20826601267192507,-0.09928444148314543,-0.19164727178691512,0.6310605541470389,0.09491060048283886,0.09701438238218803,-0.16393753022444482,-0.0055132254992728
-0.049701752641029315,0.26256134317751567,0.9276894725392102,0.22290225362536348,0.6003141935766437,0.21663252004624517,0.7303468603292055,7557,1.0076933935319878,-0.23882310148672814,-0.6612586361550609,-0.19216446858029532,0.532473749898061,0.09910347218815642,0.09604423855836862,-0.1391987009635506,0.0024293008371498
-0.36425836436418635,0.06835094505772393,0.5841076042131386,-0.048860951692952286,0.5432661127474765,0.03765356708294577,-0.07588708746313665,7558,1.0080045133267177,-0.24579291097672146,0.186641417680053,-0.1926816653736739,0.573091136340592,0.0958334893696345,0.0950740947345462,-0.12068871317702735,0.0093518921471742
-0.0934724271183596,-0.17589632686321477,0.17225143318279373,-0.19182514618980095,0.4650302140111956,-0.11244556827018437,-0.26017778675992254,7559,1.008364486730286,-0.2403991586026526,0.9254460469249025,-0.19319886216705398,0.6997821061973805,0.07681495894577925,0.09410395091072385,-0.14791103294586533,-0.0075722594706801
0.20191728465642042,0.11324085277683699,0.6224414284684758,-0.002661332081664616,0.49917983304630686,0.06827235559085204,0.7394567603751702,7560,1.0087738381256233,-0.21266457448829373,-0.8809282761119132,-0.19371605896043415,0.5803252282073151,0.08116978191280384,0.09313380708690143,-0.1723845742574918,0.0038150182101093
-0.3123760060304918,0.08157414376364304,0.5720261512256799,-0.1048807201323277,0.39236398618929624,0.04830800693926048,-0.08761739640119165,7561,1.0092331042673932,-0.1278404082358224,0.3346039496213748,-0.19423325575381434,0.6300132680784648,0.12066957319170361,0.0921636632630791,-0.15208623405953525,-0.0028117661807733
-0.2507749107951871,0.07037620483998257,0.5539365504944628,0.014739387711685486,0.39303518118356706,0.03494309267863507,-0.08746803726283015,7562,1.0097428345928423,-0.05832562406241231,-0.37276914985932563,-0.1947504525471945,0.5789013926591192,0.12905352577112095,0.09119351943925667,-0.1542121115793658,0.0053295322444277
0.33812479800670725,0.006957914421637221,0.40876652787428186,-0.16667328129576228,0.4089600924160389,-0.06667365169367026,0.1845580673789344,7563,1.0103035915427878,-0.0019020126672496603,0.4962479072508448,-0.19526764934057458,0.6501168134933428,0.1162609667014794,0.10186510150129997,-0.15855112166270813,0.0067807060305153
-0.26135867145443187,-0.16275332895050518,0.13801281065325757,-0.26944079325844655,0.3400935024831312,-0.16609511174099081,0.7286335636709559,7564,1.0109159508931496,-0.09615634593160224,0.6510785298223613,-0.1957848461339532,0.7492712092356247,0.04964238927211752,0.10283524532511938,-0.17428090483196992,-0.0028776979287132
-0.11485060450096693,-0.1589712448587818,0.14072225075766748,-0.3645072612336408,0.381656682597934,-0.1662288966762003,1.02927253553584,7565,1.0115805020975865,-0.19327883058578346,-0.37982944703292393,-0.19630204292733336,0.696647678908001,0.04774661718772859,0.06111906090078057,-0.18626845885650378,0.0068772834476118
-0.5966395601406421,-0.20364671985805988,0.09061367162891461,-0.448113595762088,0.4089671493782325,-0.2347323790732013,0.5717131778155327,7566,1.0122978486413503,-0.10840851493385745,0.6613666817924108,-0.19681923972071352,0.8008337624255805,0.04554229425242685,0.06402949237224474,-0.1885994700169143,-0.0015246227655059
0.061415436409363144,-0.19063270580497851,0.0951224779328274,-0.3080833284094668,0.4593925078451839,-0.2348886335087163,0.8738598763175365,7567,1.0130686084070881,-0.16859068906464347,-0.2354578182086173,-0.1973364365140936,0.7345030396983699,0.023199924693230983,0.060148917076958144,-0.198359350331626,0.0022598869828101
-0.03223495739910828,-0.18489522507783213,0.09580424774477261,-0.38400619121607465,0.4754778606134521,-0.23702383630594684,0.8176829267296105,7568,1.0127217665125057,-0.29690418270459024,0.16842636515593723,-0.19785363330747377,0.7571520097920564,0.03252336604396167,0.06402949237224474,-0.19816372302519314,0.0083183522376018
-0.6283890891744787,-0.203555688601255,0.08789038542770289,-0.2906658825386916,0.5261106972978083,-0.2767518686377058,1.176388857869755,7569,1.0135222515122946,-0.2845467613962726,0.8150738192685496,-0.19837083010085393,0.8833134433950456,0.01961581668427776,0.0950740947345462,-0.20605580963664263,0.0031125347067264
-0.2902049359538181,-0.2445603379262085,0.03012159164707616,-0.3380986118661991,0.5421305397276787,-0.2855709247807017,1.777120907820297,7570,1.0143771386956004,-0.35738094472449033,0.259458750415661,-0.19888802689423254,0.9376649087583416,0.02263671329992532,0.0950740947345462,-0.21672337348917986,-0.0019581260052752
-0.37881248887011393,-0.10471315751170178,0.2571170676688824,-0.31704665024582585,0.6113302268701197,-0.18405841654076546,1.6722923905517828,7571,1.0152870844505584,-0.385510639831361,-0.281804916915594,-0.19940522368761263,0.8871558648890897,0.029752958358663956,0.11253668356334026,-0.21022119621379562,0.0001207362523636
-0.3019053485087483,-0.09359564708490506,0.2792569038142001,-0.28094953478227663,0.5737890807059013,-0.15984338381356056,1.2195456514814407,7572,1.0177462880033699,-0.3180414671476419,-0.05982442910001872,-0.1999224204809928,0.8840540890450578,0.01979617445789823,0.2211927918313909,-0.21222281077219232,0.0011468583864098
0.011064012961720722,-0.08055445492750779,0.2866071142018508,-0.21037101504545822,0.6470353511998198,-0.1577084184525076,1.8647099195687544,7573,1.018851358179462,-0.32033428386722573,0.04965692594372057,-0.20043961727437296,0.8945969120965307,-0.019376180882938965,0.22701365477432234,-0.19831203905703648,-0.0088930425386507
0.6510489681072659,0.2139699296389818,0.6865215871910584,-0.09034404689083213,0.6450443342580199,0.08048190227976985,0.833399646034281,7574,1.02001460331537,-0.37863450399174353,-1.0220038990221136,-0.20095681406775304,0.7424102623184032,-0.048193838930582406,0.22701365477432234,-0.2004093815915417,-0.0160294427854465
0.8671884335220501,0.24069520708517533,0.8191639241325412,0.12922896396420783,0.5035646865400628,0.1581484540447332,1.03551233677296,7575,1.0212367712225083,-0.34055083479807197,-1.7836304960499567,-0.20147401086113165,0.4863244708227486,-0.03802517151086562,0.22701365477432234,-0.18217244238849964,0.0104791343267483
0.17263413654947832,0.41214563655101677,1.0889531802803223,0.2792131808727875,0.35074874475740037,0.2920616903620165,-0.3729071862003371,7576,1.0206867956642958,-0.04867920243802244,1.0458105516746747,-0.2019912076545118,0.6364929172771598,-0.07237495978064486,0.22701365477432234,-0.1387868231277605,-0.0008259658545246
0.20821966145566978,0.5459013610766459,1.2555977447160742,0.286647067329817,0.3154042804638732,0.2920764618029538,0.12969252951355914,7577,1.2895517774574323,-0.26951675756978605,-0.16092945522094268,-0.20250840444789198,0.6159458672593181,-0.11105006077827725,0.22701365477432234,-0.16759881479392089,0.0032453616028327
0.9876715116795932,0.38732488118045594,0.836664271453429,0.29685992321980353,0.2531704972037541,0.1948537679426198,0.6465777140663811,7578,1.509178602801885,-0.16489864451014272,0.2736580330776189,-0.20302560124127206,0.6582262683921372,-0.1316644187059903,0.2894424098372598,-0.16232163211549858,-0.018157959195909
1.0697188865412393,0.7437365916191171,1.6707743048608028,0.33416145583833884,0.17247563201970456,0.4292823139161171,0.38700856199475414,7579,1.5093887937478145,-0.0922668767574148,-2.010933419076834,-0.20354279803465222,0.3730659012387578,-0.13789669432486146,0.3602629089762576,-0.1793097489616126,0.0074285891650383
0.6825944825762476,0.8762238636581438,1.8339444609182876,0.3135261818393178,0.03796376463418755,0.5294688388619787,-0.11713874450985158,7580,1.5096629304614466,0.11792827773734203,0.7201793523426473,-0.20405999482803241,0.47982894183681,-0.1597236922704775,0.4121656035507274,-0.13178868988368372,0.0152412686395265
0.03778157939662886,0.49182171489420573,0.8875802187011333,0.12678186356148075,-0.11548770308898305,0.21904803047951338,-0.14586994562708144,7581,1.5100016486023227,-0.07032378454911328,1.5540245454089991,-0.20382725627101136,0.7067043987118179,-0.1867092617470571,0.4374863573524786,-0.1490129215491023,0.0115480460561885
0.37518555581931984,0.32471690415166293,0.5650691204535196,-0.23548315515104365,0.6298729859334647,0.0893051811855003,1.2203909459434863,7582,1.5104056002870792,-0.22307843191514426,1.1598481710839732,-0.4356089992242048,0.8770841067986147,-0.24593144650118534,0.4383594867939173,-0.18593117684359067,0.0033647781356909
-0.053909751173703786,0.28975150282909135,0.532310833705373,-0.20748769823778418,-0.22145268064260926,0.04114285360151334,1.23355149147904,7583,1.501095180999576,-0.31470725408401684,0.2863717038744268,-0.6253426428756141,0.9225769301761128,-0.2090197711655734,0.4383594867939173,-0.1877508709288705,-0.0053296604127373
0.22214230429683995,0.3856168645027663,0.7267196170566623,-0.21871303746990206,0.6298729859334647,0.12998269600631565,1.203574302245444,7584,1.4911569822070316,-0.21704165998322955,-0.6416987223849947,-0.6258598396689935,0.8292384537083152,-0.20287713004171223,0.4501467342533551,-0.19334233144372548,0.0074653821433305
-0.10324980860132217,0.3055285577511373,0.6053008868805996,-0.36853324040532276,-0.05500205512285858,0.09486171736455153,0.12367270929948491,7585,1.4812849192646638,-0.1704138778427193,0.7241171513694784,-0.6263770364623727,0.9378913166861691,-0.20845226468631733,0.47343018602508036,-0.17894596013824118,0.00173299864141
0.27550539596075635,0.33170890067575276,0.6581548588508603,-0.3554769569340268,0.03139624204917574,0.09710185417345574,0.41106097187590807,7586,1.4714782246968696,-0.22982762841714546,0.11222165141921138,-0.626894233255753,0.9606880603878022,-0.2326130470922296,0.3880575295287551,-0.18733151111355514,0.0064427609695643
-0.22588917684515572,0.06275969653429564,0.20592622050355008,-0.5193522897362989,0.07031238517115163,-0.07512397934154307,1.69044111963478,7587,1.4617361434619147,-0.21557985174489205,0.61486589386002,-0.6274114300491331,1.055615811051345,-0.21744717875085356,0.38029637893817897,-0.18308989178659035,-0.0010669196942446
0.4506835566014076,0.13943453986140236,0.32557206983062614,-0.3240361954286132,0.2716112409938125,-0.004395272223591194,1.5304336326950736,7588,1.4520579326936496,-0.3003223193766927,-0.18674581247214703,-0.6286785621929145,0.9983646935404252,-0.17077842891738806,0.3735053721714253,-0.1964016305262047,0.0016020888415042
-0.1526575901979682,0.051674783791267186,0.2016840998717667,-0.37956366950787485,0.24617489497908235,-0.04414848630525073,1.4141063494480064,7589,1.4424428614497815,-0.3999731826044495,0.09812830550536165,-0.629195758986293,1.0198455196463458,-0.15804699271668432,0.45790788484392825,-0.18745129769634775,-0.0025770144737492
0.2411666207491708,0.2665169408790666,0.5862570400793935,-0.31317776041239453,0.3003388300131977,0.08835147453037275,1.5994255037102634,7590,1.4328902104663788,-0.24541267742281064,-0.34792908021245544,-0.6297129557796732,0.9657105388283297,-0.143752571816756,0.49768378162062527,-0.19179017084156802,0.0047812790043075
-0.5662622433896023,0.18231009658647682,0.4775857495580173,-0.3717229073274189,0.2679565724098361,0.02636654843559728,1.469427903755019,7591,1.4233992719186739,-0.2272512061488309,0.4374810765669796,-0.6302301525730535,1.0325501441907732,-0.13007209306642067,0.4724600422012581,-0.17240827887021204,-0.004108293516053
1.4397628054651053,0.40264761363896284,0.6659501286214612,-0.24377830736101114,0.3183705888899333,0.19854957325071537,1.469034602237639,7592,1.4139693491877368,-0.39471851098380834,-0.5113760557642261,-0.6307473493664335,0.9643247260795286,-0.09649283560602744,0.47148989837743566,-0.17661597612323446,-0.0102982638758788
1.3149689137168394,0.6865142110848503,1.1578601898241088,-0.07304827727005159,0.2345994673214021,0.42158840144512016,1.2122502735274716,7593,1.4045997566329114,-0.3310265703621879,-1.1720918726931508,-0.6312645461598133,0.7910736726928634,-0.0984203422492118,0.4394751521913148,-0.16263685929812605,-0.033165407121108
1.862896563004313,0.9607152135621476,2.013092802981141,0.394147079800135,0.0314140427637872,0.5984988834115241,0.4798877880317407,7594,1.3952898193700394,-0.27776469062675285,-3.6127763628178444,-0.6317817429531931,0.42110926950788125,-0.11456143713846605,0.42880357012927156,-0.14869055232237258,-0.0303020904709541
2.0544443277736133,1.6473480009559218,3.588821471159895,0.6258914040577364,-0.14277661775695796,1.045031285060139,-0.4968199508685413,7595,1.3860388730549258,0.02934762232375174,-3.3070647603107264,-0.6322989397465731,0.3118238533041202,-0.18449318141924284,0.44626615895806554,-0.1349378498435184,-0.0036782346771288
3.277068082516761,2.416495594501236,5.004579956023378,1.131844495108606,-0.3650509487898115,1.584294305290346,-0.7829965882373531,7596,1.3768462636722738,0.10679504100897072,-0.46522336809688597,-0.632816136539953,0.0078333939387445,-0.2244083946442991,0.5044747883873789,-0.11042168273131135,-0.0384761274050449
4.314339686807063,2.6551192151308465,5.564007394631979,1.220248563466592,-0.7582856160532891,1.7792106552768885,-0.9262545521889998,7597,1.3677113473297198,0.3022643207354467,-4.229237965776272,-0.6333333333333329,-0.2323057893068896,-0.2655381438814491,0.521937377216173,-0.06647465451999389,-0.0042015395634766
6.358821594923492,3.801098165816153,7.607753139910597,1.606885802790825,-0.581330015784724,2.4991109981552273,-0.9819888098837585,7598,1.3586334900568353,0.5054337981402676,-0.520699963009648,-0.6338505301267127,-0.6149055872561986,-0.3174258059296743,0.5306686716305715,-0.04011499826598619,0.0394039010910052
7.370422118328478,4.212082267549626,2.812726796720832,1.6533227380728628,-0.9085822057529174,2.858296618379816,-1.00897562255487,7599,1.3496120676090206,0.8467973113021868,4.1595053696762285,-0.6343677269200926,1.026833063145781,-0.3767574610409081,0.4588780286677505,-0.01150704367361432,-0.028632437138145
9.413514948204979,4.470463213375446,2.5341100582813287,1.909119536280431,-1.2681366496222586,3.0923858413717977,-0.9926845060826502,7600,1.340646465276128,0.9565228818256221,-3.1274188823102507,-0.6348849237134725,1.026833063145781,-0.31079182780914466,0.487012199558585,0.009879410680182926,0.0394331747723585
2.843615773795426,3.2923563929644124,-0.4410721255652553,1.5595029373594547,-1.495986433950314,2.527736450500976,-0.934107465647991,7601,1.3317360776956186,1.0272909131765093,4.162697839857108,-0.6354021205068523,-0.2096600266380958,-0.29627486680992865,0.4986539254444477,0.022074708746144985,-0.0332417053155357
4.672985743414083,4.594883730465175,7.607753139910597,2.0587332024128133,-1.5348507183663467,3.584017826744765,-0.7458996369133184,7602,1.322880308670265,0.5163235614495165,-3.61738140771431,-0.6359193173002322,-0.7092483324106211,-0.30196253175963167,0.5054449322112013,0.04866741916711237,-0.0165311116632185
5.924375734391231,4.938907516212368,8.092532522873245,1.8121363018675825,0.4347975127378643,4.152801879022086,-0.7610716754270445,7603,1.314078570990101,0.8793247962544011,-1.8333041534899162,-0.6364365140936121,-0.9528387913410935,-0.3324199505310251,0.46954961072979096,0.06700173800563519,-0.038616555106953
8.367548135281805,6.925120101235926,10.467184513461262,2.8540218633777563,-1.7658282381518111,5.631248146070578,-0.875191172506121,7604,1.3053302862586231,1.1596761574785919,-4.244487667737073,-0.636953710886992,-2.0074016443227647,-0.35680558131146073,0.4724600422012581,0.12367003640930602,0.0395462048449403
8.378888521649673,5.623302348027339,8.293331959436324,2.784545829945431,-1.9002384866155515,4.813871109257463,-0.9327723488368951,7605,1.2966348847231033,1.221388986474602,4.1749735708661735,-0.6374709076803718,-1.3753008166957574,-0.4228810340536,0.47148989837743566,0.2211239393285796,-0.0386743964585827
6.249805847395247,6.564427694430896,12.76453654110331,2.9329370460103665,-1.894413752250676,5.691241907336235,-0.9315856011910565,7606,1.2879918051087962,1.5228090630431312,-4.250784107346296,-0.6379881044737518,-2.04211207435173,-0.5525646972859741,0.4705197545536132,0.3382897074329376,-0.0387887954570089
14.355221836246368,9.551220473264529,15.386214443611282,3.699655864126684,-2.119794287911058,5.66424471476669,-1.0021405025159604,7607,1.2794004944571615,2.14756901213614,-4.263211197055463,-0.6385053012671317,-3.2400606728662282,-0.6475272650744226,0.4967136377968058,0.42064796299233015,0.03976389381889
12.309097686844499,6.678400369348476,6.756092756502861,2.719427071489142,-2.254813186249139,6.052034286277527,-1.0291910936287858,7608,1.2708604079676786,2.1606764669158163,4.198659106433984,-0.6390224980605116,-2.171099095897255,-0.6919587606283099,0.4996240692682699,0.4746512318902625,-0.0390166329351128
14.525815240833236,9.847130146087459,19.969258117688195,4.212123679535254,-2.606152026142919,7.06845888052803,-1.0279652719851031,7609,1.262371008843499,2.655984831039366,-4.288016167642249,-0.6395396948538914,-3.6480645284592854,-0.7321004969016937,0.4986539254444477,0.5247584950410742,0.0399350206044028
10.89295526234308,8.533840067112846,13.873744212762093,3.858404440497271,-2.6389443739854173,8.272946745655487,-1.0264667860712329,7610,1.253931768140501,3.1754678776959198,4.217272562018699,-0.6400568916472713,-2.9806200181662033,-0.7531002970533989,0.49768378162062527,0.6251075853184445,-0.0390788209567299
11.313897921936537,8.286144532227329,12.094829186666258,3.3381264401749378,-2.6180668360971673,9.023777583027611,-0.9243686948516985,7611,1.245542164619877,3.772287199891545,-4.294784633463889,-0.6405740884406511,-3.5574413156631595,-0.8274213729884581,0.4656690354345044,0.8096100380276424,0.0021249997277776
9.27344963097949,7.472576883447227,7.829222708416209,2.888676200410172,-2.73562857611496,8.095700828568207,-0.8506315862575462,7612,1.237201684604192,4.4076598217704115,0.16065372388924992,-0.641091285234031,-3.4861192034569473,-1.0628664644097294,0.46954961072979096,0.9410053773631505,-0.0391013318565486
7.961076714103704,6.563026226556955,3.4615919560083794,2.958223385462822,-2.711309293161407,7.248612351649529,-0.9498998665669927,7613,1.2289098218364665,4.5985132903754105,-4.29721407931183,-0.6416084820274109,-3.9264010335942148,-0.9427423249164074,0.46954961072979096,1.2641646702661062,-0.0255681817780005
10.983754777007636,5.901722451231717,-1.1907704898888107,2.232066583052311,-3.0139931552660397,5.820419206907722,-1.0057630167874325,7614,1.2206660773427291,5.697639598895212,-2.7951758678547276,-0.6421256788207909,-4.190153797775018,-0.9935762192060931,0.4676093230821491,1.2151197633697934,0.0400843730605005
5.3009652307964,5.807150495085125,-0.11240482240744581,2.654425684954191,-2.9808345198918187,5.092034553853591,-0.9896334112956099,7615,1.212469959297551,5.873868848367402,4.233522544781108,-0.6426428756141707,-3.245372318693639,-0.9797781725502009,0.44529601513424605,0.8270307064962117,0.0149701828447535
7.5079647728898955,5.966026617303617,1.4762395296447648,2.8996494964768535,-2.8887850078557977,5.2387280965697505,-1.0025248911807179,7616,1.2043209828924912,4.113391593455888,1.5318308206229474,-0.6431600724075506,-3.1076774629471613,-0.9342599795902904,0.44141543983895654,0.6430607258977504,0.0401282037051165
5.796399508236015,5.5307477719322575,0.2538828025423133,2.984079522407347,-2.7230456884569936,4.6195848425641115,-1.0155543521986352,7617,1.19621867020776,3.9041023938567934,4.238331040824053,-0.6436772692009305,-2.4259541784424847,-0.915687814902988,0.4404452960151341,0.9119979715275116,-0.0297856047488332
4.405516250929658,5.942193036765499,4.336242161129312,2.951684987712476,-2.5956458637122575,5.322396000024921,-1.0139732885395885,7618,1.1881625500864736,2.878269721522243,-3.2448939245394186,-0.6441944659943104,-2.803817214917629,-0.9620908682170664,0.43462443307220283,0.7713544238160374,0.0324757317241138
2.7024832431630705,4.922698802783693,0.2587801744194313,2.8139174396391153,-2.478764266394666,4.6623211339098205,-0.9979847979972992,7619,1.1801521580118592,3.3040566616025435,3.40033858212176,-0.6447116627876902,-2.4282005782259635,-0.9917071850907546,0.512235938977955,0.9388718417703404,-0.014905407966341
3.5764047719767027,4.480754600063815,-0.7464927926771779,2.6916322228847624,-2.354287978370329,4.229942383622314,-0.9825741155176694,7620,1.1721870359871538,3.046001574556333,-1.657235400674278,-0.6452288595810701,-2.6039218239784705,-1.036158940137339,0.5064150760350237,0.8768337149988863,-0.0392828875321983
2.890213147994087,4.812068730368725,2.38313250162812,3.113707653112247,-2.3586926478873087,4.536344715671976,-0.9667918310541685,7621,1.1642667324180933,3.2078310237079934,-4.3169940050280715,-0.64574605637445,-3.084231167463497,-1.0298702756532911,0.5151463704494192,0.8850285443824326,0.0230753604357363
5.040089420733367,4.104790730139058,-0.6605171772097468,2.8406361482975626,-2.3988817953250874,4.002889776198744,-0.9793002686679062,7622,1.1563908019980735,3.8992090611433277,2.3966387355214325,-0.6462632531678298,-2.832066458238593,-1.084239849618533,0.42783342630545207,1.0626745505638264,-0.0144541951254662
3.4394233943695567,3.635241962767476,-1.9340837522364283,2.4926199522050227,-2.4258395451830763,3.6617857148753745,-0.9918830425247386,7623,1.1485588055956895,3.6295936021013047,-1.609224620600741,-0.6467804499612098,-2.9845229682392285,-0.9738348418354703,0.4520870219009968,0.9984421633707621,0.0402315169721561
2.4474107242551293,3.4466908521204265,-1.7365277030550912,2.653768277707383,-2.3790994763814384,3.4178619879613357,-0.9902452957561639,7624,1.140770310144896,3.897515947548126,4.24958316703209,-0.6472976467545896,-2.2340891126659814,-0.8982550565909095,0.45305716572481924,0.9845743833896781,0.001019406665355
4.411018603813858,3.579721793533606,-0.6373325575332732,2.910480484258724,-2.3443854889908904,3.432920008836253,-0.931037885502278,7625,1.1330248885373726,2.7950402454102683,0.04236492540692699,-0.6478148435479695,-2.2487650750229724,-0.9224329744887065,0.4520870219009968,0.8983309410062403,0.0335684381103916
2.4638431318049574,3.2069790293289264,-1.3991248124410005,2.8757278803293196,-2.2804880909735323,3.187094167261587,-0.9150644000126563,7626,1.125322119517369,2.5746315653976444,3.51632597217446,-0.6483320403413494,-1.863008579163569,-0.9296369240512153,0.44141543983895654,0.9730162705930471,0.0152173117359897
3.161347470397055,3.0154893430683245,-1.5479935911024145,2.751027771721525,-2.1876788472310587,3.049198725069216,-0.9289238932371252,7627,1.1176615875786742,2.015902245587,1.5573583553526433,-0.6488492371347292,-1.6938873774647822,-0.8865666401283654,0.44626615895806554,0.9369125738412972,-0.0091301220322371
2.5159843850313557,2.949938654549921,-1.0987241823765344,2.7197613172451494,-1.9511963931748013,2.9549812311400925,-0.8566898444062395,7628,1.1100428828639233,1.8443048713112689,-1.0415683155175948,-0.6493664339281092,-1.7631012717990229,-0.8909077235457654,0.4404452960151341,0.885259497388341,0.0294928535581558
1.4798125695278133,2.583603460551277,-1.7365700864321156,2.51892301171144,-1.8704910946220814,2.520224333334897,-0.8985345243522411,7629,1.102465601065955,2.2235085942920305,3.080971923590046,-0.649883630721489,-1.4053938130999846,-0.8664675500041538,0.43268414542456113,0.8649401927497252,-0.0212481060758261
2.2213334529600397,2.8937651048119335,0.0991832781902403,2.532950582528084,-1.7855617018489014,2.845370061425447,-0.7644940616631272,7630,1.0949293433313338,1.7515564751338994,-2.3347808366277545,-0.6504008275148688,-1.6718431411427803,-0.8768650770265454,0.42880357012927156,0.8213736755477256,0.0048243088179234
2.0374305599410274,2.8067184167047294,0.3437077600993308,2.3703681573758972,-1.715235917922755,2.8226524756159126,-0.8834965744667383,7631,1.0874337161658585,2.132002269128843,0.44822329038001496,-0.6509180243082489,-1.603555900082249,-0.9269690908559015,0.43559457689602527,0.9329789509731178,0.02701540649154
1.6053693204172996,2.5945711783901793,0.10787277127119274,2.1614599168073476,-1.6859578792825,2.5813576154599605,-0.7644940616631272,7632,1.0799783313421192,2.088252238251809,2.8168788906965263,-0.6514352211016287,-1.287186439601958,-0.9289511219008652,0.424922994833985,0.9571237154931329,-0.017617917823691
1.7056230626424709,3.1663283684073256,3.01457314961882,2.561606168215649,-1.5616297523485565,3.002734766749804,-0.7816233163138828,7633,1.0725628058089307,1.6275335893355531,-1.9470861084774271,-0.6519524178950086,-1.5054669801984841,-0.9295781354421117,0.424922994833985,0.9071664621854442,-0.0303632943387927
2.6810701728288335,3.310762940832321,4.014370192753532,2.6999469439580954,-1.5612225211488846,3.2538716567184505,-0.7525407155233915,7634,1.0651867616028083,1.8003885675270386,-3.3074380785514337,-0.6524696146883884,-1.8707811987389562,-1.0084876948124084,0.4268632824816297,1.04319379807174,0.0221945504917569
0.9019940039116091,2.9466114867024134,2.9682746225307213,2.4963838769930775,-1.6234843869265907,2.9601988773452397,-0.8934285479194479,7635,1.0578498257610407,2.3020030503759568,2.302418238087133,-0.6529868114817684,-1.6059740375583784,-1.0746218262745713,0.4608183163153954,1.1334336751723586,-7.16590026031e-05
1.8152196003649566,2.8735107252791185,3.0549116605427424,2.6193696454827466,-1.7092746538177546,2.937099576677144,-0.7775347412987837,7636,1.050551630236841,2.076562840416816,-0.07425464983381472,-0.6535040082751482,-1.6125468312147522,-1.1222280494622257,0.5306686716305715,1.106142903328352,0.0139386555118006
1.315684494465821,2.3134228052547168,1.2675788469589824,2.2752127548114403,-1.7053682949163371,2.5717492286364187,-0.6903220495107218,7637,1.0432918118160568,1.9732139216472226,1.4211570873946866,-0.654021205068528,-1.4492467536642089,-1.1093958392803762,0.569474424583446,1.1103637173246914,0.0144184896888317
0.7141858289874783,2.041380596951454,0.7322667409144787,2.0450100714076482,-1.6391852838067615,2.2770091847362974,-0.8033526513379013,7638,1.036070012035704,1.7069650620567058,1.472363051992484,-0.654538401861908,-1.274813982471113,-1.1218572401531928,0.5549222672261163,1.0245763815251603,-0.0045985019670946
1.5934433125095224,2.0651786744150544,1.1006484518907758,2.3300457341655854,-1.6136413330539805,2.2740552791081186,-0.8018676823986077,7639,1.0288858771041434,1.4161831012281434,-0.5574409396514097,-0.6550555986552878,-1.3395157156744049,-1.1950086268604596,0.5629259537726473,0.9378193148624342,0.02617856009891
0.9357820090028659,1.8255692137902444,0.6411827930226849,1.9459117366415941,-1.5800084548928752,2.033731581187218,-0.5581508630278723,7640,1.0217390578228882,1.4239971043173263,2.727663565963047,-0.6555727954486676,-1.0213463742040974,-1.1960714954450942,0.5578326986975833,0.959969714627806,-0.0093107329077438
1.5066614210946825,2.115274324300429,1.8486630748777106,2.1640997615705095,-1.5165408382126517,2.224176205705453,-0.6573028273957962,7641,1.0146292095099574,1.1885379723805412,-1.0603613838291905,-0.6560899922420477,-1.1368862756846372,-1.0899536887276846,0.5646237054643372,0.8868917510127446,-0.0264734234780369
1.5511247204909648,2.414252268114511,3.1554491138290843,2.6106658710612227,-1.501777277357464,2.5480658988040283,-0.8131826601135262,7642,1.007555991924943,1.3042980739521361,-2.892273125631543,-0.6566071890354276,-1.4825452684736034,-1.0160747449721117,0.5710751618927513,0.9429850014769573,0.0027582304853595
1.0122572789613704,2.2856646063771655,2.93238460583495,2.3222214183999452,-1.475579374046703,2.428243136679952,-0.9401680714556988,7643,1.000519069195407,1.541430066742196,0.22776998193662396,-0.6571243858288074,-1.4344630846301347,-1.019738151947708,0.47148989837743566,1.1011654726383682,0.0092393414681202
0.9315262599175264,2.0447708510304436,2.31368736917023,2.453971047923658,-1.4753059685394148,2.2525919367616036,-0.9099024465997276,7644,0.9935181097448447,1.4248807479015126,0.9195509856560625,-0.6428756141711917,-1.3294327130048416,-1.002106005340342,0.43462443307220283,1.0815129279525846,-0.0067787133833138
1.3683418974173291,2.0910684298650724,2.643020661170577,2.401376672178881,-1.4375890964012628,2.2632771498835877,-0.6944412925961683,7645,0.9865527862221671,1.2747654604431742,-0.7901740079699694,-0.5987845875355567,-1.4158007964530432,-0.900454314765734,0.4540273095486417,1.0279044849687635,0.0120668425390575
0.8355191218294272,1.8202911657061889,1.940622004289695,2.4602217137152715,-1.5237009260324985,2.0686856545419077,-0.7078016035859777,7646,0.9796227754324448,1.3472527920623205,1.2213202589402694,-0.5627101111973097,-1.281632989337974,-0.9370815365972318,0.5238776648638178,1.0638017330797738,0.0165461623861944
0.4175842841436115,1.4734353638806825,1.10125233726461,1.95882318839138,-1.4918136564106483,1.7974474845685384,-0.6070374777442394,7647,0.9727277582691835,1.2416185888200733,1.6995310210053047,-0.5627101111973097,-1.0817824523618358,-0.9196559315973977,0.5258179525114625,0.9735200711178508,0.0002051702058993
0.575861009641305,1.4308364344796007,1.1639605667915098,1.9517218899289979,-1.385780535792812,1.653556167118983,-0.5488680913026813,7648,0.9658674196478158,0.8929963881811575,-0.04471745875724978,-0.5627101111973097,-1.0830414309717695,-0.87380405678711,0.4947733501491611,0.9050368099598778,-0.019931623807661
1.235454329717903,1.9713980320252233,2.9509278135993773,2.3204708791760074,-1.3426221426939424,2.0828870968748054,-0.5904856668115408,7649,0.9590414484406121,1.0940735551825027,-2.1941219162461993,-0.5627101111973097,-1.2415458606655583,-0.9012660945775536,0.487012199558585,0.860184749326692,-0.0176858408339894
2.757403013337711,2.188693197804902,3.577808182690534,2.2909462058778765,-1.3475345815246906,2.3272773853876147,-0.6040796808887173,7650,0.9522495374128198,1.129581351537807,-1.954476276185598,-0.5627101111973097,-1.4548285706630433,-0.8827328267501985,0.45984817249157295,1.0256200017831103,0.0119673292214568
2.483409436019769,1.9201136275167752,2.575071346569991,1.9792219874435446,-1.4255788247525856,2.140867187562479,-0.8165236413181488,7651,0.9454913831600734,1.3300883852812022,1.2106878145978637,-0.565580553400568,-1.320921423213617,-0.909780860096097,0.4501467342533551,1.1005664635305477,0.0045969754150492
1.529647912343344,1.845446119546313,2.4115398680291547,1.78315441849945,-1.4290231100182773,2.0914246687495877,-0.8150047073078442,7652,0.9387666860470513,1.321132607198595,0.42399078572023113,-0.566097750193948,-1.2767290827587785,-0.8618808201715341,0.4491765904295327,1.0591264649363272,0.030459689688024
0.6444801207041297,1.586977918365461,1.7661870337816654,1.5398731561870205,-1.3831804399935654,1.782614828958383,-0.6147547059330992,7653,0.9320751501473004,1.3509725824315917,3.184569102131533,-0.5666149469873283,-0.9018258766082436,-0.8265478515580073,0.44820644660571024,1.081500574241117,-0.0102711863692064
1.494332751529459,1.7058088912343885,2.1936402906762704,1.786694168146039,-1.3266735405076397,1.8936865985942042,-0.415244461792368,7654,0.9254164831841989,0.9866270907110872,-1.16298587717527,-0.5671321437807084,-1.035398961386613,-0.7499087641192684,0.4501467342533551,0.9500163209435413,0.0169880465391636
0.6456857468164199,1.4532155280602073,1.5784587734046247,1.391465602510436,-1.3082431259986664,1.701760114738993,-0.628316588343264,7655,0.918790396473171,1.1778876847854307,1.7465676770743215,-0.5676493405740886,-0.8352788595060376,-0.7493985253999802,0.4540273095486417,1.0320731055363173,-0.0069039838336594
1.3377513020620295,1.6028129766317503,2.0816415949054567,1.6840945371691804,-1.122915985668045,1.8382728149410241,-0.5563271491724912,7656,0.9121966048649438,0.7857111406503492,-0.8036205230923387,-0.5681665373674673,-0.9360266842404265,-0.7150223395602467,0.4559675971962864,0.9659207175355302,0.0018990772875966
0.5126769393768891,1.4659030307984084,1.8097790907433484,1.6683150627695007,-1.1088312222011827,1.7418237420912404,-0.669733751291119,7657,0.9056348266898656,0.6941278836092162,0.13603304970269972,-0.5686837341608474,-0.9108448408484457,-0.715418222351331,0.4559675971962864,1.028360373892333,0.0123206067797399
0.5691700355682792,1.4492937518170999,1.8781644258190393,1.4912397698911366,-1.115169365761271,1.6624875735516011,-0.6830016108320287,7658,0.8991047837033617,0.4433723957392584,1.2483743626622217,-0.5692009309542274,-0.7628504716218918,-0.7408180463316598,0.45693774102010876,1.0068102378432549,0.0148789621456993
1.5145280046363472,1.4091821585312347,1.774037676394104,1.2024563537443926,-0.992407377547137,1.5869220487550613,-0.4827961801574057,7659,0.8926062010324158,0.35065922397276805,1.5214375795356867,-0.5697181277476077,-0.5815456964922256,-0.7025497939475015,0.4559675971962864,0.9729811176726558,-0.0018449577257064
1.2517682854279846,1.5025937208973763,2.0842382735190648,1.476719384957331,-0.9928339969681236,1.6959206111754694,-0.7376462451827163,7660,0.8861388071230414,0.39238015126768877,-0.26373763931197214,-0.5702353245409877,-0.6127101697215449,-0.7462346768060637,0.45693774102010876,0.9516511331092825,0.0044558868242972
2.1528111375766223,1.3947537498242157,1.6880195384002783,1.3706452922259362,-0.9289981558146755,1.5897338597219697,-0.5090150706311177,7661,0.8797023336887544,0.2542952320373065,0.4087910682576113,-0.5707525213343678,-0.5561842660719183,-0.7312084351534631,0.45984817249157295,0.9971149783852052,0.0040417980189539
0.2774908897885273,1.463599251549978,2.013269869554394,1.3883052422848023,-0.8674257157459935,1.6579925344524065,-0.6217542760916982,7662,0.8732965156600804,0.11232824724697095,0.3646674401964575,-0.5712697181277465,-0.5128883153165308,-0.678643809050938,0.4676093230821491,0.9640734029505986,0.0082801506894874
0.5828926966096396,1.3256369634875502,1.7187589561472272,1.3649548132594247,-0.7186583945389318,1.5467678647280096,-0.4783129352990517,7663,0.8669210911349104,-0.045706353087658115,0.8170608450212639,-0.5717869149211267,-0.4125844654114285,-0.6771878281862185,0.47148989837743566,0.98487897164783,0.0133082314534207
0.2353622707223667,1.2086070182927833,1.5123700894671082,1.226644698155689,-0.6662337112252629,1.4328230319044801,-0.34914806048358493,7664,0.860575801329926,-0.23562550954990058,1.353685157992141,-0.5723041117145068,-0.24168638577156676,-0.6400475654338128,0.4705197545536132,0.961870625255749,-0.0026266895580345
0.8000031352585222,1.2220440649108513,1.605784691610318,1.2433352142621306,-0.5544109273347346,1.4241067878544922,-0.3788914410725375,7665,0.854260390532781,-0.2866580741470344,-0.3472090734417736,-0.5728213085078869,-0.2905566177533855,-0.6316364468057831,0.47343018602508036,0.906693663402612,0.0256294961204531
0.987328526245037,1.0945401451712582,1.3114331939007815,1.0195970104227277,-0.5246692151279737,1.2660556357192767,-0.5612409715721732,7666,0.8479746060552567,-0.3385401907282444,2.668822058448983,-0.5733385053012671,0.044945476951350184,-0.6171193728491413,0.46954961072979096,0.8947028270957573,0.0120874304728598
0.41128704990066933,1.2197045804576863,1.7135345173645424,0.9897609036554612,-0.2849782478048059,1.3363500431918773,-0.3004848518408825,7667,0.8417181981873434,-0.5256130613023914,1.2233470782574716,-0.5738557020946471,0.19991069829544897,-0.5496162069060827,0.46857946690597146,0.8722029000854158,-0.0074566831226626
0.7764781181772635,1.3904657890916299,2.2247697203349532,1.265269162513479,-0.19797723624610966,1.5075878433943188,-0.4320499518259762,7668,0.8354909201520455,-0.6266895150870292,-0.8627958403431963,-0.5743728988880258,0.0892519396600608,-0.5777412924941588,0.5083553636826684,0.8451146999023402,-0.0055799744120572
1.8029058000249003,1.3887922583591987,2.143024805763687,1.0669873669241534,-0.17814039330845294,1.4942820937657222,-0.7360384893841578,7669,0.8292925280611194,-0.4877419705131761,-0.6624813482269485,-0.5748900956814059,0.019877361157973002,-0.5581948460944787,0.507385219858846,0.9097039735452882,-0.0394476878383686
2.3856852858595095,2.6731557273122433,3.38774660170288,2.3734809118451627,-0.16447227155355376,2.6663991434734817,-0.6649178699874027,7670,0.8231227808716045,-0.46746392276095544,-4.334846297679615,-0.5754072924747861,-0.7691424412299622,-0.5368833517102322,0.47440032984889985,0.8813046018101469,0.0119756495507843
2.6341059035446364,2.2091452378358114,3.8925288898695607,1.7141412853589975,-0.27506895899029027,2.3992488835676764,-0.8804318525760988,7671,0.8169814403430959,0.13154388528232092,1.2113603162668014,-0.5759244892681662,-0.6097069530844665,-0.6280707940474294,0.47343018602508036,1.100895918539849,0.0093356564218705
2.2383109698652577,2.040200579065301,3.4730034555562876,1.7064282179660148,-0.33210912990928826,2.2169131355860463,-0.8644733079892604,7672,0.8108682709958964,0.016652618235597615,0.9296158599856503,-0.5764416860615464,-0.5086314047942194,-0.6322022981470333,0.4724600422012581,1.1313259378940168,0.0192476794192602
2.7436690125807446,1.9652799902967106,3.0603221981237394,1.8147466209877847,-0.4028253217795833,2.1425849609701073,-0.7474875060334939,7673,0.8047830400698305,-0.07019430300197295,1.9875946327659133,-0.5769588828549265,-0.270790757038113,-0.6116825005106267,0.47148989837743566,1.094161909279312,-0.0041538853595125
0.9383444079473443,1.942026346710263,3.099106107018204,1.663360184372847,-0.41723976574106764,2.1277617566977813,-0.7462823489992799,7674,0.7987255174839288,-0.2735549444333034,-0.5102401194103976,-0.577476079648305,-0.3224211286548622,-0.5751952415103737,0.47343018602508036,1.0886103946178685,0.000385034813646
0.9817851427568915,1.8871158057033366,3.016503369746434,1.7632899016239834,-0.5726639500666159,2.059814103164037,-0.5428062170433509,7675,0.7926954757966453,-0.23357682380470465,-0.025743553979250454,-0.5779932764416852,-0.3193970672907146,-0.5807381733570428,0.4802211927918313,1.10994021460409,-0.0057149483316668
1.9345754299730957,2.093402022701545,3.7030116572464746,1.8209011052329445,-0.5440381986303522,2.2179852034115055,-0.5561637648085717,7676,0.7866926901670662,-0.16316082416328406,-0.6768327113675299,-0.5785104732350653,-0.39734400137206527,-0.5611518796596573,0.48507191191094307,1.1220968250332999,0.0064152411250533
0.7282164807566098,1.766829533337273,2.715177858535149,1.6305815341119192,-0.5246419308357574,1.9003225783769995,-0.2517039920099791,7677,0.7807169383165583,-0.05615297998434827,0.617908774431226,-0.5790276700284456,-0.3181082193746133,-0.5379928292762978,0.4792510489680118,1.2125394449809774,0.0046036956325659
0.48119050462257307,1.7254390346780069,2.7071344116249336,1.6683822161669846,-0.5008150728809428,1.822709215334118,-0.36673013694410894,7678,0.7747680004912353,-0.14919373375819137,0.42458017227597866,-0.5795448668218257,-0.2668414852034949,-0.5166171628198718,0.4724600422012581,1.074582156662233,-0.0255087324017703
2.5324298694794463,1.9596320563468475,3.3372656975478376,1.7968610354971617,-0.5140404862390677,2.065308970237773,-0.3519165744248822,7679,0.7688456594250853,-0.07868270700401417,-2.7895394041567116,-0.5800620636152058,-0.6084890004271416,-0.5236469602564657,0.47440032984889985,1.0632374720375204,0.0107205103555665
1.853777169976415,1.8005610746891116,2.7885289252477934,1.6501437478983827,-0.6562996571430051,1.9224717915802827,-0.8453821031998361,7680,0.7629497003037828,0.1749006626875388,1.0774879243773434,-0.5805792604085844,-0.47363813646830455,-0.6040977432108121,0.47343018602508036,1.176771817813165,-0.0237514233726468
1.609898672670842,2.037499944236109,3.6044835781948,1.7608237410134149,-0.6491353212832434,2.0980057804637533,-0.7566961770020867,7681,0.7570799107289845,0.15412603679156814,-2.601978293387604,-0.5810964572019646,-0.7888324535472743,-0.5960702072485016,0.47634061749654466,1.099154587001126,0.0146975501870759
0.9817199096244253,1.7514501041737052,2.7310325561884405,1.5150720151608656,-0.7616097721195006,1.893494870998964,-0.624521957731088,7682,0.7512360806835168,0.2321068787685067,1.5019893121474028,-0.5816136539953447,-0.6089475422237749,-0.612849465061883,0.4753704736727222,1.2290135448935973,0.0128095645895792
0.996939609225743,1.6196342515925577,2.3934291650033863,1.2655743688695573,-0.7686957476327243,1.7430781046521306,-0.7105159304685147,7683,0.7454180024969451,0.1042286330668684,1.3005338347786857,-0.5821308507887248,-0.41748483563458594,-0.5654937762241369,0.47828090514418936,1.133088711325288,0.0070047993735973
0.8667456097518874,1.444435928039073,1.9523358968586866,1.2368463761289803,-0.7544009396186122,1.6513644882053142,-0.4913161411433618,7684,0.7396254708118594,-0.06284204122500724,0.6809124534266782,-0.582648047582105,-0.3572551306817973,-0.5589751464553125,0.4773107613203669,1.0584692517749341,0.0055068918032616
0.6487894340228028,1.3528734975008017,1.7829763394620497,1.4068836386794745,-0.6709881022714835,1.5633340563186313,-0.49071454675968873,7685,0.7338582825507264,-0.15336508624593254,0.5210287536656355,-0.5831652443754851,-0.30296263694271075,-0.5350666953228731,0.5060755256966859,1.0301284773678219,0.0154373377488861
0.20451203659242378,1.3761090810216225,1.9589498823994702,1.1873910548819497,-0.5518723931104103,1.5722272049483552,-0.09631712337233982,7686,0.7281162368833641,-0.1605567633988404,1.5809527774251244,-0.5836824411688637,-0.10091067431502307,-0.5043795438145621,0.5079187989619481,1.0093418222212074,-0.0103138303309561
0.632325903213383,1.5165628036098662,2.4369200212049744,1.3743386467945171,-0.424352580110669,1.6836796121932376,-0.02201043875753709,7687,0.7223991351948901,-0.1740405241308292,-1.1676761148443826,-0.584199637962244,-0.24873716141318658,-0.4941112768382782,0.5147583129198928,1.014204522429704,0.0076486709258836
0.7121416543078936,1.3858870781227282,2.117627286948705,1.037574054492537,-0.38372553537770376,1.5884651608830285,-0.35893994540026825,7688,0.7167067810542912,-0.011665211577634796,0.7495935588430469,-0.584716834755624,-0.1509920125667148,-0.4877524138707117,0.5169411365234917,1.0705356442322043,-0.0056929597046055
1.4834176884295562,1.4966082962875475,2.412582033682213,1.0721509968678868,-0.28246525983870974,1.676548052621878,-0.04998734181727631,7689,0.7110389801835585,-0.02229736235847402,-0.6744446030133896,-0.5852340315490041,-0.2302407572933162,-0.47228743075581386,0.5242657223933465,1.0266167384647324,0.0102105732110429
1.0846442766065236,1.3071233930297372,1.8956082650159962,0.7433957621744093,-0.30319945532836445,1.5648873548339226,0.09677253075330565,7690,0.7053955404272951,0.051612230202698464,1.023110337633938,-0.5857512283423842,-0.09790653244468588,-0.49870776170301095,0.48313162426329836,1.070722167945206,-0.0086589627730586
1.5893034760866778,1.7715477371422057,3.246413434178103,1.063005818953645,-0.2562109132739705,1.9286654043963238,-0.3731464864222464,7691,0.6997762717228749,-0.04944234380671303,-0.9909867172573339,-0.5862684251357644,-0.2267420535428094,-0.46791086045969427,0.48313162426329836,1.0443832772146322,0.0129589631186406
2.3234549935578928,1.515110081865923,2.310858245680997,0.7482279495150427,-0.3121476263890353,1.7183737136259063,0.06793451199935822,7692,0.6941809860711025,-0.0796744357495944,1.316457466680124,-0.586785621929143,-0.13047105026657457,-0.4811872217976991,0.46954961072979096,1.1955664410048896,0.0091872570201516
1.4610104503295038,1.345983300687483,1.8202286671824635,0.6171601100704003,-0.2976004712303988,1.6111597790180623,-0.6517150678788365,7693,0.6886094975074124,-0.2740635599507177,0.9138530891072698,-0.5873028187225232,-0.015435927640710709,-0.4852542580551475,0.45790788484392825,1.1041218387782388,-0.0032934596334273
0.497907402927858,1.3672071153743397,1.9673228749231346,0.6917417726756383,-0.21281388682675748,1.6072465431799474,0.11290008628990252,7694,0.6830616220735223,-0.43701932355155615,-0.4182928128191653,-0.5878200155159033,-0.06588490346628517,-0.45269377724856,0.46271009677184755,1.0832300685144807,0.0028990927073488
0.22752815608105798,1.1454217296880231,1.4651806743291325,0.6650147044821345,-0.21715422806141854,1.482087727987959,-0.26878316496076604,7695,0.6775371777895244,-0.4394130351917725,0.2427845830752102,-0.5883372123092835,-0.033017491031450914,-0.46584454923437757,0.45523998932841814,1.0830877360799567,0.0080815616792899
0.12934717884291913,1.0285833228361463,1.2625528374195232,0.44636881669950684,-0.16910035126819276,1.3481187432076887,-0.03318932857685485,7696,0.672035984626607,-0.6176105045187618,0.7959515234120041,-0.5888544091026636,0.07365187914443878,-0.47276857107428966,0.4617884601392178,1.0504780923949613,0.0021275284548654
0.6540250800528864,1.0637161700554694,1.3989905589813285,0.6072237759698387,-0.13008601175770618,1.3845675181683958,0.31940429693795697,7697,0.6665578644799943,-0.5121672903119733,0.1604081583275341,-0.5893716058960438,0.0909428495333185,-0.47438016732050553,0.4617884601392178,0.960060111022457,0.0056921325112544
0.4228002242684885,1.0134139532403923,1.3360082117175753,0.4727002433102593,-0.12434031354295136,1.3390967904577644,0.5251007551901559,7698,0.6611026411425891,-0.5652875646212524,0.5408869649010296,-0.5898888026894222,0.1627869341262925,-0.4278954815375806,0.47634061749654466,0.9773474846424496,-0.0119317139898339
1.0254104557184414,1.1794398902697396,1.7627925016999808,0.8240029215098252,-0.19066155769601226,1.4613357277112295,0.2898868993083633,7699,0.6556701402788924,-0.5940651815648825,-1.3402586640783811,-0.5904059994828025,-0.008916969513504071,-0.424413383089776,0.5242657223933465,0.9650260334899818,-0.0064404260504702
0.8734427602244373,1.155490712470908,1.720431605709559,0.8464811114225222,-0.24333050181425375,1.4910860569981188,0.5404459460347562,7700,0.6502601893994213,-0.6554116160260591,-0.7540862163132616,-0.5909231962761826,-0.09648828946466673,-0.4407293063194134,0.5242657223933465,1.0181452207792114,0.0072924459736381
0.15402388498467778,1.0500791411842116,1.5213820352304404,0.7452348684203656,-0.29263774640877305,1.4309243528185067,-0.6199122617168897,7701,0.6448726178355662,-0.7979733304863424,0.7117228693496548,-0.5914403930695628,-0.003418875645238373,-0.4382731804090842,0.5083553636826684,1.0456463292036224,-0.0063424294504065
0.4087283218511216,1.1154687205430924,1.7333783924114512,1.003533743313005,-0.2961441742839256,1.4390708926816551,0.234083372315839,7702,0.6395072567147968,-0.807861603945127,-0.7436046507557147,-0.591957589862943,-0.09490097573240948,-0.4341294808305993,0.5044747883873789,1.0223174492386198,0.0122987826476828
0.37048967519522347,0.9874497035638062,1.4602090739454137,0.7853191417317021,-0.35355713927826843,1.3534219589893377,-0.1043379716722011,7703,0.6341639389363675,-0.6861673628100374,1.246110550208117,-0.5924747866563215,0.06484140552095835,-0.44412571163622416,0.4986539254444477,1.032901972172397,-0.0035679132599607
0.8878382241222192,1.0491408349236253,1.612894485612309,1.0604622763131588,-0.4464753038357822,1.399913920114674,0.3959200247454312,7704,0.6288424991473586,-0.9479158786216781,-0.4474582647166875,-0.5929919834497016,0.009211115326592299,-0.42813794358905877,0.5364895345735028,1.0187677033860763,0.0079022099839505
0.9737111969960652,1.0198048970223517,1.5338471830810334,0.8976880598614083,-0.46562815620956055,1.3927143374119288,-0.08954241355178398,7705,0.6235427737191712,-0.884521597312181,0.7768828479412154,-0.5935091802430819,0.10638755156576393,-0.47409932169172503,0.5481312604593654,1.0383462735781055,0.0069521010583992
0.20697340724511545,1.0020653784615392,1.5413117027866854,0.624743862445077,-0.4664959641599538,1.3855742527854635,-0.13348604697854954,7706,0.6259276501618558,-1.0629693649323242,0.6754806842009318,-0.5940263770364619,0.19993208114526081,-0.4576822658251516,0.561470738036915,1.0346789592840746,0.0038626477513761
0.2019376665337751,0.9521780614375018,1.4672828089994177,0.5975544965659789,-0.4490234100782542,1.3250773246413234,0.5428629960931479,7707,0.4214494163595827,-0.986240649662151,0.3457185314833425,-0.5797776053788469,0.24556896761888206,-0.4179296185321548,0.576653488879727,1.032417195256056,0.0062109920839943
-0.01025564269009867,0.878596655071868,1.346775863497341,0.41740524690944736,-0.39958881665747004,1.2729937217372467,0.2183522866082667,7708,0.253931115083617,-1.0693825959986623,0.5963647377317995,-0.5701060253426423,0.32959891641207756,-0.40199216909885743,0.5820862942931312,0.9881404781060574,0.0066845320582809
0.1538441937555822,0.8459163553982083,1.311251951196622,0.3700817815126767,-0.3493410642776142,1.230379372000449,0.7624761663892443,7709,0.24999396663533352,-1.1146597504570936,0.6468768462352814,-0.5621929144039298,0.41372298058945256,-0.3721608473095481,0.6055637748296194,0.9820912453791731,0.0007178537031966
0.6816562376191274,0.803785633100408,1.217655310822157,0.17170725067258857,-0.2667017234664395,1.2371108936421547,0.3936039841329819,7710,0.24606920377970481,-1.1578989446147316,0.010037980985021334,-0.5621929144039298,0.4185531004811786,-0.3806881622602218,0.6111906090077879,0.9737700435607526,0.0029889110674639
0.3133683620381443,0.7957892419814975,1.2264527763180026,0.14145066768733164,-0.16887202153579325,1.212073197266016,0.2899172928265586,7711,0.2421567522013086,-1.410373103638775,0.25243515222702806,-0.5621929144039298,0.4522956041435765,-0.41507198535045536,0.6208920472460057,0.985827402620067,-0.0082546116328696
1.0104349056076232,0.9750408486810224,1.6113242013846423,0.689025860582217,-0.12547348686265908,1.3252829850408947,0.40727113706343715,7712,0.23825653819817183,-1.450681135036372,-0.9476868744958736,-0.5621929144039298,0.33886435375534096,-0.38511921050814263,0.6141010404792521,0.9578020050077563,0.0139423078480772
0.14206290981625488,0.8087711111023447,1.261620956228719,0.4613428964236419,-0.13063165835190094,1.2161011073710264,0.34785581387061343,7713,0.22875079229162126,-1.505829125480037,1.421537188602562,-0.5621929144039298,0.44560953455362584,-0.3993617317196029,0.6577575125512356,1.0071597687491058,-0.001807728731367
0.2549835088984451,0.7940128010389027,1.2556729340417336,0.4925299570567839,-0.007311824421814579,1.219736663085209,-0.06480394147385769,7714,0.22489224937158891,-1.6580309862879445,-0.2595690506253256,-0.5650633566071879,0.41369158939955436,-0.35976235789452526,0.6732798137323879,0.9611845009572533,2.96886236068e-05
0.3252888234209277,0.7858349431855595,1.2578392871103259,0.45365465069261424,-0.023953997924636088,1.2386661323802661,-0.43324155768948375,7715,0.22104562325148028,-1.5531921079206956,-0.06344674606112785,-0.565580553400568,0.4077438965909429,-0.3578838772427799,0.7682568940845496,0.9769050323319673,0.003176582359442
-0.27049106232319614,0.7190119075671917,1.1574304094987218,0.3429038704050901,-0.03713974872338824,1.1431576663374294,-0.5063417868502598,7716,0.21721084346046485,-1.585299500748861,0.2724680864828205,-0.566097750193948,0.44135376425055106,-0.356911368717542,0.7072348475661535,1.0131181585647522,0.0021603385437374
0.23307862057410755,0.7336138487071188,1.2081801436666941,0.39346847508458954,-0.04890362672001655,1.1316302107354665,-0.019834436930465278,7717,0.21338784010035544,-1.5754703312616345,0.1640068150042465,-0.5666149469873283,0.46931992564475034,-0.31408232043675166,0.7421600252237416,0.9491964728640889,-0.0041637136977125
0.20902360570098558,0.8304321574249571,1.4407983561461786,0.4300510070806312,-0.04345212658998044,1.2078803925398365,0.010047827569620003,7718,0.20957654383958105,-1.5623241922820512,-0.511031650175559,-0.5671321437807084,0.405206694566764,-0.3053506743242289,0.6965632655041133,0.9475232761447402,0.0031136018853585
-0.0075554338917379555,0.8467718951773192,1.5053857121594132,0.36078703758764247,-0.03475016129647877,1.2084399086139581,-0.28386897847571685,7719,0.20577688590726362,-1.4596058141137342,0.2657240731507148,-0.5676493405740886,0.44502680845955317,-0.30257191756606555,0.681040964322961,0.9831520253930318,0.003547357323723
0.05464211648333129,0.8290433792916098,1.4873182441427617,0.048506829950877385,-0.03865993866111692,1.211035209583265,-0.5186299662948165,7720,0.20198879808729317,-1.4052419256512414,0.31204387489726654,-0.5681665373674673,0.4887337443471273,-0.321454808293916,0.681040964322961,0.9731515017270879,0.0101331448550734
0.20705943591019482,0.8122780536979177,1.4619899363214135,-0.06324888888845373,0.017431224053526505,1.202417893422254,-0.3113572947457882,7721,0.19821221271259568,-1.4127948327900288,1.014997846961477,-0.5686837341608474,0.6231370609582878,-0.34669932566382056,0.676190245203852,1.021390039276889,0.0034993582406743
0.1173099643342389,0.7794465510156405,1.4048549780389243,-0.025033848664723923,0.045522354306482944,1.1816074360532558,-0.05981938025075014,7722,0.1944470626593392,-1.4997711754774365,0.30693113653045134,-0.5692009309542274,0.6689441364792826,-0.32240244150556,0.6771603890276744,1.0207145156961197,0.0100255725765941
0.23138948804080584,0.8960251613700914,1.6775086558957906,-0.046052120787775284,0.08054187760404247,1.260581689289655,-0.22164096948970238,7723,0.19069328134136207,-1.496033798088536,1.003515794119486,-0.5697181277476077,0.8064511842839797,-0.28888968976583634,0.6781305328514968,1.008578352923795,0.0021866097397771
0.7964074341801963,1.0086621532496176,1.9144259229601135,-0.11402721258345894,0.18705026975647676,1.3839932786678142,-0.1765460035193811,7724,0.18695080270451148,-1.4785666556867205,0.1667893489116025,-0.5702353245409877,0.8252134181783641,-0.2901779674538051,0.681040964322961,1.0309549318809206,0.0064593919548419
0.07049337229359795,0.8650621994525514,1.5924763347465773,-0.3103358759099435,0.2241825239410094,1.3505149101800689,-0.16095435677654646,7725,0.1832091660027013,-1.4670231847581436,0.622847106324848,-0.5707525213343678,0.9148135285385053,-0.2991652032843925,0.6985035531517549,1.0353740651232861,-0.0036225681854265
0.42454436113584876,1.1902461108003486,1.8461908833930532,-0.13282704914155152,0.3214777420234406,1.574795407422302,-0.35193125915456397,7726,0.17947874718050463,-1.5113984273582233,-0.45329202366596516,-0.5712697181277465,0.8786467102227419,-0.2892803060796402,0.6878319710897147,1.0420733005357656,0.0094185678742129
0.1283108420182798,1.161657508562105,2.1431515832981893,-0.13788553924608837,0.2961137615979384,1.5973648777976732,-0.307010916809929,7727,0.17575948131694374,-1.4509304914751275,0.9387037076282371,-0.5717869149211267,0.8985384602964118,-0.3044492647539067,0.6907424025611818,1.0903015673462544,0.0144639820502215
0.5647750062979556,1.2029656688772536,2.364012293799929,-0.20384555432367846,0.30654646335759095,1.6521429619758128,0.15137595436923887,7728,0.17205130400579013,-1.5451467357614306,1.4772188169234415,-0.5723041117145068,0.9502767815047093,-0.29080286700411717,0.6926826902088237,1.108466415790988,-0.0344143136124881
0.9939092367324218,1.1972418677426464,2.409687937022648,0.2022678112907457,0.2996518868754184,1.6274928240956497,0.9212631540126309,7729,0.16835415135027074,-1.614841190930663,-3.7399540603170722,-0.5728213085078869,0.6808635717117784,-0.3440851345667008,0.8178312434818491,1.1002922339908578,-0.008164683439616
2.3196397978700465,1.417287647697466,2.5481031029069037,-0.029423624351214102,0.19311986851231483,1.7627431539464005,-0.542040590305434,7730,0.1646679599578587,-1.505167479921872,-0.9381203073455252,-0.5733385053012671,0.5642500535551853,-0.3696128121994065,0.8188013873056683,1.1406236677323134,-0.0273228830301353
3.110711658041526,1.6280717249234753,2.6432962150902823,0.4512346003081669,0.03489325439162463,1.8314702690373281,-0.8217854435008511,7731,0.16099266693506872,-1.3987222216496267,-2.9830287462597025,-0.5738557020946471,0.1799526129832658,-0.4031671464472822,0.6703693822609207,1.1444839288788273,0.0197473064915763
1.2811417541007906,1.6280717249234753,1.9115867351447604,0.2645190523847545,-0.06476283298401471,1.581256386204376,-0.8647407093851186,7732,0.15732820988243784,-1.2157924959853257,2.041107244099,-0.5743728988880258,0.4458091497088078,-0.5065144964152087,0.6713395260847431,1.0440045980912078,-0.0173636657545567
3.110711658041526,1.4884907266538285,1.9598532265861044,0.5690604668382816,-0.2375518915545193,1.6586774519180958,-0.6268750948809058,7733,0.1536745268894076,-1.3742004973061068,-1.9200112786151902,-0.5748900956814059,0.20330464786877342,-0.4576939702877033,0.6723096699085654,1.034377640184238,0.0005091497269809
1.7343416709984278,1.220057864827265,1.193497027111749,0.5640259703786303,-0.3541096172774255,1.4762914636172917,-0.5524614592811411,7734,0.1500315565293792,-1.1962020797750241,-0.012313217007045671,-0.5754072924747861,0.15835389936681088,-0.4695817346739606,0.676190245203852,1.0233120185524613,0.0131712866630893
0.8143690617733813,1.123067231209378,1.0300390944010673,0.4866614081445861,-0.4871482090060055,1.408883273782418,-0.714445680884495,7735,0.14639923785485764,-1.1759391680844065,1.3391971280645771,-0.5759244892681662,0.3252113294522794,-0.45814464161357193,0.8183648225849496,1.0372979402164528,0.0050522955001555
0.42696005295250417,1.0976107145398892,1.076523763804805,0.5628417610676227,-0.4536718662897275,1.3857867279977152,-0.462997810468785,7736,0.14277751039250794,-1.2893078742711035,0.47261362601924795,-0.5764416860615464,0.39232386700418603,-0.44527020748553564,0.6820111081467835,1.0260449040073374,-0.0039686039327427
0.7833208349965654,1.1388381454399816,1.256819511548944,0.4743016427382245,-0.412128622576299,1.4137704290681694,-0.10849760750252654,7737,0.13916631413846037,-1.3185325174991849,-0.4902382095079749,-0.5769588828549265,0.32647051858361414,-0.42131077007278767,0.6829812519706057,1.0420176546150979,-0.0087952304975283
1.3752360839287006,1.177115826041377,1.3651861771973752,0.5812037418574332,-0.36994345152428865,1.4296379261432304,-0.1088776867080519,7738,0.13556558955352613,-1.3413123731419652,-1.0054012078193793,-0.577476079648305,0.2101279522403412,-0.358932771337114,0.6829812519706057,1.0866650034175809,-0.0115126711251949
1.2132868762202165,1.1168865502517356,1.2338865409429876,0.6622024698770914,-0.4135464085901711,1.398544240520984,-0.5816374519463448,7739,0.13197527755851785,-1.4101656385288872,-1.2954126809326683,-0.5779932764416852,0.058072846899481605,-0.3201460545538823,0.6926826902088237,1.127809812746955,-0.0111295931569076
1.286533991363522,1.2985014990991053,1.7340971197099173,0.8128735546741637,-0.49948350381660206,1.5140910571230481,-0.43318979036492217,7740,0.1283953195296711,-1.3367550396595762,-1.2545126814819199,-0.5785104732350653,-0.09711952369654529,-0.3035453354769781,0.6888021149135372,1.148692924710145,0.0101844205638306
1.0263735332437807,1.2109163709624835,1.5368114872186986,0.8414955111427369,-0.5782859562087134,1.514592941873703,-0.8750294259853502,7741,0.12482565729406667,-1.1850574783451844,1.0205136949078457,-0.5790276700284456,0.03798932159679904,-0.40175539541931193,0.6820111081467835,1.1759090563817793,-0.0231910385048995
1.1938172378137253,1.3706535788735312,1.998021961285171,1.0055249169169618,-0.6240339043909015,1.6720865557694538,-0.6374539644518322,7742,0.12126623312512354,-1.1072303603150886,-2.5419491710951685,-0.5795448668218257,-0.2773552783411295,-0.3962891841750219,0.6868618272658923,1.2078896298159012,0.0026655095388654
1.9247006499110015,1.3625537459074215,1.9022065459488184,0.955206909106453,-0.7392643361364033,1.6470604642847515,-0.6817254394910393,7743,0.11771698973817009,-1.0851716272266936,0.21791718159434928,-0.5800620636152058,-0.2409855194065016,-0.3984270061136786,0.6868618272658923,1.2491416554906207,0.0161669242788849
1.36850723004965,1.161878550211526,1.3597581995998373,0.8160895873028561,-0.7643450576021216,1.5419122411293997,-0.9178227090483102,7744,0.11417787028602422,-1.0064471981911782,1.6590205496891355,-0.5805792604085844,-0.036735370843007605,-0.3916075761484412,0.6820111081467835,1.2371553698557503,0.0166093756260033
0.7039592924753424,1.1430786616536908,1.3808247610430868,1.047503540790533,-0.792070055376003,1.5106111954086097,-0.8583088601352986,7745,0.11064881835466395,-0.9657976483988466,1.7062469338415958,-0.5810964572019646,0.17198455395962592,-0.3938584514331072,0.6829812519706057,1.1862571213842041,-0.0054460039256074
0.6286500979755554,1.1495110496052545,1.4671678229364231,0.8550566193551516,-0.7229204278140784,1.4438408919669874,-0.6075138367204099,7746,0.10712977795892893,-1.2188851005356496,-0.6478897674090919,-0.5816136539953447,0.10506101311932114,-0.37204989937669297,0.6820111081467835,1.162666277751191,0.0075819117937321
1.3692622905707386,1.1578485912680339,1.480990264267532,0.8382178395525287,-0.6968307015913572,1.496011847105159,-0.48956781733714727,7747,0.10362069353834995,-1.1543256427282127,0.742694003708542,-0.5821308507887248,0.21166016061193602,-0.42549128954498555,0.6732798137323879,1.1343658481095196,0.0064200186550564
0.7599815383740963,1.1876506607097639,1.6130366847462678,0.7686927837323647,-0.6922062386830761,1.5015265593529572,-0.2979150083125014,7748,0.1001215099528205,-1.186121050140178,0.6186542199238669,-0.582648047582105,0.27927008803634557,-0.3757651542074282,0.6752201013800295,1.1611730997660754,-0.0094944220357222
1.691138268825209,1.2733618709162873,1.7931064134508954,0.6898370217491117,-0.6535644139722192,1.565185598783697,-0.10623204715764094,7749,0.09663217247863158,-1.224451773553579,-1.0800001898965477,-0.5831652443754851,0.14760774372191834,-0.43923262790753154,0.6655186631418117,1.1835182832046496,0.0177330458668703
0.10562399845072568,1.3028630451323069,1.9715659219267263,0.8033740631417519,-0.6341245312039754,1.4532248544729038,-0.2397165337983709,7750,0.09315262680424691,-1.2227006833583345,1.8262060337733146,-0.5836824411688637,0.38322698174926245,-0.4961217000587562,0.6664888069656342,1.2199844405749867,-0.0142159174002788
1.7856101096650572,1.4430167547720638,2.3038810494927393,0.7543479637470496,-0.6093333452512942,1.5100084445794029,0.39507030817513744,7751,0.08968281902633563,-1.3139227084660998,-1.5839632929876093,-0.584199637962244,0.19083068965139083,-0.40208106940932764,0.6655186631418117,1.163721011172946,0.0174066223535461
0.34820507891689345,1.3091385868560537,2.0011089056486937,0.5563574875539459,-0.6462868458091139,1.3915852223469298,0.5410582539182345,7752,0.08622269564579711,-1.2691572286163597,1.7913756679776562,-0.584716834755624,0.41946251772492543,-0.34132831207684794,0.6693992384370983,1.1724119740873011,0.0088625425121093
0.2567450901443199,1.1496738189183646,1.6473300111700941,0.4026602584320513,-0.5063169985380548,1.2707504078123109,0.5563331555491814,7753,0.08277220356373646,-1.426459553917698,0.8793652462063369,-0.5852340315490041,0.5239431074852822,-0.3437103196860162,0.6723096699085654,1.155612077637923,0.0089301297778035
0.06234114820414813,1.0220817546345735,1.4019119931698696,0.1656186474625024,-0.47763041819814495,1.3066444338778018,0.8039210562664744,7754,0.0793312900776773,-1.5617845482335664,0.886590390299014,-0.5857512283423842,0.6396735928988683,-0.28982186198725757,0.6752201013800295,1.110263514146266,0.0160876459249448
0.12098393801465122,1.0279908574872545,1.4866525891825695,0.07121326387574987,-0.3132776031678072,1.2044907081699423,0.9396983286256579,7755,0.0758999028776114,-1.6235856793307304,1.6505479454588123,-0.5862684251357644,0.8601761844825652,-0.2751071318075918,0.6781305328514968,1.0449222915977927,-0.0065261184317007
0.7799240087555821,1.1205856140433834,1.741414997777718,0.23823625155061623,-0.24185985887241498,1.1548852723628384,1.1891483356594044,7756,0.07247799004229882,-1.6614692449519872,-0.7632006612424814,-0.586785621929143,0.7387747220956499,-0.3209831399456019,0.6791006766753191,1.0179536900074815,-0.0062833806739766
0.8674974968460932,1.151080835044293,1.8306997052354324,0.21442350546873587,-0.19837408346570712,1.1431875368573003,0.1529542003697208,7757,0.06906550003539251,-1.5422272287546999,-0.7372697099866858,-0.5873028187225232,0.6423304344103974,-0.2953879475925163,0.8152118551575297,1.0217429447597195,-0.0012358806233904
0.43843028876445145,1.203599586671585,2.011930556202326,0.29791292133610453,-0.12408699207591131,1.1892793982744125,0.09311900136981688,7758,0.06566238170183786,-1.5163448278176122,-0.19855271316950845,-0.5878200155159033,0.6166966781142963,-0.25825695241100927,0.8152118551575297,1.0131637865209373,-0.000604316706026
0.3883231861271829,1.2443763405483816,2.1627678521880846,0.3712922281486551,-0.10239482773544512,1.2364807638831627,-0.1439885797290871,7759,0.062268584264115905,-1.5057171642516505,-0.1311192245086575,-0.5883372123092835,0.6139230314549731,-0.2479677740383335,0.7775217676020489,1.0251421614043301,-0.0152034320750321
1.0165032466673631,1.4084180324873286,2.610364160631637,0.6634959288973398,-0.06192526071407428,1.3518893595123995,0.5213639591753818,7760,0.05888405731865841,-1.4741635606153367,-1.6893894163295642,-0.5888544091026636,0.3864031525155736,-0.2534798562225334,0.7545778661686611,1.0552753836495166,0.0040057305415992
1.0430167810032345,1.4230652510491468,2.637717241294323,0.6979610221976039,-0.13815627337164516,1.321975916116594,0.0026372955956817765,7761,0.055508750832280074,-1.3877783367939125,0.36096972813200107,-0.5893716058960438,0.4460331479108373,-0.2576285900686145,0.7932380975479637,1.0942879993735428,-0.001892946421541
1.031427395832132,1.3566642128782802,2.4345433181993847,0.6038648598196317,-0.17468224802920476,1.2715249296474465,-0.17528965776580757,7762,0.05214261513857839,-1.3537196501224307,-0.26863282796739935,-0.5898888026894222,0.4124753620087303,-0.2312698531706322,0.8125439596420183,1.0892437591397963,0.0054853675541815
0.9379821768406583,1.3051458372153826,2.2878677281493522,0.5969556781480891,-0.17736250512328866,1.2396953129768935,-0.23481814359134043,7763,0.04878560093445422,-1.3620467456617922,0.5189032645931433,-0.5904059994828025,0.47885950063012034,-0.2767394956638749,0.8364580048992273,1.0557455510429954,0.0033951423426767
0.2567325751075897,1.25203221685444,2.1898401107994205,0.5073895018664877,-0.20867781903654303,1.2080452764314402,-0.3826884613543192,7764,0.04543765927668858,-1.405864097273376,0.2957967480313072,-0.5909231962761826,0.5213317450126045,-0.2628000058916382,0.8578011690233088,1.0373691186245846,-0.0184799585404607
1.1641037314422074,1.434038578096751,2.6254083549961145,0.9004150650914684,-0.2250825375407807,1.5068053756585316,-0.13047638458698552,7765,0.0420987415784756,-1.4180795718655237,-2.0390977872705713,-0.5914403930695628,0.2656862072997614,-0.2891408592609672,0.8578011690233088,1.0457968401584694,-0.0034473614511969
0.6855978017544769,1.5871614626097998,3.116063973728266,1.0012373792344291,-0.29632379873368897,1.5676160711842522,-0.7956683846017752,7766,0.03876879960605878,-1.2627929517369356,-0.4345052425638211,-0.591957589862943,0.2222551538015062,-0.3444140944600633,0.8586742984647491,1.1437053143261955,-0.0341789367642269
1.8411730541171092,1.7488258539359895,3.657627378407191,1.0286131600474258,-0.34647776149443804,1.6608248146013378,-0.631942990043878,7767,0.03544778547539639,-1.1121144993620284,-3.7147876198394436,-0.5924747866563215,-0.24820366025342877,-0.3032923384693458,0.8828308796779133,1.1450633977540317,0.0101634728779114
1.4835202919799368,1.99408821152735,4.408184856332119,1.2398956943880408,-0.4741756726730089,1.8624474637591575,-0.8081287448643427,7768,0.03213565164881141,-0.8801141997419819,1.0182447422666225,-0.5929919834497016,-0.0977323194722103,-0.4090912263501996,0.9759646867648146,1.290910002507571,-0.0104248742036799
2.624545741920223,2.1842940775216024,4.878801345912373,1.3917756232339065,-0.559907387305349,1.8996682488873569,-0.6737696501023683,7769,0.028832350931802114,-0.9744928648079842,-1.1793148191900054,-0.5935091802430819,-0.2569693267654023,-0.46250691040351954,0.9973078508888952,1.1916185031351063,0.0112084277162698
1.4144479975150943,2.1842940775216024,4.878801345912373,1.2570939195615642,-0.7515737059358362,1.778583833434988,-0.7169103171681569,7770,0.02553783646973842,-0.8915284152117204,1.129781160767083,-0.5940263770364619,-0.10041928675760421,-0.46626108394620686,1.0031287138318268,1.2365677027126627,0.0176559661529294
1.079876261013223,2.1842940775216024,3.974642414107235,1.0605835884974453,-0.7828901083992432,1.6265640722903096,-0.6566760440444651,7771,0.022252061744744287,-1.0520373701799743,1.8179786971302179,-0.5797776053788469,0.12878881054723818,-0.4240176951085416,1.0031287138318268,1.1672458043057674,0.0223491948073087
1.7523559964350242,1.4143309863517304,2.17987094333411,0.8484939620102218,-0.7912209287665927,1.282806713540396,-0.04835127117707023,7772,0.018974980572437555,-1.170309444668896,2.3189149253640364,-0.5709594000517196,0.41738077730794165,-0.3890166072313417,1.053576192670564,1.105365651708854,0.0195028237482939
0.8334414680099319,1.2308741970531298,1.7164869566685579,0.8408399645530954,-0.652117149138339,1.1916108837890742,0.14645412414590825,7773,0.015706547098944548,-1.228844731725593,2.0151094814621002,-0.56374450478407,0.6765065376709802,-0.32532921946521504,1.0322330285464836,1.0518368085172107,-0.0002284149923571
1.0273012525086345,0.9811131240869305,1.1044450771506236,0.6053311890372072,-0.5258504660296186,1.0284556236294597,0.8930218607685052,7774,0.012446715797698377,-1.3647574496706698,-0.09096402614217587,-0.56374450478407,0.670031053076222,-0.3238398766593017,1.0157405835415116,1.0575334958772549,0.0125656843861379
2.402343914069947,1.0616038493947528,1.1481051602927037,0.5826337879275919,-0.31189391070108347,0.980242176159357,0.5962895920726975,7775,0.009195441466453198,-1.3913996572990357,1.2746529079427054,-0.56374450478407,0.8271500031663173,-0.37674386963518924,1.0108898644224025,1.0129354815126284,-0.0014666066692267
1.3424608683623203,0.973862764886269,0.9369266190576231,0.39155484767668236,-0.15778012392489718,0.9417411895776352,1.3817076207481518,7776,0.005952679224244267,-1.5464501836460842,-0.22313675275776648,-0.56374450478407,0.8047412355543967,-0.2586044804472757,0.9982779947127176,0.8844533657107996,0.007428539208045
0.3093057290059658,0.8496920810039913,0.735780249798446,0.29101695637404146,-0.03909036874663307,0.8570842310803953,-0.15039640595344564,7777,0.002718384508445088,-1.6109940205572322,0.7263135744434963,-0.56374450478407,0.9069452172140066,-0.18071128641193127,0.99924813853654,0.8931862265740054,-0.0097008438616055
0.8282110374896211,1.0225462712321844,1.1902357484262127,0.4934024892651822,0.20888971660343741,1.0102702695658545,-0.1494695370422651,7778,-0.0005074869282582701,-1.6232559208012887,-1.1020429904320692,-0.5666149469873283,0.7593406107177613,-0.17270237228433272,1.008949576774758,0.8916126124956072,0.0138444550255361
0.3350239663502137,0.8161683697869674,0.7800885894335459,0.2666144260559004,0.2168493547664939,0.8620811130744437,-0.7157520084491681,7779,-0.0037249790206758805,-1.5287836946785722,1.4111463638953787,-0.5671321437807084,0.9426785334059371,-0.18564102826954265,1.008949576774758,0.9526603210738351,0.0124825469514032
0.5399720904671873,0.756184961063867,0.7024407198268229,0.32943995403921295,0.30853442991841845,0.8286097742459863,-0.37135587712395374,7780,-0.00693413539406948,-1.6103700042630786,1.2657895712196539,-0.5676493405740886,1.1002098163826712,-0.2243913901225878,1.0079794329509357,0.8980226316064748,-0.0053782718928622
0.2805971378152117,0.7793570444570976,0.8194275426009343,0.32971956895484145,0.35876618988270575,0.8307796714358311,0.8689274017019769,7781,-0.010134999367003733,-1.761258190811451,-0.6406068148066993,-0.5681665373674673,1.0287879362630628,-0.17763503788634127,0.9730542552933477,0.9095837755107783,-0.0120348288159678
0.5659465347154412,0.8819751734490592,1.0933296707768103,0.4281720261743481,0.37555823138680827,0.9271691072330609,0.39067797425086165,7782,-0.013327613954111753,-1.7846042269524662,-1.3511251612596926,-0.5686837341608474,0.8640444734904845,-0.16769191291257668,0.9643229608789521,0.8912116630161028,0.0042101717694971
0.5590227646351786,0.8146377534046497,0.9780544936330523,0.4212740640104637,0.3825270366027479,0.8695875588374292,0.7190932523935173,7783,-0.016512021868930773,-1.6714818480997924,0.3828663523395639,-0.5692009309542274,0.9150530241821898,-0.13919932743334665,0.9594722417598429,0.9605876639414496,-0.0068477835651451
0.28352782353473815,0.8678919327790937,1.1513258512019908,0.4884144616068535,0.37939107425557506,0.8937989887903529,-0.43036710877207346,7784,-0.019688265526596218,-1.6454593662344166,-0.7973841980931632,-0.5697181277476077,0.8181779578652093,-0.16416942270832152,0.9623826732313072,0.9442167124269562,0.0059944275748753
0.6216399789179395,0.7722736730060724,0.9611608799422031,0.3354170778303984,0.43205847574477657,0.832459632709754,-0.28063794488343824,7785,-0.022856387046633533,-1.5541039003028934,0.573346488783257,-0.5702353245409877,0.8921946644037309,-0.12574327557862144,0.9575319541121984,0.9504780848203763,0.0161136910596835
0.16346629127601178,0.6785452234568016,0.8105819430126034,0.23546493948381897,0.4386697027171244,0.7750467656205705,0.7648703950288833,7786,-0.026016428255634702,-1.6160960964480682,1.6534461260174316,-0.5707525213343678,1.1105622417245973,-0.0878013465553998,1.0002182823603625,0.9325339029921853,-0.00154176513886
0.1228708910299168,0.6423998990308953,0.7835398867822078,0.1042925713929164,0.4658860763382121,0.7340325852381222,1.5946343281296138,7787,-0.029168430689878296,-1.7533148592962484,-0.2310954850324019,-0.5712697181277465,1.0842992850910689,-0.0022614984133743792,0.9982779947127176,0.9299623866527422,0.0027849775983384
-0.3357910021824968,0.6044369340193666,0.7666427901449193,0.10139496503860948,0.4911121027997602,0.7343726508469068,0.048180117159913,7788,-0.032312435598004015,-1.7279756185534063,0.23071089943435616,-0.5717869149211267,1.1133855594401707,0.017867526445002783,1.0011884261841848,0.8894036192315388,-0.0044270904845126
0.7318590317991612,0.5792744557040095,0.7151137598376429,0.02261997163923343,0.5219429769438376,0.7241417862896878,0.31786139810568387,7789,-0.03544848394361845,-1.734432046266089,-0.539069421751268,-0.5723041117145068,1.0454128745122517,0.023727578148512868,0.9740243991171698,0.8982114910927285,0.010937413532349
0.5010673968192121,0.5971116173589059,0.7669586983720632,0.03076700775932996,0.5182511861061685,0.7389210887363188,-0.08492187285249646,7790,-0.0385766164078524,-1.5908941680029922,1.1009180229593574,-0.5728213085078869,1.1968923891740428,-0.001127956085039972,0.9856661250030326,0.8844405000271891,0.0021037104423435
0.00912539075248382,0.6332473255998823,0.8822242901190557,7.931154716446685e-06,0.5481428346133633,0.7431530798488344,0.3808805038257493,7791,-0.04169687339192275,-1.6526006025175786,0.15800522307187154,-0.5733385053012671,1.2167506813345073,-0.021689447234829736,0.9817855497077459,0.8952752358965579,-0.0002726357231932
0.5520829230579347,0.642801319801524,0.908997293083255,0.12279124575932024,0.5968330301207972,0.7444637767307856,-0.11384388018857851,7792,-0.04480929501963235,-1.641746040969465,-0.09564127981204856,-0.5738557020946471,1.2030079968650031,0.007195828627109583,0.9827556935315683,0.8861301660214335,0.0086176334864696
-0.12356476572099882,0.5975328995979302,0.8588376866506021,-0.031864708411902684,0.5987334454710896,0.7179118779983084,0.7265323319448236,7793,-0.04791392113991529,-1.5795950552374691,0.8532885215067947,-0.5743728988880258,1.3207868528296218,0.012060193894994107,0.9866362688268551,0.8995849133229216,-0.0020548872448191
0.13625051799236113,0.6436276315388844,0.9802433624815915,-0.004104672546189895,0.6399358379896466,0.7393983900060204,1.7471320857986432,7794,-0.05101079132923677,-1.704978227097544,-0.28586427947363163,-0.5748900956814059,1.2880865111462108,0.0321497935320157,0.9827556935315683,0.8891805031278812,0.0029261155665125
-0.09145624361197323,0.5864488157132849,0.8982411347050349,-0.08728466039965918,0.6643651399071805,0.676375557375011,1.0126198817605798,7795,-0.0540999448940487,-1.7065652485223015,0.24581973840795773,-0.5754072924747861,1.3214797425813618,0.00991449356505457,0.9837258373553908,0.9045385795510757,-0.0089688519959814
0.9049142122399032,0.7312880989079572,1.1689849459752322,-0.02500896232858856,0.6700197514666909,0.7584261544832488,1.1189819246217036,7796,-0.05718142087324806,-1.6715104922584374,-1.0238256389787164,-0.5759244892681662,1.2049201008299077,0.0016272720310125139,0.9856661250030326,0.8805277808453947,-0.0003271093005532
0.39682147653266164,0.7536362416945386,1.2273127396536732,0.07285003406030903,0.6086283078180503,0.7885456503709606,1.887516419687596,7797,-0.06025525804053186,-1.624768853119118,-0.10143408027847602,-0.5764416860615464,1.1561287359382912,0.018923391227377923,0.9876064126506775,0.9298700401351423,-0.0011725245965389
0.3587058531397297,0.8254694620557848,1.3981833926634424,0.16066211460679988,0.6141751187767004,0.8839663340359201,0.4584976190978705,7798,-0.06332149490670794,-1.586557351687041,-0.1916720415743701,-0.5769588828549265,1.133670747180499,0.09530513784380268,1.0439717688147279,0.9433362010445416,-0.0044772045724262
0.4220290272064967,0.9538987198606298,1.7035844589310651,0.32061277861216486,0.5626449658685388,0.9850554877198461,0.3233007419345747,7799,-0.0663801697221231,-1.5929403246099998,-0.5443748736050291,-0.577476079648305,1.0690919539530248,0.08899832664695262,1.0839902015473808,1.0010791576604359,0.0135194428964533
0.09871631106064332,0.7865455395541696,1.340288163351515,0.1228809875034918,0.5360494226504806,0.8655382717882113,0.9098383764667172,7800,-0.06943132047891508,-1.5839523261266526,1.3765517827540206,-0.5779932764416852,1.2401860485994,0.10558050069232137,1.1094079697315156,1.0188096161867213,0.0015693063221713
0.02198305965820979,0.7507516421489071,1.2860271778587116,-0.07486368145191996,0.5172926606548857,0.8267290993849804,0.503243043280918,7801,-0.0724749849132958,-1.5930444454755042,0.10100718476787804,-0.5785104732350653,1.258591538183194,0.13843097147771244,1.1130460090708478,0.9948063481607288,0.0055920255218893
-0.059841982235997376,0.6988137067078108,1.1996950919080822,-0.06644187624786237,0.49289406496283256,0.7958195282608143,0.9687179159173064,7802,-0.0755112005078314,-1.602200224752915,0.5303410947205114,-0.5790276700284456,1.3315071831630592,0.1573242759585468,1.1130460090708478,0.9598605502690767,-0.00399287758199
0.4749538346215041,0.6657711053082812,1.1249003737972192,-0.06195645472459406,0.5040035677569498,0.7973097268995804,1.4035489756510213,7803,-0.07854000449369644,-1.6502698893231984,-0.49275373663298255,-0.5795448668218257,1.2766530275305954,0.20358964315441017,1.0167107273653342,0.951846303345441,-0.0035754918282596
0.7982993211775806,0.9930317050816536,1.5661539791106338,0.08272210139052673,0.5249448579893836,1.0275181160246993,1.9571724360577187,7804,-0.08156143385279346,-1.6529196844131167,-0.4482028044823317,-0.5800620636152058,1.217546979769287,0.24068143101647144,0.9973078508888952,0.9816394928285511,-0.0016854236593699
0.3648613378928416,0.9074930370955095,1.638549256860513,0.08246425568856765,0.5231165380915884,0.9950022458236792,0.320192921598116,7805,-0.08457552532009344,-1.5756471146380462,-0.24646065588302948,-0.5805792604085844,1.1842309931131427,0.17957559185153057,0.9691736799980609,1.0179676873678396,0.0008985948291302
-0.11831398920266897,0.8229257364841844,1.4716486216151645,-0.16017393529919155,0.5715784154461386,0.8993747856602328,1.2999923856581466,7806,-0.08758231538567013,-1.5765572816490743,0.029373559345670337,-0.5810964572019646,1.189664765610562,0.1432029669743876,0.9769348305886371,1.0353206149831902,0.0038904155023828
-0.2835073308411082,0.6599946349195138,1.1481470742578987,-0.2277674866917574,0.5495482787439228,0.8135030242678882,1.5868817596798,7807,-0.09058184029687845,-1.5701115480701802,0.34870400820366076,-0.5816136539953447,1.232957416924683,0.2049570338341011,0.9779049744124595,0.9752395766632822,0.0085907859779117
-0.41091555278116415,0.6750563880457926,1.210767413557178,-0.27935320303786026,0.4965625213548909,0.7918167205926152,0.23264954269378596,7808,-0.09357413606050416,-1.5933054863808762,0.8504016932140889,-0.5821308507887248,1.3465318029846904,0.20660908714184714,0.9788751182362789,0.9542107227285372,-0.0019077303789898
0.4228974250613211,0.8004611227690027,1.475548252434012,0.031697784344767534,0.5118930845125543,0.8954221585915051,1.4141263213568365,7809,-0.0965592384448568,-1.5998881662021724,-0.2702002493372961,-0.582648047582105,1.3103494923051844,0.17698436979974375,0.9798452620601014,0.9469040417628318,0.0014268023093362
-0.17380264509852783,0.771647654538259,1.4336160939591232,-0.1234297278342331,0.49927115424910584,0.8181870460991637,-0.17479514106269378,7810,-0.09953718298178785,-1.5513440130137135,0.08571060408478971,-0.5831652443754851,1.3231886837740914,0.2071694925664098,0.9808154058839238,1.0087981079116195,0.0050807815679427
-0.195576563758263,0.7693513256343865,1.4492121970534295,-0.17123162796262728,0.478701557997466,0.8022827259239823,0.1739722013585412,7811,-0.1025080049688103,-1.5932427907507072,0.4757935251373672,-0.5836824411688637,1.4051217668476055,0.24038995533829446,0.9817855497077459,0.9584528636081722,-0.0136139936593495
0.8569375112618578,0.9754218617321929,1.7777267844483629,0.18127000176280494,0.5155885567849166,1.0128859744342402,0.1445832693602837,7812,-0.10547173947110478,-1.6301095499007645,-1.5195961186721623,-0.584199637962244,1.1967125548063053,0.25765796189521784,0.9846959811792102,0.9653895060805495,0.0068873884228757
0.8003636544385795,1.0042709245667203,1.8624518586000192,0.09502325429071043,0.47677525413247834,0.9890339574491829,0.9499789326455804,7813,-0.10842842132352126,-1.4956695841041192,0.6686593685279497,-0.584716834755624,1.2868935564211041,0.24295713448634104,0.9856661250030326,1.0335572620073803,0.0059785097009517
1.2829467999835253,0.9791667144692349,1.7303614089312938,0.06500718205942684,0.4755970544915704,0.9444260803040418,0.524193047980713,7814,-0.1113780851325699,-1.53902695393078,0.5715936537377286,-0.5852340315490041,1.3579383901993658,0.3752698597414597,0.9876064126506775,0.9903781812164564,0.0148574487077244
0.29271276084881814,0.7329105000868282,1.1811781048733982,-0.16381958907721167,0.43549503137877,0.7749500882681933,2.073502087009763,7815,-0.11432076527842402,-1.6877661792244425,1.519292913366361,-0.5857512283423842,1.3838892473558975,0.39689528602152263,0.9808154058839238,0.9683733572180262,0.0056977051783866
0.8709530682674808,0.6589076415403884,0.9976200958092464,-0.33634015161108,0.4862375248861858,0.7630714810565938,3.161327250966538,7816,-0.11725649591680773,-1.7202923996117228,0.5416105437348672,-0.5862684251357644,1.4860211030661623,0.40350177500397694,0.9817855497077459,0.9406685360027442,-0.0067408067034108
0.2641465816897898,0.8880782360262085,1.522785392799945,-0.0882770652324593,0.5451608330111999,0.934258436984591,2.7522420728439636,7817,-0.12018531098096927,-1.7719125454902225,-0.786019491437668,-0.586785621929143,1.537934028088588,0.44742918114051716,0.9827556935315683,0.9371698155837253,0.0002112544976291
0.4810738722881286,0.8192879815929512,1.3689235345777464,-0.18318609715292847,0.5653102129380851,0.8858723505648569,1.2530522542766527,7818,-0.12310724418355506,-1.7463313315569,-0.04401297018968183,-0.5873028187225232,1.518274550765231,0.43098149226989063,1.0079794329509357,1.0261094695302893,0.0026929270769071
0.14680622206278293,0.7170337340606846,1.1664087423676464,-0.2715356011607323,0.5912155278599924,0.823354694833197,3.1069821710615293,7819,-0.12602232901852428,-1.729338467687753,0.22089704454365436,-0.5878200155159033,1.4913932655487487,0.5098129811974699,1.0108898644224025,1.0007532849108012,-0.003501935181594
0.09781107248851427,0.8115743344645164,1.3972935779944404,-0.11005661093951305,0.5906889538214354,0.8963260604242369,1.4591568789875724,7820,-0.12893059876303642,-1.6848516309088553,-0.4403515130917067,-0.5883372123092835,1.4327989685415052,0.48024222925267784,1.0244718779559074,0.9847333283324189,-0.0072927125419437
0.8231271924388505,0.9106162787165126,1.5989879914429048,0.032890140518962434,0.5737155633584227,0.9853136381744835,2.580558821787445,7821,-0.1318320864792358,-1.683568236069953,-0.8449394212186178,-0.5888544091026636,1.3286909580822526,0.544522423821836,1.0186510150129786,1.0344492160214407,0.0078520096183352
0.10211711617957976,0.810339470361877,1.3911346600511227,0.011918690514273382,0.4871341814079816,0.9304483909918451,0.18583674605647132,7822,-0.13472682501612346,-1.6284539744357112,0.7715673398485281,-0.5893716058960438,1.4304435400832902,0.4895055160785822,0.9914869879459639,1.0745837609487792,0.0138386372386234
0.08066527556777124,0.6590843029709347,1.0850249012609525,-0.1966398080538663,0.4953501700082624,0.8375259883381396,1.1446492474081986,7823,-0.13761484701135618,-1.6834555432027956,1.4105897664621503,-0.5898888026894222,1.6096880005453262,0.4952335936455822,0.9507409473454447,1.067312493579864,0.0009117193896093
-0.10945199501746812,0.6353006650772822,1.063253060958499,-0.19069923406376704,0.48150008731017946,0.8351631978557355,1.4002744251600996,7824,-0.14049618489306173,-1.6665171160185765,0.030785461699516663,-0.5904059994828025,1.6050487656511472,0.5087940061526903,0.9526812349930892,1.0655560242323208,-0.0035394543767568
-0.03899578289040155,0.6888219921526678,1.1973723281486812,-0.2524100894703327,0.46157895648922614,0.862242622554558,1.0868981564808202,7825,-0.14337087088159134,-1.6271588563311432,-0.44431345806114214,-0.5909231962761826,1.5556660934177342,0.5052352005190269,0.9516140767868847,1.0917168333780263,0.0039437943788054
1.390231161863183,0.8049136250689147,1.353240254926019,-0.27322551864467703,0.4486645412851247,0.9462469086134994,0.4270030739379162,7826,-0.14623893699124824,-1.618636929507786,0.3544337550285431,-0.5914403930695628,1.5961811771638075,0.4423784809254066,0.8877786131794045,1.101302660373938,-0.0015609148581903
0.22474119477303134,0.7889791750852916,1.3348636565100716,-0.15293291040733126,0.4671906646379969,0.9464354830947207,1.7493203643323916,7827,-0.14910041503208554,-1.628709171772931,-0.2331170394341588,-0.591957589862943,1.5676981849714073,0.4848280068288223,1.1130460090708478,1.0969890382257776,-0.0244404489997104
1.4310973151423894,1.086416621468783,2.0861866718946156,0.4040621378112322,0.4616026110695029,1.0599233680915514,0.4748620338683124,7828,-0.1519456384432597,-1.5780841454181138,-2.675212210619825,-0.5924747866563215,1.2159131141756119,0.5089598179253586,0.8357303970313616,1.1301478297267522,0.0086001976555314
1.2175662516144077,1.310323574457302,2.5928478503765127,0.30380567658943924,0.44142131083662955,1.2621387048015082,0.43081159233975574,7829,-0.15478436435029833,-1.5151804005261167,0.8514922605319523,-0.5929919834497016,1.3374428134292153,0.5029641544581827,0.8326259367951315,1.1590835516072455,-0.0200195960615858
1.4787644186868403,1.5810927083863633,3.1976297712649133,0.42439089314073547,0.36435880985952657,1.5146416409067178,-0.3369840944219804,7830,-0.1576166237152017,-1.4522634330833823,-2.203295883686967,-0.5935091802430819,1.0772770643372933,0.4735595251106657,0.8165700565108788,1.2375834556865808,0.0166454995619341
0.9030943965040812,1.5810927083863633,3.1976297712649133,0.39236910292963395,0.2876904783700958,1.545039509714792,-0.5330836580140342,7831,-0.07687416230147077,-1.389205367412974,1.7102852874287338,-0.5940263770364619,1.28023316933097,0.47782038734998317,0.7806747350294707,1.3251713985713216,0.014140286411237
0.17765895950532914,1.012988213219553,1.591912021557186,0.2856379009660022,0.20330574133653515,1.1721676497911508,-0.22952594271002133,7832,0.3015492228766734,-1.358700172984005,1.4428837767108655,-0.5797776053788469,1.4562572282430704,0.543237313410944,0.7429846474739896,1.3520961799767015,0.0007862667657592
0.24231612348545128,0.772582063616338,1.0720003497376422,0.1517237218505106,0.13444081082119502,1.001995413314263,0.27083876431286297,7833,0.6101776643170694,-1.4685928825582137,0.017513070302714377,-0.4622963537626075,1.463391406261652,0.5816920982890882,0.7237272925711251,1.272345115086126,0.0113657193925165
-0.07414380867177278,0.6689911714685284,0.8998261471303396,0.09654197554076192,0.12058001342721208,0.9274911237028823,0.28656407812161727,7834,0.6101776643170694,-1.4261666539170186,1.146764156195802,-0.36617532971295547,1.5998950070001041,0.6295357377477535,0.8168610996580267,1.2210507073352443,0.0039358864486522
-0.018553431374221795,0.5872840292970501,0.7755489332918973,0.07540906212774183,0.5830509281130796,0.901357404473518,1.0895927279236521,7835,0.6101776643170694,-1.4386011676477508,0.3537938358168622,-0.36617532971295547,1.6441212898456519,0.6461385590390758,0.832383400839176,1.205698853145325,0.007221892578604
-0.17632900609638852,0.6205212083175246,0.8873461543039266,0.02219286227563091,0.21822385255219673,0.9129560978710618,1.965842640829253,7836,0.6101776643170694,-1.4780567268462645,0.7045462382862592,-0.36617532971295547,1.7454507225297642,0.6807441039189345,0.8246222502485999,1.2158990380648833,-0.0006657959978079
-0.24052908447243423,0.6555630073523324,1.0018104044899165,0.10701303383659688,0.2901208049369922,0.9557074903242451,3.076906673562147,7837,0.6101776643170694,-1.4634954146832269,-0.1373912617915267,-0.36617532971295547,1.7219859024596522,0.6651716087229979,0.8304431131915312,1.2286731569807978,-0.0004356180067951
0.9628971129058917,0.6879318332992403,1.036867119253346,0.12059204284674357,0.31566293798265377,0.9908743189376252,2.5276130726801394,7838,0.5814618285598848,-1.4488250473055582,-0.1128225170068073,-0.36617532971295547,1.6750636811015664,0.7213229360526531,0.8304431131915312,1.2610031134795572,0.0016150531761349
0.3238906579087401,0.6206442762216987,0.9142036822793457,0.1302494401852921,0.46181603996821313,0.9646183321988181,2.4618867012810997,7839,0.5763554480682044,-1.442458147416351,0.10600828797922186,-0.3690457719162143,1.689084278184204,0.7638790965680966,0.8285028255438892,1.3167134248220205,0.0049397251798128
-0.1166309726776204,0.5045294308793629,0.7203453370025912,-0.07927686338591235,0.4558034836742407,0.8960041639185895,1.6327572140172593,7840,0.5712692034999957,-1.4858729447434744,0.46088780955012454,-0.36956296870959293,1.7430361206902025,0.7630309862524841,0.7964880793577652,1.31187454158688,-0.0008659330704555
0.4544735914742101,0.6390918710093353,0.991900298030752,-0.04390399545347506,0.4577731169533164,0.9942101149509425,1.9157876508096332,7841,0.5662029490958647,-1.5466223410114621,-0.158796701686551,-0.37008016550297307,1.7272675985493346,0.816527307680689,0.7945477917101237,1.315199519095238,0.000229416164708
0.3538510161296777,0.6422951923484563,1.0083691582604877,-0.07988679681840116,0.41753483783469,0.9904824640636477,3.40597626606168,7842,0.5611565405618284,-1.5242331333418437,-0.04187069557302952,-0.37059736229635326,1.7150117783319507,0.8815904664432349,0.8168610996580267,1.3507426948267225,-0.0042559699018974
0.353531688202398,0.731505694117758,1.2055511018124525,0.10271975663486073,0.4851827602716401,1.021599684184354,0.6527857884993893,7843,0.5561298350503131,-1.4707109201549993,-0.5206319578749786,-0.37111455908973334,1.6494356787493571,0.9107047173341841,0.8032790861245193,1.361645928708382,-0.0017659705770072
0.2242646517193951,0.6912390016410639,1.1347565334029428,0.024857132937447485,0.4498426799889111,0.9482263997816016,0.06946227047426233,7844,0.5511226911415484,-1.3996569848422942,-0.254832739174073,-0.37163175588311353,1.6181312741867435,0.9059177507768706,0.8013387984768745,1.3812592766769132,-0.0076917160031913
0.1852165984069998,0.8174409827589434,1.4259710066258056,0.1463638700502358,0.3843850640371203,1.0151173732164138,1.6114353179642196,7845,0.5461349688250661,-1.4712962237599034,-0.8873351187221796,-0.37214895267649367,1.5111718167551942,0.8770047963110444,0.790667216414834,1.3663810837939654,0.0012143761766096
1.5036249414474803,0.786087189946666,1.2615322275289438,0.069616540495283,0.3357538561915434,0.9492671517779625,3.396149304457374,7846,0.5411665294817074,-1.423235114676412,0.0632835952218514,-0.3726661494698723,1.521418472369127,0.9882933813720568,0.8207416749533131,1.4206016372753953,0.0110193547894586
0.6951247562231098,0.6254463623207955,0.9103624800939586,-0.2140995408180723,0.3157365506343645,0.8327924340725523,2.229785037426356,7847,0.5362172358657638,-1.4039653158360719,1.1098692759153361,-0.3731833462632524,1.6605371778782538,0.9896828219135052,0.8265625378962443,1.3704180510463106,-0.024095770484391
1.637424719417502,1.5810927083863633,3.1976297712649133,0.4371687183894228,0.34636101926818835,1.545039509714792,4.612895907746455,7848,0.53128695208744,-1.4893536809959858,-2.6382821297092898,-0.37370054305663253,1.3375601949890759,1.0725852394160278,1.0218524896315895,1.2930125339562786,-0.0051526165916943
1.9345187223603413,1.2211426957833633,1.9907171620207447,0.259136466997452,0.31251585797188774,1.545039509714792,2.903827734002388,7849,0.5263755435955647,-1.3497610270289284,-0.6163382571035092,-0.3742177398500127,1.2733475244082748,1.0643455796776322,1.1189153792049684,1.3915009062691712,0.0242401934696033
0.334602696935525,0.8045325851025479,1.0142486793158851,0.011820499778773742,0.27211070243065666,0.9132213292272239,-0.2571692686983271,7850,0.521482877160667,-1.2727349182371028,2.5209923179205243,-0.37473493664339286,1.566496236932423,0.94208987828017,1.1988552302878932,1.3410025644378223,-0.0078032755311547
0.9376266251171018,0.8716458778090154,1.1661228585508645,0.20962523053659052,0.29629579758700064,0.9480566124529617,1.6770946475888877,7851,0.5166088208581997,-1.438217868803098,-0.8992643644538287,-0.37525213343677294,1.4572523439941723,0.8958423978454392,1.2021052120976952,1.2522917435162086,-0.0132457182604657
1.1356027248910783,1.1029715402456401,1.7100604692043617,0.27406131316455856,0.27887065640023395,1.1000019185478798,0.7907931285887015,7852,0.51175324405204,-1.3782252695032546,-1.4801689546933963,-0.3757693302301516,1.287123201717386,0.8880860517612291,0.8226819626009579,1.3049450895748076,-0.0123748099221255
2.397867244383646,1.273348419876753,1.8450874104905821,0.5179188786478217,0.17747074095148802,1.2196571989499685,2.572652083170007,7853,0.5069160173783412,-1.3693423371484106,-1.387231518079755,-0.3762865270235317,1.1159893323583332,0.9143582607676856,0.8207416749533131,1.3365726701601164,0.0183966021019293
2.3386051143631934,0.9193599890502474,0.803241471079232,0.0916655704505475,0.1066673519853999,1.013144555430108,1.127232054176093,7854,0.5020970127294581,-1.2928296280295573,1.897269913200447,-0.3768037238169119,1.352005872762024,0.9827381498972843,0.8285028255438892,1.3881878927725517,-0.0049787556586247
1.606052232830906,0.9916877134056713,0.9522793016491546,0.14720757743119728,0.05893357618437503,1.034608170569778,1.8760713928093673,7855,0.49729610323835466,-1.38675772960805,-0.5977480696131372,-0.377320920610292,1.280560202452975,1.0851681761064216,0.8236521064247804,1.2793676013220803,0.0142774808955091
0.29918985285304506,0.8610211586240657,0.7355401203207051,0.13925015406435967,0.024713765872522213,0.9540432709474604,4.96917745990602,7856,0.4925131632629827,-1.305327969921554,1.4575920270433214,-0.3778381174036721,1.4512819625248725,1.0443459196399902,0.8246222502485999,1.323986122232541,0.006224655919018
1.1784012811182727,0.7278034848894813,0.4535537384554241,-0.027511367662896705,0.027178378628146996,0.8970267293090226,2.1186878457983975,7857,0.48774806837111306,-1.405775163980322,0.5980709732404882,-0.3783553141970523,1.4765702060988257,1.014466041564037,0.812980524362737,1.3079373188729033,0.0101391242128677
0.2126873157760528,0.6687740169938593,0.41507771494892814,-0.03718321119198495,0.11843289120146208,0.8410946610797279,3.561113922891485,7858,0.48300069532531453,-1.3806825909844676,1.015883009399447,-0.37887251099043084,1.6003045556976083,1.0190487183464252,0.8226819626009579,1.2847080281140237,0.0013467841989196
0.15807957775876572,0.5583916602056304,0.2714295257606846,-0.1476992087528244,0.2182300359110124,0.8077221428995455,4.332450732265749,7859,0.4782709220681218,-1.4615835527585679,0.07741656637722279,-0.379389707783811,1.6056539255997422,1.0989309947991384,0.8197715311294907,1.2503443039903854,0.0059635587250523
0.18660643185878148,0.4985325999165064,0.22711564309672339,-0.18421939138871077,0.3319658604455201,0.8190037739273986,5.137061514383257,7860,0.4735586277074965,-1.472006257505958,0.5702341645477302,-0.3799069045771912,1.6799681637075545,1.0848227568562123,0.8226819626009579,1.2614615196691923,-0.0012613203469703
0.1299678194663337,0.47663831326585726,0.25374610718329865,-0.11654959526996647,0.42111338478014476,0.7636390436398905,4.069567840637783,7861,0.4688636925024634,-1.5076174170359944,-0.20090298726514344,-0.3804241013705713,1.6520957697142882,1.0798109387245969,0.8158909558342042,1.2167701557388626,0.0034098660314458
0.8304296430269335,0.4258680571828799,0.1747898311952058,-0.3149785678768443,0.44492369023824724,0.7180275545975237,1.12310828236434,7862,0.46418599784899583,-1.507435619862866,0.29769023386881444,-0.3809412981639514,1.680653006693784,1.0603194729424763,0.8168610996580267,1.202955028002612,-0.0145496654037607
0.7919422365981029,0.6376517804909695,0.606775571637109,-0.10724995745052217,0.4864042654463352,0.7625595529105029,1.4497889520554699,7863,0.45952542626606113,-1.4955326979286523,-1.619231526771862,-0.3814584949573316,1.4874631516738264,1.0424358860013132,0.8197715311294907,1.133147817990201,-0.0018503236361892
0.8096522321883861,0.5803674956175343,0.5045969493939093,-0.08740291505998093,0.4545771478829075,0.7348202019225689,3.2865766762494784,7864,0.4548818613819594,-1.4395266002894096,-0.26370765500808463,-0.38197569175071017,1.474131770578124,0.843842757089894,0.8207416749533131,1.148046282133374,0.0079850055516868
-0.15761914911051075,0.3932156376758373,0.21653970701189648,-0.1766783111825902,0.4588116357940155,0.667235942357283,-0.014951103840067577,7865,0.4502551879207503,-1.4425058707978569,0.7860959844601737,-0.38249288854409036,1.5547066085310703,0.9020296968619413,0.8226819626009579,1.164100158460756,-0.0078708066140604
0.37436653960601785,0.520996903435957,0.4940497132765805,0.15793681361816053,0.4497419176923666,0.6225978967637738,-0.08524688492548403,7866,0.44564529168898515,-1.4743113712872722,-0.9063433121541885,-0.38301008533747044,1.4540004713080386,0.906177824716818,0.8188013873056683,1.1398521268546289,-0.0050834401343113
0.7500526366110563,0.6018005201233786,0.6626456940302734,0.08707049013540805,0.4076595889601118,0.6782212139641496,-0.5388314238229911,7867,0.44105205956257315,-1.388910841211419,-0.6088253115793252,-0.38352728213085063,1.381487148123948,0.7601413018256398,0.8158909558342042,1.0997102052831937,0.0056255160447056
1.1829327199112152,0.47593845751755287,0.3835846154055087,-0.049840568856666996,0.3676677280818921,0.5814047664043714,-0.509523276246822,7868,0.43647537947389436,-1.396020613620863,0.5341737573068128,-0.38404447892423077,1.4399941342092297,0.8897938987687621,0.8168610996580267,1.0746123174667432,0.0161149602564348
0.8761909850355624,0.3899550776205315,0.22387915956171014,-0.27067572780894794,0.34100985928847777,0.4828528604308194,-0.466062088373184,7869,0.4319151403990458,-1.4146926659948083,1.6537963443216923,-0.38456167571761096,1.6365496796085421,0.7675202269961026,0.8110402367150951,1.0341743615755616,-0.0005050761293027
0.6108213898959166,0.5594130031143141,0.5661305064809088,-0.1650932661540583,0.403153280944188,0.5648275225505593,0.7714553010085897,7870,0.4273712323452908,-1.5522955474418818,-0.12019356008842447,-0.3850788725109895,1.6180886740499119,0.8856537703082804,0.8139506681865594,0.9834566272397556,-0.0026529889028914
0.26124555713771386,0.45711103063972525,0.4090808102829444,-0.18423562602183885,0.4088249863218181,0.4812449873752242,1.026596597867527,7871,0.42284354633872845,-1.5392191369417476,-0.3494359315072532,-0.3855960693043696,1.5717420550713679,0.890332672589069,1.2021052120976952,0.9751880928782655,0.0040534034422334
-0.17604568341177448,0.43786213690245146,0.429396972724554,-0.23740948467744727,0.40986298104413216,0.4659515948462266,-0.18333129857357858,7872,0.41833197441211084,-1.5080904768208854,0.36639116051249804,-0.3861132660977498,1.609077843073163,0.8323422043586368,0.8052193737721638,0.9057677194224915,0.0107990815234065
-0.158494353785823,0.2508174267001664,0.15038374109545546,-0.3687514700663172,0.46167528313928485,0.35533509676863445,0.17302999044160886,7873,0.41383640959280354,-1.5145070821274547,1.086389932771755,-0.3866304628911299,1.7460723131312017,0.8156679172869354,0.8110402367150951,0.8982059850597871,0.0143531115394802
-0.14659587962021634,0.3030263389806186,0.2836798436976932,-0.39335561088166254,0.5865497647674061,0.3541778948282567,0.016805922497741852,7874,0.4093567458910255,-1.5370902478482455,1.4657506762270385,-0.38714765968451004,1.7166336252343635,0.8815790722479988,0.8090999490674505,0.8569208505425079,-0.0005906091334084
-0.22318026890994633,0.32178597128180236,0.3594396336233536,-0.20174435639141014,0.6616222520186656,0.37265036247135114,1.6661960499770068,7875,0.40489287828816417,-1.604996117234327,-0.12932318425144798,-0.38766485647789023,1.8917978546625456,0.7825038753929068,0.8120103805389175,0.8119243040275589,0.0011572931914862
-0.04488677414082328,0.2349415938454212,0.2454544642248313,-0.3164245056215624,0.7012998902196511,0.3256321596846935,1.3807224024964528,7876,0.4004447027252764,-1.5885093929887684,0.05724446255100482,-0.3881820532712688,1.8995576302010337,0.8245255848209733,0.812980524362737,0.8032956888236699,0.004746796528672
-0.2724365515624754,0.21584321075482074,0.25180457554810126,-0.22502562829734704,0.6834449530292076,0.3188514354345179,0.37143847128912333,7877,0.39601211609179726,-1.5435098193735208,0.4404025709920362,-0.3886992500646489,1.940953508387784,0.8375809891607409,0.8149208120103818,0.7882459393245346,0.0072701459041379
-0.21790524890145282,0.1921927540920393,0.2460247935158159,-0.26654932928237174,0.750407867891876,0.33262527328282043,0.5845633587545174,7878,0.39159501621435183,-1.5521684516234493,0.7097399065719816,-0.3892164468580291,1.929162153147874,0.8641098466684807,0.8197715311294907,0.7903533531760079,0.0003645289259652
-0.05407554556580988,0.21182779312998382,0.3011260543573927,-0.23182194667382033,0.817174008785907,0.33982276876494877,1.0249465601862402,7879,0.38719330184579737,-1.5509384594821585,-0.0273414407620355,-0.3897336436514092,2.01042718238584,0.8478656386469273,0.8207416749533131,0.8009725252478218,0.0029637548729353
-0.29776452155265826,0.18808593986556685,0.2923777335171306,-0.2453132963469099,0.8564963650641909,0.33576074674403134,1.6204897248473946,7880,0.3828068726543425,-1.5594941581343225,0.25009481041023907,-0.3902508404447894,1.9630139469430057,0.8390670614990089,0.8207416749533131,0.7897751422888347,-0.0034152014032742
0.2008282227423399,0.21861558236878384,0.3483731002613015,-0.20990405669726458,0.8936532956033992,0.36168195121398333,0.7535115310717512,7881,0.3784356292128986,-1.5412596519478179,-0.43079299049989433,-0.3907680372381695,1.9016558422973149,0.8714961316244629,0.833353544662998,0.8155042545572089,0.0107424961576794
-0.1645719056899465,0.18048770548746823,0.30891825685126595,-0.21045444605991748,0.8754441195593069,0.333305793079075,1.491194461914295,7882,0.374079472988533,-1.530823958317305,1.0803501224363594,-0.3912852340315481,2.0257994625969054,1.0095830778584665,0.832383400839176,0.8385842181616558,0.0033423905337302
-0.2200341141047249,0.15135563048534548,0.2847206502103849,-0.20143719533341387,0.8841229810128718,0.31148364773964216,1.8719850437244392,7883,0.369738306332056,-1.5402011892723344,0.2905202231571276,-0.39180243082492827,2.0578250711896398,1.0346613167455154,0.8343236884868205,0.8201299847404194,-0.0049130037968143
0.4352149028343125,0.24504946699752575,0.42381468939632966,0.15481998817305878,0.8928641195734427,0.3897646382865299,3.4752751463166534,7884,0.3654120324678681,-1.5395588258776944,-0.5906654638972235,-0.3923196276183084,1.9805361564528419,1.0190112693533016,0.8081298052436281,0.8092378030655485,-0.0073215963881696
0.31768496412389113,0.37039212444599834,0.6365636910787923,0.1565342421678648,0.867899131230029,0.4811419009146528,1.4949123823279065,7885,0.3611005554837523,-1.4941686760220643,-0.8477754884176731,-0.3928368244116885,1.8864634888235376,1.0364208336832879,0.8090999490674505,0.8541086664012207,0.0094621151199278
-0.09522367877794213,0.2634869341373056,0.467943298072438,0.1176949235656157,0.797237712784306,0.40026821920208766,0.8301065929531842,7886,0.3568037803210286,-1.4684988647082098,0.9436953648296655,-0.3933540212050687,1.9875116058858155,1.0225312028570475,0.8071596614198058,0.8962794407909014,-0.009133078359749
0.7847449678934829,0.3725418863024061,0.6203014553567825,0.19803164731790096,0.813077539832538,0.49629512141081666,1.407969187033701,7887,0.3525216127646963,-1.5082824142772566,-1.0411189122201887,-0.3938712179984489,1.8648761210811649,0.999866966868702,0.8090999490674505,0.8462182316965832,0.0108424090404668
-0.10619442380539167,0.2475087243119419,0.4234875813698317,0.23761342572466834,0.7500189693113568,0.4069720899772945,1.8151015677851208,7888,0.3482539594337507,-1.505370413397981,1.0910146264886875,-0.39438841479182746,1.9846490027939574,1.0293507202242596,0.7993985108292325,0.9158068905606168,0.002087632582266
-0.22191728013167403,0.27522563724647486,0.4911486482919843,0.16264797353408775,0.7031570451884289,0.4037860831126568,2.164111866533799,7889,0.34400072777169133,-1.4795227353914118,0.1565470542309326,-0.39490561158520754,1.9943749456839452,1.066341595082358,0.7993985108292325,0.8846765531659457,-0.0002155121425914
-0.2026392420947915,0.2676734796309343,0.4970236017010885,0.1546492626297747,0.7161916987820768,0.38282162525805025,3.154145826857142,7890,0.33976182603707045,-1.4844121625622326,-0.08925388041502687,-0.39542280837858773,1.9801254528236774,1.10200160182671,0.812980524362737,0.8776901619369558,-0.0002874112945944
-0.11193058890961521,0.24209766601534638,0.46802750580283503,0.20376245458529182,0.7301773223183091,0.36471241223343875,1.5791017887455479,7891,0.33553716329425165,-1.4431721903030603,-0.09690665235070649,-0.39594000517196787,1.9584856391012673,1.1417788047205741,0.8110402367150951,0.8390370371060805,0.0063727837535114
0.2585631675472119,0.27163112376938253,0.5128230688409956,0.2925260085822333,0.6298469034719897,0.38121778887402336,2.3187552187835436,7892,0.3313266494042373,-1.3958101449465448,0.613989431299337,-0.39645720196534806,2.0271566641116343,1.169448813222434,0.8110402367150951,0.845683712387548,-0.0065704899658223
0.21299017974355122,0.36178328318916897,0.6675209488159503,0.5748386771534348,0.6652015616919541,0.4520509561982397,3.7996659568310203,7893,0.32713019501568713,-1.397362739669947,-0.767550077712756,-0.3969743987587266,1.929570569634028,1.2047234917586491,0.8071596614198058,0.8403305252816112,0.002156721894277
-0.041217543863296444,0.3344207122508024,0.6293872001868289,0.459063699929565,0.60806094325496,0.420814459428104,0.7712449507458948,7894,0.3229477115560127,-1.342681052182959,0.16397530370881358,-0.3974915955521067,1.9511583635686487,1.1750598819877052,0.8052193737721638,0.8777422236066091,-0.0061692968988346
0.5870526690278955,0.4398823731393832,0.794671882954965,0.568793275066666,0.5726397072386346,0.507512699323881,2.4403192450809708,7895,0.3187791112225545,-1.3634844572457663,-0.7247385336621169,-0.38324282389449155,1.862138177884998,1.2107418236839012,0.800368654653055,0.8348610837795383,0.0003127854953999
0.009717588918076945,0.40965988736624737,0.7484429299974326,0.6048128884748973,0.5293462735476442,0.46869014332763254,1.8942052808046348,7896,0.314624306974042,-1.3109305591096974,-0.03286443248791905,-0.37300232738556993,1.8606751095687368,1.2770600755854111,0.7993985108292325,0.8718810272306378,0.0079855683903657
0.5250961043724509,0.34064581514950143,0.6046050199794851,0.38649977631960436,0.4919847397543145,0.4327460059084739,3.025810540281673,7897,0.310483212521934,-1.2166472595234523,0.7861026917368346,-0.3641065425394356,1.94526080601459,1.301317084116762,0.7855254541485789,0.8366401965243607,0.0072780203312552
0.11826107794084689,0.18670799993411327,0.35168328430776524,0.27151134477973804,0.4794182284729867,0.33035712644272675,3.071205255583392,7898,0.30635574232209484,-1.1557315810600333,0.7105804073918784,-0.3635893457460554,2.0198838339112397,1.2956806717995575,0.736290655089618,0.834538252618874,-0.0099023974470104
0.11188213403880118,0.45521984505891877,0.8244030896139894,0.5087566960795193,0.5229435359839004,0.4808844645875018,4.4393793593732624,7899,0.3022418115664736,-1.2712171023537608,-1.1232023234463093,-0.3630721489526762,1.8865363441279972,1.3345281358542722,0.6684776018044686,0.7885757593484486,-0.0089247260066392
0.695783433403968,0.45625999712836224,0.8110240466174284,0.7329139804544151,0.4953151254801034,0.502464789263002,4.1515083282292515,7900,0.2981413361748671,-1.1557315810600333,-1.0188154113113908,-0.3625549521592968,1.7769049987218786,1.3103807152791718,0.6308845286313707,0.8318014568173782,-0.0212452620500683
0.8715886006174228,0.5634419137615496,0.9864743391756169,1.1597599764884172,0.4566296308147359,0.5868876778828851,-0.31468656005670664,7901,0.2940542327869356,-1.1588812412737441,-2.3339173198456655,-0.36203775536591654,1.6707253545992806,1.342984926680606,0.62423904343819,0.9173853724646587,0.0120125304281609
1.1129531121434038,0.7153278885917993,1.1944690227506976,0.7549976073865675,0.3474538712082728,0.7040609757953069,-0.2602663493750839,7902,0.2899804187541274,-1.057897072105711,1.215953855525258,-0.3607706232221352,1.6480322902508668,1.3622936737597562,0.6232688996143692,0.9166750556078399,0.0153553670831958
0.19040301183049746,0.37605033733076926,0.4923506928269653,0.45931774752373,0.32755038018694693,0.46544096460795503,-0.42291183502465607,7903,0.28591981213191225,-1.1602607539963163,1.572751057976096,-0.3602534264287566,2.026545923430006,1.2117603958494914,0.8329169799422781,0.9497686507192229,-0.002544529257547
0.4758905692769015,0.4579796977150401,0.6454809643067867,0.45315767346879515,0.28179613827210864,0.547424516180987,0.471325850939231,7904,0.2818723316719564,-1.165617961699481,-0.3378057938623606,-0.35973622963537644,2.026545923430006,1.2439368907017088,0.6267129101889372,0.8174935386470105,-0.0086157103859618
0.3280667765497998,0.6040496026315548,0.9434811708351595,0.7166536285993786,0.27063633868133014,0.6480410276978085,0.9453824262792704,7905,0.27783789681454485,-1.1633142801876273,-0.9858638842600799,-0.35921903284199636,2.026545923430006,1.2998469334242382,0.6218621910698281,0.8827451560873548,-0.0026217410108397
1.153270678743485,0.6795090537088933,1.045836244855226,0.6615553146020506,0.26675514848264853,0.7463168010294302,1.4049459847864552,7906,0.27381642768096254,-1.1074994111382457,-0.3460684023055615,-0.35870183604861616,1.5570331045705512,1.283012780974317,0.6082801775363208,0.9412679259421957,0.0107579225134395
0.1758957942955309,0.5424189793616103,0.7885557739082785,0.589092301988887,0.242082132526024,0.6084679288468715,-0.5042638093906324,7907,0.269807845066062,-1.0895707128926704,1.0820504938025284,-0.35818463925523597,1.6580217561586346,1.1642500413961177,0.6073100337124984,0.9625134749193868,-0.0008187247238943
0.24016508358266714,0.4949434655520495,0.7138812797294569,0.617463409685132,0.2805368407881848,0.5779941607466742,-0.05672397423901645,7908,0.26581207043098015,-1.1724795831921955,-0.15361799989410851,-0.35766744246185583,1.6419253854878866,1.1136730878947154,0.579175862821664,0.9073069557825164,0.0101942448104557
-0.27782840806451503,0.33618505669839943,0.4590053883629271,0.4614224973197286,0.2520668698739299,0.4595331177785328,0.5664828173955042,7909,0.2618290258957951,-1.1419446182657353,1.021905825697692,-0.3571502456684773,1.7440996260453676,1.1507418351595051,0.5685042807596238,0.889691046617597,-0.0022186701917813
-0.05776596548038282,0.37562644029609366,0.5558729417043128,0.4981378556570179,0.2910909633971875,0.4749991703661595,0.6744932847064361,7910,0.25785863423243327,-1.1458596778936376,-0.30304541804870766,-0.3566330488750971,1.7121450960711562,1.2253454825680847,0.5675341369358013,0.8243606620841358,0.0019845065380808
-0.15971518917164623,0.24143176122214868,0.3514574226343797,0.3134548284817255,0.302251588343043,0.37159551411560154,0.5523280969939863,7911,0.253900818857603,-1.1386962902249609,0.1455717745020222,-0.356115852081717,1.724724075356092,1.2065118768769991,0.5665639931119789,0.8466589690609955,0.000524972056334
-0.36230068843425506,0.18507759688286282,0.29078438823843306,0.18522151333727446,0.349701838288206,0.2785127145739953,0.010117198515701866,7912,0.24995550382578877,-1.1470988149517223,-0.010205468375564365,-0.3555986552883368,1.7293750833397434,1.2177941231300367,0.5849967257645954,0.789511395949348,0.0017887379436871
-0.28615397452184843,0.18667231978108098,0.31954407501262466,0.1181310602311363,0.38711648874219406,0.2941139195149829,1.0930501097452885,7913,0.24602261382245103,-1.173275671719303,0.12469742259107798,-0.3550814584949567,1.7295425411575056,1.2852642858264904,0.6005190269457447,0.7889967958188535,-0.00088086834881
-0.09853185358887476,0.2896672736350769,0.5077072284820031,0.23737211533718158,0.40308597567145754,0.3743617899393602,0.875664246759913,7914,0.24210207415716398,-1.1731115757734496,-0.1602510878528392,-0.35456426170157657,1.7157794357550702,1.2644955721112419,0.5995488831219251,0.7507265565780012,0.0015726640135334
-0.1896751591696875,0.2514161696739329,0.462101047731677,0.24350394828961672,0.39796716670205806,0.38150346528723583,2.9926661308698246,7915,0.23819381075696186,-1.1761304857327866,0.1016125157015519,-0.35404706490819793,1.7233939872409694,1.3473900251836184,0.5801460066454863,0.7620980175312967,-0.0037113695268402
0.26678846469434503,0.30191047314992037,0.5448916900928773,0.2882094406749643,0.5201207165502405,0.41863604016873707,2.42012293290088,7916,0.23429775015975632,-1.1806640144642946,-0.4624164045358391,-0.3535298681148178,1.6754009495142261,1.3748014058881686,0.5820862942931312,0.7752857178371689,0.0091458317378345
-0.3876281795479677,0.1549965694576753,0.3260731340086165,0.11319236979480474,0.5236926204975576,0.305820303916335,0.8147934789500284,7917,0.23041381950772583,-1.0977781980203314,0.9099359004251412,-0.3530126713214377,1.7634668492362549,1.3317457398373111,0.5723848560549102,0.799207991212351,-0.0009701844040985
-0.34223802884005455,0.15488897264164989,0.34570766316226964,0.07455052199376856,0.5241709406781722,0.29899763198002277,1.3666514247739712,7918,0.22654194654100962,-1.1259877059440602,-0.16982771092527285,-0.3524954745280575,1.7459445672182958,1.3931195288745288,0.5714147122310909,0.7340638885718109,0.0002131742245639
-0.03399910025669767,0.21359613440863986,0.4473853939315924,0.15733171896317144,0.5226223248826569,0.3268328248339172,2.3056119937844204,7919,0.22268205959120113,-1.116636019540453,-0.04353952299921004,-0.3519782777346774,1.7391808201268417,1.3508113397281618,0.5384298222211447,0.7198921581339374,-0.0014919012855785
-0.41571322887881584,0.28772833860889385,0.5901735053178345,0.27358776530831386,0.5285588038053959,0.36687239386785,2.421511522423457,7920,0.2188340875752468,-1.1109308637099324,-0.2255575218052776,-0.3514610809412972,1.7107800602122831,1.3773396990631102,0.5374596783973222,0.7165071225506465,0.0046484051809483
0.00653359064262367,0.1254532731681944,0.33008007278413515,0.016324208933926,0.5439809222530062,0.2541024043851422,1.7339536775544095,7921,0.21499795998908375,-1.1360109454780243,0.429868281757764,-0.35094388414791866,1.683276647313916,1.36638347422551,0.5364895345735028,0.7429983218513818,0.0016524633523031
-0.31609221669404103,0.0845202742667823,0.28236930916282565,-0.008231544103524856,0.5439194098241819,0.2125677188428862,1.4906026390335012,7922,0.21117360690168777,-1.1509939353884673,0.11007634715755313,-0.3504266873545385,1.6962459937226788,1.3701748718749904,0.5355193907496805,0.6499541614924057,0.002238929033387
-0.32264312373513826,0.15134352016830538,0.3978941484515366,0.07064996922287974,0.4923792977451406,0.25915853896687496,0.5915473763746162,7923,0.20736095894891307,-1.1520232028478299,0.17267453728056964,-0.34990949056115833,1.7076221209219007,1.3617903878004716,0.5364895345735028,0.6312378207342272,-0.0018341719807119
-0.16124143323536208,0.20823314385408928,0.49574000380719807,0.14505346307446762,0.49969451266074133,0.3095102852553669,1.1546307440779318,7924,0.20355994732762916,-1.1385342377172076,-0.2620480408255767,-0.34939229376777825,1.6778398585078165,1.3353180566802814,0.5355193907496805,0.6425592960825938,-0.0055833018597709
0.8623381471116481,0.31047611263744596,0.6129817586205453,0.28831577564957056,0.5041722173938298,0.36364468190278104,0.3759947771999015,7925,0.1997705037898113,-1.1224250357706185,-0.6622227697738657,-0.3488750969743981,1.6124579340836138,1.334030164047927,0.5423103975164342,0.6594170843514477,-0.000331667252197
0.4381249029746259,0.27404754320682545,0.5326142492308957,0.3093453372469141,0.41101601726082715,0.33708519901578754,0.41582299741391454,7926,0.19599256063670262,-1.0726267851182507,-0.10171642939117752,-0.3483579001810179,1.6005484956342537,1.3340553137850872,0.5005942130920924,0.6769421740523288,-0.0134904443820975
0.7400237801251273,0.541048837100925,0.9853865536653555,0.6692687728868653,0.4107271571603177,0.5196446883002986,-0.00017148763255660395,7927,0.1922260507131557,-1.0582869968262267,-1.5062689365036603,-0.34784070338763934,1.497007968082706,1.1949114200198712,0.5015643569159147,0.660002409239112,0.0143160126753101
-0.0073068624485989764,0.28608239300456706,0.5264234325688977,0.41028062247516855,0.35118732476601483,0.34946820243442894,-0.46917040971804147,7928,0.1884709074018967,-1.012473923530251,1.4617264349674508,-0.34732350659425926,1.5945098707292018,1.2355069739084243,0.5025345007397372,0.7474972435527054,0.0053461959538194
-0.2787932269281248,0.1744197330968662,0.3617017699937146,0.07749735879930994,0.345450109590531,0.250677488335345,-0.20013217441035694,7929,0.18472706461804284,-0.9678971866170156,0.5042953000361852,-0.34680630980087906,1.6410756033674216,1.2848964032934218,0.4617884601392178,0.690245002796724,-0.0012053604037467
-0.1561003310101582,0.14336677935384476,0.32661600257381596,0.0349641111066383,0.3631219545635007,0.21565875734997875,-0.09234834726216078,7930,0.18099445680346798,-0.9565650456855107,-0.19500490405181659,-0.34628911300749887,1.6221741532711982,1.2806757289595299,0.46275860396304,0.6632069973059587,0.0059157596602639
-0.36168531009066157,0.11137820871401202,0.2959288413183171,-0.08158773105979873,0.3952043455555998,0.1740564494803408,0.21701032778050047,7931,0.1772730189214523,-0.9483966757998772,0.56506780497794,-0.34577191621411874,1.675547288098043,1.3062355963934655,0.47343018602508036,0.6402490110610712,0.0035521052634965
-0.5032348013938311,0.07948403035170246,0.2676539813800559,-0.1413518952353855,0.43957263492256754,0.1494004293049862,0.49932104303084096,7932,0.17356268645128262,-0.9483966757998772,0.31274380562695736,-0.34525471942073865,1.7024664504355793,1.3063565663121603,0.46663917925832665,0.618523400314579,0.0020158928909836
-0.3139072117387177,0.09206440512805955,0.3002120876483858,-0.21067586630918655,0.5375161559767128,0.15105280470699725,1.0222318596159499,7933,0.16986339538292938,-0.9693578896563839,0.14877152682939287,-0.34473752262736,1.718434499368046,1.31613083436911,0.4656690354345044,0.6208605650981056,0.0005380493022495
-0.4444385779873986,0.11551315365762553,0.3513110209532683,-0.15127612447109748,0.5884247384815499,0.19493380246505776,-0.1051656487727439,7934,0.16617508221178046,-0.9568348867464511,-0.008959994017290559,-0.3442203258339799,1.7128723384214826,1.3031584484031227,0.46663917925832665,0.6143397614503497,0.0008417116196222
-0.42842061473588006,0.09846624507441071,0.3390694824173087,-0.09642359777653747,0.6081468428161761,0.19676283910874087,-0.118251374357189,7935,0.16249768393355107,-0.9469449025861537,0.02345232283125946,-0.3437031290405997,1.7182306933006566,1.3113787461892272,0.47634061749654466,0.6430693056062035,0.0055366070494364
-0.36054623794738805,0.0668961083376922,0.3026687069704527,-0.07503089901587451,0.6847869131068434,0.1910666955872045,-0.2930101820008515,7936,0.268009746480275,-0.940198707429331,0.5245762013504975,-0.3431859322472196,1.7640315611262871,1.3638193779842,0.49380320632533864,0.6495185974953969,0.0076435191925812
-0.4336035707209725,0.02978151457457931,0.25994790015071,-0.08265642820316582,0.717892184727496,0.1768206887106652,0.29707562962787926,7937,0.34680835823905143,-0.951329863962987,0.7494638480842581,-0.34266873545383947,1.7637774407757727,1.403038121320786,0.512235938977955,0.6394712596624755,-0.0018214517196302
0.15578905799054066,0.154041688285961,0.436376521520996,-0.039964870900933994,0.7029948124982023,0.2668262993245866,0.2700575876598295,7938,0.411068848716884,-0.981119542560771,-0.2607974668369849,-0.3421515386604593,1.80217288772045,1.4083259401777422,0.5015643569159147,0.6356855868876432,0.0035340586600092
0.17809866127047658,0.1323275620277313,0.39182943224888883,0.03631428242938006,0.7519547330326899,0.28076867426848656,0.10869871295174673,7939,0.411068848716884,-0.9412894881875787,0.3108175467637194,-0.34163434186708075,1.8161676784201528,1.2885458417241675,0.5005942130920924,0.6524672846633276,-0.0081480457803907
0.7397872240712416,0.3860686116682005,0.7723375473609457,0.13841090927988722,0.7097641614548711,0.4279279667591808,0.3365814608575425,7940,0.411068848716884,-0.9709919899198117,-0.9361178298868693,-0.3411171450737006,1.7286739636730184,1.2396903511103745,0.5044747883873789,0.6605239505750103,0.0106748351775641
-0.2229359726585357,0.13054642325861793,0.3542399055774486,-0.09288445574940854,0.6710365086759339,0.2832055219224668,-0.5764055333449717,7941,0.411068848716884,-0.9529748307602991,1.0729993595303753,-0.3405999482803204,1.8306789097137215,1.2474470484264342,0.512235938977955,0.708792003433811,0.0035819250821089
-0.3630458494199828,0.12986668337727764,0.3672858884983541,-0.019028733861793844,0.6463798035199505,0.28504167365245625,0.12131479091700602,7942,0.411068848716884,-0.9982506460925419,0.3159267142525446,-0.3400827514869403,1.834699024447435,1.3072214249773426,0.5209672333923506,0.6705426793684209,-0.0034089868797824
0.07538744466672867,0.21599999674234135,0.5015223522077835,0.17330117201840783,0.625890839686819,0.34776378780566886,0.6176880979764053,7943,0.3865224394328404,-0.9697175277361639,-0.43028002959790035,-0.3395655546935602,1.7225687608248383,1.304236339291678,0.5112657951541326,0.6885139089854488,0.0014922289015448
-0.05007825255504794,0.14420326264267985,0.38976993035518726,0.15628186119112109,0.6307558128789138,0.29957610857741745,-0.22887577704308967,7944,0.3821503292413513,-0.9505919796885681,0.09288725449996056,-0.33904835790018,1.7258927127596613,1.346747358068869,0.5316388154543938,0.7085680809556768,-0.0034155510393568
0.2091657487168472,0.20564702520970998,0.4783242053407275,0.24222991035765878,0.5557666318796438,0.34338984507439657,-0.08051780983479101,7945,0.37779333141140176,-1.015135075205578,-0.43097008595444547,-0.3385311611068014,1.6840928644046795,1.295301905359611,0.5782057189978417,0.7085186935247514,-0.0078435883995163
0.08241301707528162,0.33594679216447143,0.6968745596561015,0.5224740362736026,0.5406062445058295,0.43507339132864487,-0.20084991618853673,7946,0.37345134817149184,-1.0135030330308157,-0.9035884586944908,-0.33801396431342123,1.5996317560917555,1.255129861733525,0.5755863306735224,0.7022001163612941,-0.0147679323973224
0.8072966819677133,0.4713077356561985,0.8895145008283706,0.6032111414108966,0.4576613341795714,0.4815876046630542,0.1622335923265367,7947,0.36912428262527763,-0.9617682256827325,-1.6427008820029438,-0.33749676752004115,1.5178432144083953,1.2600360953717487,0.5894108801629852,0.7370521926731229,0.0143304232305232
0.21422546271880483,0.45100052489756887,0.9221617403547202,0.5579546279402844,0.34979830883361823,0.5401093722484686,-0.6830748683280494,7948,0.36481203874143453,-0.8834526077362433,1.4632323983754567,-0.336979570726661,1.5767724008432817,1.21317941926972,0.5820862942931312,0.7454727287871099,0.0080963207247581
-0.3125387284555168,0.28553251750919084,0.5661053790420122,0.3435557776856185,0.32224336241776375,0.4147247616137071,0.16330470159269359,7949,0.36051452134377043,-1.0032262169095905,0.7977949905763757,-0.3364623739332808,1.6517981344547412,1.1504679277621712,0.5287283839829267,0.7981675347096071,0.0020941204108437
-0.13068291500345947,0.2652368037966926,0.5426591202242673,0.36113136371961096,0.20826403829901005,0.4133690489284463,0.29780477139758776,7950,0.3562316361012792,-1.0691970265737765,0.1571213780125076,-0.33594517713990063,1.6641417621773174,1.2283120627654884,0.5102956513303102,0.7301699067576324,0.010287971318329
-0.207327542727712,0.2204493734957241,0.48068681881069486,0.2951859476451141,0.2052865282029591,0.3932294396191474,-0.07833294432932685,7951,0.35196328951855876,-1.0076823630211482,1.0317274523804727,-0.33542798034652216,1.7575172334815508,1.2822244430977179,0.4792510489680118,0.7239054485215377,0.0024548801369408
-0.29155219809782285,0.25464165905853253,0.5513821674173183,0.2617459221677878,0.243909587975833,0.40128880068514,0.7139596736966062,7952,0.34770938892618863,-0.9320282556876219,0.19562815965609182,-0.33491078355314197,1.7724596410801823,1.2864895430226897,0.4947733501491611,0.711263363765408,-0.004557616330912
0.34908351464622445,0.4159108707057968,0.8202170428381286,0.28798262523655876,0.31950547432018866,0.5193057301216686,0.36465068492963654,7953,0.343469842471338,-0.8852495811833747,-0.5528612936098434,-0.3343935867597618,1.715920511134606,1.3091521151543517,0.48507191191094307,0.7260814017291041,-0.0004100133867837
0.2440956212788166,0.32041760442386397,0.6405329730248406,0.4064072452255355,0.338206845188577,0.45785128455372825,0.04181206254015845,7954,0.3392445591084639,-0.8839263830488552,-0.11015433559743891,-0.33387638996638164,1.7054613437718171,1.28436377034214,0.4908927748538745,0.7598993603513059,0.0041473917987138
-0.34137836181102893,0.26477493063965113,0.561111361855123,0.38389704714862627,0.4150264709154807,0.41327842744853127,0.2561700275318461,7955,0.33503344859013906,-0.8136654838363803,0.37627292723290784,-0.33335919317300156,1.7387335345540287,1.3052156883992974,0.46857946690597146,0.735908281982962,-0.0048564619830413
-0.04784530370426366,0.3134673157238538,0.6496587481265202,0.5699573947513668,0.4370879557279282,0.44106243938385165,0.8835093759522443,7956,0.3308364214580426,-0.7976997651370806,-0.5847700782001871,-0.33284199637962136,1.676158327105351,1.3716530780536678,0.4622250248599378,0.7224274353719533,-0.0020980136203453
-0.11942566535797132,0.4238433581205772,0.8555095068788275,0.6982537910270042,0.4617417067915014,0.5223919579047662,0.9665415636539412,7957,0.32665338903405294,-0.7537758490951166,-0.29032815131483075,-0.3323247995862428,1.649289818578414,1.3483546131390958,0.42657223933448296,0.7626130819125457,0.0081354691182249
0.24550873651656963,0.2945098480242462,0.6142336478523072,0.40668560042986235,0.42223644567506197,0.4401399982670434,1.0429450241238523,7958,0.3224842634113961,-0.6694942476296425,0.8019736128833386,-0.34657357124385796,1.7213339150306954,1.2764153054653844,0.380684436467707,0.8074261331095126,-0.0049189617339969
-0.2597722031200099,0.2878254079670863,0.6149811456585185,0.4534329691137862,0.4506753773476138,0.4387706623534203,0.5629082294509873,7959,0.318328957446092,-0.5807724824372289,-0.5914305892599849,-0.3562451512800615,1.6664738612706531,1.24397610334997,0.3656472071984684,0.7602647153283806,0.0063328626172358
-0.4548454497373016,0.22486866406231726,0.5250337385679406,0.3680047521470755,0.4357225280727422,0.3772429153594085,0.6028130694489309,7960,0.3141873847482787,-0.5371289166660487,0.6095457720365463,-0.3330747349366426,1.7165556201040066,1.3889148518505827,0.3573039703136006,0.763511586704623,0.00165248085309
-0.3504532169766369,0.12194691981308566,0.37297958708985346,0.29942882722609043,0.4407761155390835,0.31572695294730385,0.6295661425171531,7961,0.3100594596738892,-0.4818492370994067,0.10997105356569652,-0.3330747349366426,1.7237941230503577,1.2021726072777583,0.32771458368703194,0.7328369273451765,-0.0008135776037475
-0.3751362544579598,0.17356229834438652,0.46534474661382347,0.3553422416760445,0.47730281714566464,0.3530256219321109,0.8445693481715247,7962,0.305945097316244,-0.42606042823566914,-0.1532405732636459,-0.3330747349366426,1.705332689971115,1.166674031761596,0.3042371031505428,0.7083377126521841,0.0012439779358082
-0.2247526829791768,0.17970959664009734,0.481402253837221,0.3043094017972968,0.4984363122954981,0.34703268295131,-0.0825291086715194,7963,0.3018442134979591,-0.401921275790872,0.06636825785810808,-0.3330747349366426,1.7059423616155818,1.093798946154458,0.28206931677621394,0.7204256726293596,0.0024848649937356
-0.35177011396586333,0.11310023465034638,0.38631994874495923,0.22666796312988596,0.4892609238533478,0.29586317016194086,0.682593864828154,7964,0.2977567247627124,-0.32443239009500974,0.19882868413176658,-0.3330747349366426,1.6749231853049211,1.1532828804360493,0.24156581213164924,0.7111921893830633,0.0029969804195255
-0.398557989396461,0.07024672903798748,0.33108687101308715,0.12650373571070572,0.45804003152394873,0.25606032138535434,0.9104941469584509,7965,0.2936825483673895,-0.35709012332640117,0.2534586838106362,-0.3612878200155153,1.6946997058701139,1.1841357808366415,0.2357449491887178,0.673012638663411,0.0018197748916573
-0.3980853760213886,0.05739380235759666,0.3205724458181293,0.1727926732598447,0.4589806488760865,0.25673172883050305,0.6545746455655749,7966,0.28962160227414063,-0.38817182715101595,0.1278382783813506,-0.3607706232221352,1.7012932809655963,1.1886632830161394,0.2318643738934312,0.645932266338913,0.0023546823898152
-0.22906928762452886,0.11813816905730141,0.41518121997240826,0.19517896570892743,0.4135322363586246,0.2922137094986176,0.6807286155300879,7967,0.28557380514262903,-0.3967371342144896,0.18492266065609714,-0.3602534264287566,1.7175756338830173,1.1762573638562195,0.23089423006960894,0.6481457080782795,-0.0065552498215267
0.4534465257685498,0.28059148701290104,0.6490651908638565,0.2524197941423236,0.43555550708268115,0.39166140620686896,0.6130553570488726,7968,0.28153907632236536,-0.40119992792134196,-0.7661703123485089,-0.35973622963537644,1.6402462545792913,1.136601427781467,0.23089423006960894,0.6641169571955573,-0.0109449597035436
0.43972017225284415,0.5400635776668142,1.0716701473425414,0.7235477668981459,0.4101247186804153,0.5889121204778438,-0.05909067856361102,7969,0.2775173358451178,-0.3383107374617574,-1.2347192874079156,-0.35921903284199636,1.5505533411995573,1.0894949796353426,0.2328345177172536,0.6993323931605698,0.0015483400503804
0.5520321605838114,0.6176785768688041,1.2425641113684365,0.7007039501614098,0.33198408657383743,0.6093381432997386,-0.21995144302543007,7970,0.2735085044175386,-0.2625778381512689,0.0988230788457883,-0.35870183604861616,1.807373368164621,1.0510415125783725,0.2541776818413342,0.782971370164142,0.0079570771136503
-0.01632302400132458,0.3385203258947564,0.6960612993851835,0.4434955848557283,0.29481238214284017,0.4571077538812764,-0.4611612440104508,7971,0.2695125034137053,-0.2316101911526369,0.7829112239743365,-0.35818463925523597,1.6029319358560568,0.9533227750677193,0.24932696272222535,0.7806859637099488,0.0087964634372714
-0.2924024262336367,0.21040083219750097,0.49067300911480805,0.23068766090528517,0.2729185069830977,0.34299753578590336,-0.05833396984680276,7972,0.265529254867895,-0.3114618312934564,0.8725162537409192,-0.35766744246185583,1.675536190875195,0.9972962069475132,0.23477480536489553,0.7408036039638138,0.0015874434994307
-0.4757238070767097,0.2173829460084063,0.518277689388448,0.23326382599733578,0.2819895725865483,0.34502956253831263,0.20974715079059802,7973,0.26155868146743194,-0.3814931480118489,0.10305027288823597,-0.3571502456684773,1.6811765756350399,1.0405130426646438,0.2338046615410731,0.7250374760343318,0.0020983548466855
-0.46589365698443486,0.17942317832098006,0.4719672386242878,0.16722746654193452,0.3144368198421613,0.3052360390401738,0.12831233131430733,7974,0.25760070654557815,-0.4091819885355138,0.15759495508645463,-0.3566330488750971,1.6940112601845838,1.1216793934809648,0.2328345177172536,0.7302541750399287,-0.0059031877505922
0.012712736788339903,0.3675844943073247,0.7906136869150933,0.37324332380906367,0.38822824097599185,0.40668248495640436,0.6386578961966565,7975,0.25365472990857213,-0.350598298721468,-0.6965061112799333,-0.356115852081717,1.630488445340983,1.1565945282146093,0.24447624360311632,0.7085980960004631,0.0089409761526295
-0.31925921791980283,0.14447839398038612,0.42349666110757667,0.17695927356169938,0.3979769205052444,0.28911357219312517,0.005387652609857585,7976,0.2497212024783678,-0.3544235871666621,0.8879412559583731,-0.3555986552883368,1.7053905046012148,1.1303971020997714,0.2367150930125402,0.741674534754834,0.0043975568192533
-0.3375984874610592,0.12674168567629812,0.4039220050228193,0.12756731733204643,0.4138054669744297,0.2695880627966492,0.9335203198921599,7977,0.2458000494619324,-0.34849213851222116,0.4029750481292534,-0.3550814584949567,1.7371905511798929,1.193977361778809,0.2357449491887178,0.6835578290603431,-0.0014815468886698
-0.21725428891403742,0.15380186272525917,0.450017763766863,0.12378731135428879,0.4394210479546087,0.2717907831212683,1.2286448243071288,7978,0.24189119668509643,-0.4040718028622015,-0.22452770822220777,-0.35456426170157657,1.715105457466682,1.196732062333203,0.23865538066018488,0.6903673390625524,0.0005314907636526
-0.3137605646171457,0.12060971571758004,0.40483549804185587,0.06982829563888326,0.41638036554212826,0.2401124813785697,0.540769544737278,7979,0.2379945705858705,-0.3861527891491144,-0.009638437748127308,-0.35404706490819793,1.7090219991723805,1.1738799600354815,0.23477480536489553,0.6928814398597788,0.0030765824767802
-0.2601253162009945,0.14885492059430305,0.453380637950948,0.02951914721648475,0.44875610182324227,0.2454312481921389,0.9306909098088538,7980,0.2341100982079347,-0.39955753763852614,0.2620196320717897,-0.3535298681148178,1.7270626290429136,1.1603205846245725,0.2338046615410731,0.6694210332811681,-0.0002427236934662
-0.26809136263609556,0.14939758775667247,0.45821658393939213,0.1280717580807295,0.47713365476096486,0.26375307402633946,1.724092012201836,7981,0.23023770719415992,-0.39954231764809944,-0.09229816367522911,-0.3530126713214377,1.7148734002545942,1.214977825111213,0.24447624360311632,0.6718842915043273,-0.0035755275095904
-0.2304407784327822,0.3083978062433391,0.722628420757991,0.2952341127200291,0.4715497962005292,0.37839316397944706,0.995208450418341,7982,0.22637732578030442,-0.35035335056580247,-0.448002878944612,-0.3524954745280575,1.6741083500709186,1.2056610231515184,0.2435060997792939,0.6916774307279877,-0.0012182695361671
0.2217687456303094,0.2924953599620885,0.6788972293496686,0.30191986747088934,0.43280090117611775,0.38453262666849,0.4281560204450603,7983,0.22252888278864877,-0.2941492855164081,-0.1963938120395729,-0.3519782777346774,1.6534576111525736,1.1443354397288965,0.24835681889840291,0.7241244022243996,-0.0042802333047841
0.17153931164309943,0.3699230535517329,0.8021302978484486,0.4968263957232374,0.43785592106382193,0.4292277468401301,-0.04465705728929199,7984,0.2186923076218546,-0.2589420483481179,-0.5232429638249263,-0.3514610809412972,1.6023124798536472,1.1744517943254058,0.2473866750745805,0.731302016087723,-0.0078845384543169
0.10229728090254271,0.5925126092840522,1.2051584605419656,0.632702162811768,0.38931954895697807,0.5476641378971357,-0.15312690904634618,7985,0.21486753025682157,-0.26051253295017757,-0.9079487976887773,-0.35094388414791866,1.5311450553066357,1.1397054624507608,0.24641653125075808,0.7619776057144889,0.0025592673888024
0.436160019328583,0.4229003329747801,0.865153330217735,0.6085686636490913,0.2770004865046504,0.4684666393494739,-0.11304891355606857,7986,0.21105448123861492,-0.21854577108894147,0.20679185078236656,-0.3504266873545385,1.53702572890702,1.1921045230151945,0.2502971065460476,0.7918984394633534,-0.0053965695816826
0.2921685276219171,0.43140525036345784,0.8663847986777686,0.6597212769302657,0.23566783299120267,0.4761919705710396,-0.15414691178888065,7987,0.20725309167455844,-0.22648655420443412,-0.6423773181106975,-0.34990949056115833,1.5259201487478888,1.2064935849407867,0.24932696272222535,0.7741506498555455,0.0083526578080352
0.3520800713902433,0.3142866500785388,0.6400688497536126,0.5495885173355595,0.183468091337673,0.40159663103909465,-0.4111863918985573,7988,0.20346329322828016,-0.1955147380938021,0.8251991087636963,-0.34939229376777825,1.5225684801292005,1.208523738126207,0.24835681889840291,0.7951473531923607,-0.0015852460024327
0.3828399449285402,0.3613501906508857,0.7059772832223098,0.5909109032612527,0.14069534641107337,0.4064164113796817,-0.22254236983385636,7989,0.19968501811392078,-0.23172462105638827,-0.23556415626757624,-0.3488750969743981,1.5013143564739515,1.2120734859679603,0.24253595595547148,0.7655352175589712,-0.0097410609228478
0.5016322620519293,0.556041748623515,1.0494101490136967,0.8350042920382199,0.006328698933134428,0.5397427482438714,-0.22288609505600918,7990,0.19591819909042868,-0.23768543672821646,-1.1060781535596254,-0.3483579001810179,1.4118050541896239,1.2773053558028682,0.2435060997792939,0.7538206160595514,-0.0166742185099888
1.0222107085855545,0.6176785768688041,1.2425641113684365,1.1362305408543314,-0.09492733707460542,0.6093381432997386,-0.27718071331031063,7991,0.19216276945582642,-0.16703374434536525,-1.8461203093571539,-0.34784070338763934,1.4301078392185151,1.2424414421212837,0.24253595595547148,0.8005193289437588,-0.0009446133544114
0.7659279402789538,0.764464579121875,1.4712513154450653,1.1830134217087571,-0.16977130094038878,0.6952789561144028,-0.8442586253991952,7992,0.18841866304166674,-0.10758669269882501,-0.16713049834874716,-0.34732350659425926,1.3247093936442773,1.160113905005484,0.2211927918313909,0.7981019398556297,0.0097548600578103
0.6715868408372585,0.5610005413465812,0.941188992860575,0.8858118855620056,-0.28233893949756905,0.5229690677370098,-0.6686582383628527,7993,0.1846858142074753,-0.09573233646742133,0.9749101912898177,-0.34680630980087906,1.319918331745727,1.1539233230189496,0.22216293565521333,0.8534897416904961,0.0121500022835601
0.020058092789268865,0.3556398095576563,0.572039276393068,0.5702580948380913,-0.35215435209300266,0.3642350726902154,-0.43927048577230077,7994,0.18096415783533765,-0.1517116019051772,1.230541770389646,-0.34628911300749887,1.421717429505481,1.2387287027054434,0.2211927918313909,0.8004898961400002,0.0016471863401252
0.3100299071788779,0.27512570070156145,0.4336081031346667,0.4780601789003673,-0.40586775579943385,0.3123570546910449,0.04665937593717315,7995,0.17725362932442884,-0.18558326891935956,0.10950250019539107,-0.34577191621411874,1.428594767410603,1.2930872082264822,0.22216293565521333,0.7456547536136289,-0.0028609402245187
0.0218469062779659,0.3681434302177652,0.6099652734720148,0.60075995500699,-0.4540066763750315,0.36734652494348996,-0.08921682862022799,7996,0.1735541645858077,-0.14798194903857312,-0.3716966271065565,-0.34525471942073865,1.3976702211643977,1.2975992669142302,0.2211927918313909,0.7314405078091473,-0.020151816394271
0.8183323163115792,0.780428224449524,1.3978420605184172,1.1098891462918623,-0.3898534342552865,0.6161156981274523,0.4783024366125814,7997,0.16986570003704712,-0.17265732071888398,-2.217280057886934,-0.34473752262736,1.210948670996144,1.312460444794872,0.21537192888845963,0.7383004722059294,0.0016831133833747
0.6754482248499732,0.7175352906752986,1.23999669372297,1.014482913639212,-0.4109439304953419,0.5870257270033776,0.003912975207147409,7998,0.16618817259714425,-0.046708215969661813,0.11332669284352075,-0.3442203258339799,1.2201819143990336,1.3546039095866518,0.21537192888845963,0.83620954509399,-0.0122223499567062
1.2807890511760314,0.771150278220532,1.2843414969141667,1.0574630315099334,-0.39913540420256977,0.6013997821214587,-0.40293191359718156,7999,0.16252151968132836,-0.08892795504229394,-1.3709366403212933,-0.3437031290405997,1.1121539274488457,1.3519195643286335,0.21537192888845963,0.8521128771728891,0.011884233636176
0.8798645667865218,0.5885740024155642,0.8719546625809758,0.8882488689580731,-0.47724485280516044,0.5239531033496355,-0.4711703636786262,8000,0.1588656791960584,-0.011331675939947394,1.2021415347413018,-0.3431859322472196,1.2067999398455054,1.375444408277092,0.2095510659455282,0.8633790462250207,-0.0128960943870291
1.71232770732318,0.7548580973916313,1.1093807946992889,0.9607210894567934,-0.5545301483188921,0.624223518731572,0.0701547329158992,8001,0.15522058953399126,-0.1251495705902818,-1.4428507919997382,-0.34266873545383947,1.0897107242967643,1.4072847723136395,0.20858092212170595,0.8351590211123117,0.0104050018769317
0.4602199271041321,0.6023007796007976,0.8043885034125416,0.896804446387459,-0.6186302787390477,0.529570372817317,0.327012932445785,8002,0.1515861895690378,-0.116311647564139,1.0442838686195466,-0.3421515386604593,1.1756835977114577,1.4812238882716917,0.20761077829788352,0.8860576591228976,0.0041560839347529
1.4174086094640195,0.5746366522790481,0.6809904378789592,0.8037328558571545,-0.5899726423073857,0.5039184467360394,0.3805462224565539,8003,0.1479624186515355,-0.1334337108171057,0.3772434886141835,-0.34163434186708075,1.206493815229373,1.5449192798367213,0.20081977153112981,0.8386385307188958,0.0086456657647444
0.1177173377077204,0.4404793835388476,0.4621638228039359,0.7410845400168031,-0.5927291686667675,0.4357636055613433,-0.5962073686808416,8004,0.14434921660339362,-0.1366260562369115,0.8564309966810174,-0.3411171450737006,1.2733584623544323,1.455537271249831,0.1959690524120208,0.8260172055071975,-0.0018237360348905
0.05689844940364728,0.369707334918116,0.3718862528898429,0.6909392746642834,-0.5217182473073768,0.4129804637064471,0.542845023116263,8005,0.14074652371336738,-0.21312558525278708,-0.2610628918862616,-0.3405999482803204,1.2515225886829273,1.4905622862692323,0.1920884771167342,0.7957673506393561,-0.0072397570292245
0.21073742246152652,0.48256150952144417,0.6073728504406231,0.8317705520964538,-0.5136402605482546,0.46107644194220543,0.5151052742909096,8006,0.13715428073234914,-0.21153708307046173,-0.8391688799892111,-0.3400827514869403,1.1870012497899054,1.5112818678160855,0.1911183332929118,0.802917119923145,-0.0024615240980643
0.643482820964622,0.4686084017742723,0.5793716385090432,0.6551880997861939,-0.5131819817185496,0.45523640321198566,0.5146231471225503,8007,0.1335724288687453,-0.1838648174940653,-0.3291497209413792,-0.3395655546935602,1.1615984656996747,1.542820991397243,0.19014818946908954,0.8072389032138224,0.0035976199401455
0.6689119924194689,0.35728583440991624,0.3724639314390815,0.7048144066615558,-0.5365339867899747,0.38035823956077114,-0.1235044053446587,8008,0.13000090978384007,-0.16166121435040257,0.31761254153473134,-0.33904835790018,1.1477290520341978,1.5236069963140004,0.1882079018214447,0.7762726469473838,0.0168206259862156
-0.09971904423946203,0.19378938885364788,0.13560186829883028,0.5443471286584405,-0.4152112545466108,0.2696871917744943,-0.299890311229895,8009,0.12643966558737915,-0.17986099524182905,1.7290101273915526,-0.3385311611068014,1.2887838850364526,1.5165104722145848,0.20567049065023868,0.7613317683000368,0.0076158191456705
-0.07038192860340504,0.14244389543807182,0.08888160109457645,0.598993980419578,-0.40503158408102413,0.2630974254404082,0.6904937253531201,8010,0.12288863883298894,-0.30018593299841,0.7465288014530289,-0.33801396431342123,1.3479783568145907,1.5672009330912466,0.20178991535495225,0.7075933722925364,0.002960504104331
-0.14393126453316718,0.1433462359294962,0.12384434561542729,0.5449402134768652,-0.2806198406425762,0.2620976518871918,1.3543945145474865,8011,0.11934777251383542,-0.29849780223492406,0.24959746470212335,-0.33749676752004115,1.3714922376985472,1.609846903371515,0.1998496277073074,0.736955250018711,0.0077148416571084
-0.12602622298802965,0.08725749776241049,0.06825205888825914,0.5160403995426923,-0.2103535803783324,0.23269034254850052,0.48485520790908154,8012,0.11581701005820479,-0.23352922766245324,0.7570766672798576,-0.336979570726661,1.42977597156954,1.5772965304497062,0.19402876476437614,0.755609651491737,0.0039277471582981
-0.1589299659913992,0.0679287166647146,0.06763519219221413,0.38975284858755993,-0.1070531002084118,0.2221586284453081,0.5251054667692986,8013,0.11229629532526172,-0.22931198349369147,0.3528496696962727,-0.3364623739332808,1.455302978251114,1.5842643265138416,0.15328272416385966,0.7427247034099977,0.0026082537005218
-0.29754902563092495,0.023875504495208585,0.033316074386307924,0.3019490074989824,0.1288017936922248,0.18520859663733066,0.9860165528034472,8014,0.10878557260072112,-0.26973951081192216,0.21199895133676389,-0.33594517713990063,1.4747943211698051,1.6270814714765127,0.16899905410977278,0.7252071643385198,-0.0010361781155796
0.3175562828204581,0.06254734321692693,0.09049428574144869,0.34071773129807503,0.21025007610820948,0.2353134867211488,1.0258731395171274,8015,0.105284786592722,-0.30663583843497927,-0.17701110195560676,-0.33542798034652216,1.4585642419992,1.5407938350441994,0.13620819286459368,0.7020554406080238,0.0053628178288844
-0.2374797764658961,0.045036799348814716,0.08988111975265066,0.14295678616708765,0.3548292726352769,0.19259068393319104,1.3910314930641268,8016,0.10179388242757217,-0.2993649756721754,0.5059835027863716,-0.33491078355314197,1.4932054730201967,1.5703097303320117,0.11850306807984351,0.7296078311989236,0.0009000109325336
0.10415601538483081,0.11292837331026567,0.2002766469315953,0.16717467584095594,0.4180258684353088,0.24446069212160607,1.3761714632649047,8017,0.09831280564572462,-0.2580764657776092,0.02964288567496218,-0.3343935867597618,1.5020185132355708,1.6174726637861314,0.11491353593170217,0.6841552240760833,-0.0044302132518588
0.1206916165896316,0.20470661362487355,0.35204657179562704,0.47658965001666087,0.42062740818153593,0.31807697559842796,1.104045300933338,8018,0.09484150219771209,-0.26152204036805127,-0.5392947310602993,-0.33387638996638164,1.4507533633803857,1.6245791944406873,0.24253595595547148,0.703355538817177,0.0096488523645554
-0.09051233177653234,0.16328838192735384,0.3020698410135518,0.13194738541622864,0.37188741550557414,0.2791405665621326,-0.13040748273001676,8019,0.09137991844009552,-0.12131455892364013,0.9634769649439174,-0.33335919317300156,1.5291897014846054,1.5543260547032853,0.11287623390167656,0.7401991729981561,0.0020291499425833
-0.05812349700110682,0.13835383582676236,0.2764807451343327,0.08066418816926098,0.38028739904532005,0.26855440775519585,0.4252094287433256,8020,0.08792800113152888,-0.15876794992908716,0.15017596928043536,-0.33284199637962136,1.5387405544545336,1.5430524259412723,0.0853726564963254,0.7017363479820157,0.0017201959451658
0.09093300556033355,0.15202249911465193,0.30349359195801107,0.0036580369990105947,0.41311145820649703,0.27028650794553377,0.5878281719769526,8021,0.08448569742886806,-0.09859650883578432,0.1171878162869448,-0.3323247995862428,1.5459820909300872,1.530367682045971,0.042686328248164165,0.7306349505377208,0.0040431266920526
-0.15486762160641038,0.11703965036436687,0.2644592351775506,-0.05600514332845488,0.3964588744583609,0.24274069785353536,1.1296700357174065,8022,0.08105295488325298,-0.047415917442060605,0.36516505356821644,-0.3325575381432631,1.5695067172124253,1.5589663520487584,0.03492517765758805,0.7212070514916449,0.0061052175317826
-0.014165911722086403,0.031508364407903035,0.14616138110021884,-0.24271669597454634,0.4334822821569729,0.18583648464622018,1.1286883081873649,8023,0.07762972143634526,-0.005205771042831406,0.5852685627757443,0.043728988880267224,1.6170157839013384,1.5586165067099478,0.03841769542334714,0.6914930533752152,0.0047125151082769
-0.03686246891683101,0.0626942623465635,0.19986292338869235,-0.37947255320475715,0.5046732656326587,0.20462109106187995,1.7231496802811044,8024,0.0742159454164988,0.016357304077780046,0.43661425289307704,0.35169381949831907,1.6442819706514593,1.4565348829838458,0.0029104314714657182,0.6516797565414166,0.0034696194336569
0.3134100652246947,0.1582127784181701,0.33578300499069136,-0.3408109305968051,0.539733432813283,0.2792416426318003,1.6128062879947471,8025,0.07081157553507215,0.06520390912441626,0.3039822107590283,0.35221101629169854,1.667383805573539,1.3960513372505572,-0.02968640100894982,0.6805452136716789,0.0008537340715477
-0.07052088997243329,0.22608847210357336,0.4543342882209427,-0.25799139852758163,0.6651654380857799,0.3254137844462018,2.218078284425826,8026,0.06741656088272861,-0.031926179982708386,0.02474658829177439,0.35272821308507873,1.6654080447902875,1.4450013310226462,-0.08988382527709672,0.7148956273953426,-0.0033053973998716
0.43018433601979544,0.27734696732446107,0.5236924273363597,-0.2737491078303028,0.6858566024673692,0.3658609069376737,1.728910357645878,8027,0.06403085092573564,0.016819754951618384,-0.4191803128961212,0.3532454098784587,1.6251740244773925,1.4591224157389309,-0.13751788702675036,0.726749347051866,-0.0080448458227813
0.32886540919685814,0.36453202900544657,0.6665789769468096,-0.04705124417873679,0.6538424281881176,0.421493661501799,0.7552195291018823,8028,0.060654395502482555,-0.029289821332803844,-0.9250702791173337,0.3537626066718389,1.4641767259675131,1.4864932127506927,-0.13776042298270744,0.7551316626748316,0.0003235407653965
-0.20741766751006574,0.26603785344812864,0.5120496502587132,-0.04057404323645178,0.642146857439894,0.3626129361498032,0.41674617703390726,8029,0.05728714481979687,0.0,-0.03186680125964127,0.3550297388156187,1.4611186244480265,1.4244558455327279,-0.1406708544541716,0.7534048781755796,0.0075468444067561
-0.07705425639217299,0.14009516726899449,0.3186441896680143,-0.19849071338966887,0.5698598393673162,0.29717689784653734,0.15929932901824687,8030,0.05392904944950449,0.017717618881531325,0.7391343830252047,0.35554693560899886,1.5147090003944477,1.447007829445477,-0.13970071063034925,0.7305078613708739,0.0003424145160617
-0.1839098831850557,0.15859437054726486,0.36015798431503177,-0.2425429863810845,0.5407351406054083,0.31416666781389346,0.5374183975082303,8031,0.05058006032493508,-0.012169851332529341,-0.029841665247951392,0.35606413240237905,1.5064868587673925,1.419994706120568,-0.13970071063034925,0.7107034879080905,0.0039578117409044
-0.20579222781818332,0.14778815112256302,0.3554626656573637,-0.22580169974759434,0.49319857457824484,0.31704927535398386,0.6583466469076454,8032,0.04724012873744138,-0.0052967449409123055,0.3560481148577745,0.3565813291957592,1.5313145120597542,1.4187524445121478,-0.1338798476874179,0.7300068592652288,-0.0024292531476016
-0.043008504145718544,0.21587219266968205,0.46915239858626684,-0.1589203455448735,0.47556280981644017,0.38129767841762197,0.7927778483944887,8033,0.04390920633307729,0.010187728601663174,-0.325672992502668,0.3570985259891394,1.5008509992950108,1.4182964769516342,-0.141640998277994,0.7432734739934406,0.0033964197276326
0.036249494635035545,0.2600690277106136,0.5436430890060465,-0.25652439109552116,0.4301451986603519,0.4114837668727517,0.007131279276388114,8034,0.04058724510920654,0.016506604522082993,0.29613682767472116,0.35761572278251935,1.5214742073388614,1.3515805613293124,-0.09410395091072092,0.7848666480530176,-0.0017882612942692
-0.013712917219335246,0.28941866631361446,0.5966595584671898,-0.24582458655596773,0.4564985945125464,0.41320321933803456,0.2232643397662552,8035,0.03727419741113631,0.0603591082398121,-0.25729798978225366,0.358132919575898,1.501379394925983,1.3697811572708287,-0.10574567679658355,0.7917707806934079,-0.0028151591311059
0.43123882328016905,0.40510429879432003,0.7811291895992831,-0.17167274926957443,0.4245183368466111,0.48019044982224357,0.03335592275900786,8036,0.03397001592891582,0.12491796842372573,-0.3668748487200239,0.3586501163692781,1.4663272463151367,1.3050174305285438,-0.10671582062040597,0.7861128235561298,0.0013260046647292
0.5619590663067832,0.4241721562926892,0.7673240508664916,-0.3029530391556582,0.4019339010078679,0.4629303365773854,0.5340384170388216,8037,0.030674653694058352,0.08638899200790501,0.07514480730338255,0.3591673131626583,1.472469575894462,1.334777476981755,-0.08537265649632532,0.813605014986066,0.0026698561651346
0.22713896124869565,0.3504569310274395,0.6328721881828767,-0.34955476288105497,0.23862482687682246,0.4106817252855833,-0.3190921765363923,8038,0.02738806407629567,0.07096256908486327,0.21858486600212396,0.35968450995603846,1.483870512087982,1.4022830758064964,-0.08634280032014774,0.7878078194340383,-0.0223031697607169
0.6694976389578136,0.41559162041842296,0.774916877169527,0.6214465477041372,0.23228783787197088,0.47242339886205736,-0.22410681195323015,8039,0.024110200780504618,0.03488882737767989,-2.4470400364802463,0.36020170674941865,1.3585596032123712,1.4028887871291034,-0.10477553297276121,0.7762913885663716,0.0122665969460101
0.18128465890301074,0.6042269668008893,1.0983281520117263,0.019522562142444955,-0.030494384918604296,0.6045930721957056,-0.8194043060233558,8040,0.02084101784344661,0.17790417229341657,1.2429330621245063,0.36071890354279723,1.3871446615854608,1.3184094514324889,-0.10671582062040597,0.8037796095543699,-0.0194575979480737
1.048628620057572,0.964686888975311,1.8083393698317975,0.45428990475892467,-0.03787370090514321,0.8665407544697282,-0.602144370402741,8041,0.0175804696307985,0.13888562757143366,-2.1432449318020987,0.36123610033617726,1.3312382721110012,1.1919877531277336,-0.09604423855836561,0.8401645838792816,-0.0111072086862499
1.3835995199933147,1.2122167888926807,2.423373418122539,0.735059528289739,-0.06964066945839258,1.052507995049237,-0.7366744675289745,8042,0.014328510834006405,0.21844974465769884,-1.2519730421536752,0.3617532971295574,1.2513131193808138,1.0897311536409324,-0.08828308796778957,0.9185447501654601,0.0153163151507016
1.5484303592604094,1.2423248594501857,2.423373418122539,0.4458082071315873,-0.06964066945839258,1.09474155291204,-0.6142172475837177,8043,0.011085096467288277,0.231920626522544,1.568442955734414,0.3622704939229376,1.6559013114278147,1.0052733262427718,-0.08440251267250297,0.9888851827567405,-0.008701355295876
1.6990796443034166,1.3719347957731838,2.6581773716064037,0.4771786121552497,-0.22511811863237782,1.1799697423984234,-0.7889446557779288,8044,0.007850181864606624,0.12327517551676613,-0.9951342163634014,0.3627876907163178,1.1862322161887235,1.5962493437317775,-0.10283524532511938,0.9910933449534872,0.0118433240457243
0.9651398552072927,1.3719347957731838,2.6581773716064037,0.34351798341689327,-0.35946877041753883,1.1799697423984234,-0.6396967204500184,8045,0.004623722676785412,0.21214266570458926,1.1977321458179506,0.3633048875096979,1.6559013114278147,1.5962493437317775,-0.10380538914894172,1.025109743511304,0.0206848447317058
0.0879608402218569,0.647891775930636,0.7329356520540651,-0.014129013889288333,-0.44054913763936443,0.6933718191338031,-0.30193832525184827,8046,0.0014056748684986844,0.13402073950732907,2.14148022760862,0.36382208430307655,1.4056030634742311,1.5911448235043135,-0.10477553297276121,1.025109743511304,0.0026479883881176
0.2083656785155311,0.46535795644633293,0.4161454874871493,-0.16993756408681696,-0.47397056646087843,0.5676682399247028,0.07631857357727286,8047,-0.0018040052845690105,0.016452772455882034,0.21618636094525448,0.3643392810964567,1.423721379257453,1.106295494952662,-0.10574567679658355,0.8665405504033263,-0.0067515758804944
0.19986880405391128,0.6189887791217036,0.7585756758348787,-0.016685877347656215,-0.3216490114672724,0.6644037731712402,0.021912176954242864,8048,-0.005005361198616428,0.05182959468405827,-0.7871151795822605,0.3648564778898369,1.3573097145192599,1.1248954657192811,-0.10671582062040597,0.8359795377107602,0.0094135306043772
0.4207853671703871,0.3543299132814509,0.2782351208891738,-0.10713888041941726,-0.26868756711639263,0.52477558690272,-0.42461234859209485,8049,-0.008198435984507061,0.09155571754074207,0.9383591843834375,0.36537367468321685,1.364747471034952,1.0794540525078835,-0.10283524532511938,0.859415426202765,-0.0088583932124206
0.36138123351289314,0.5026560970718233,0.5778192084589635,0.16508824913775175,-0.08098145168569497,0.6319370884437885,-0.2761942954680364,8050,-0.011383272450648338,0.026919897712107125,-1.011949926429734,0.36589087147659705,1.283520921874242,1.0985338082089002,-0.10380538914894172,0.8116154091549685,-0.006879996670427
0.5234619945966897,0.6475748857174428,0.8806734724050033,0.31453249645065035,-0.03586160229344164,0.7288994014003178,0.061408601761850846,8051,-0.014559913105641519,-0.026020946730568012,-0.8007687688401517,0.3664080682699772,1.217201660636463,1.0774086995692338,-0.10477553297276121,0.8921635034832878,0.0156250001173819
1.300620020002465,0.40961503608576205,0.36294419323758176,-0.08561381480097549,-0.05901252631430761,0.535747617066319,-0.6291058752845373,8052,-0.01772840016113166,0.016474397870680394,1.6014023929176204,0.3669252650633558,1.3419768414716975,1.0529576061441448,-0.10671582062040597,0.9126895580304586,-0.0088185295450254
1.0367547332243496,0.526910554759076,0.5613767383844072,-0.03594682954291913,-0.09948965156416215,0.6363664277973313,-0.14250998652454339,8053,-0.0208887755344718,-0.03051194696937066,-1.007651753706973,0.36744246185673596,1.26459201239933,1.0316701628104819,-0.10671582062040597,0.8180869198029249,-0.010642898276329
1.5063102664329642,0.6182832295667098,0.6753634823664054,0.34630094519788074,-0.11942172481135412,0.7310659162659324,0.3714471319033821,8054,-0.024041080851324143,-0.062117822692987004,-1.2023490830824146,0.36795965865011615,1.1761030319861017,1.1051562630852814,-0.10671582062040597,0.8853305891346427,-0.0106334398803388
1.0217685852459126,0.7370909895173263,0.9125822768345294,0.45802866591982444,-0.1600912665130841,0.8181482738111395,-0.4548768669563142,8055,-0.027185357448456442,0.08009580247584158,-1.2013395125490478,0.3684768554434963,1.0805227853697839,1.0590262600309965,-0.10283524532511938,0.94518958766387,0.0177590223669017
0.6077437296582103,0.5666898566109109,0.5796140656908613,0.3236530479348896,-0.21138592094102818,0.694482858425492,-0.8471397342660213,8056,-0.03032164637619734,0.15834679822610528,1.8291837189370765,0.3689940522368763,1.2146599498233566,0.9838151677915417,-0.11059639591569256,0.9525383398051326,0.0099987043552549
0.11939653156588846,0.34868297789775116,0.21784705176718264,0.046064819838038173,-0.16690662027425257,0.558720661991327,-0.4546363402374042,8057,-0.033449988401142786,0.09923791725294275,1.0008088873342444,0.36951124903025645,1.2897364805260514,1.0894573242618582,-0.114476971210982,0.9188019373371048,0.0062220700238171
-0.2065901284694839,0.28722764931308264,0.1670459702296916,-0.033435497087936285,-0.1445520371447073,0.5283611000905731,-0.2924722378113825,8058,-0.036570424008673094,0.009191159035090492,0.5976661965518402,0.3700284458236351,1.3332351455627207,1.1584029850639452,-0.11544711503480443,0.8723574456087241,0.0141521463388774
-0.2020770654923822,0.2614504089896389,0.173803813650304,-0.22618743339728387,-0.07833239181282231,0.4810656349039272,0.15404814723170818,8059,-0.03968299340543785,-0.016235673358545075,1.4441174911623191,0.3705456426170152,1.4376184487682815,1.1907581171959412,-0.11641725885862383,0.8730051644669546,-0.0008171647396515
0.1777051121154344,0.2485157137759154,0.18242168006107673,-0.2597740768087706,0.00724019396970672,0.44229680116047315,0.6412442754601588,8060,-0.0427877365219451,-0.08703483871212649,-0.15361286798514354,0.3710628394103954,1.4219706832405778,1.2511522712576013,-0.0858092212170454,0.8458483937867842,0.0012791746028395
-0.09657128610416345,0.19446514323909275,0.133161970972124,-0.3164975466106779,0.09368242684673575,0.39509124649153726,1.07393588035464,8061,-0.04588469301497607,-0.10950301569377714,0.07013566976932718,0.37158003620377555,1.4259832418608323,1.245991661480522,-0.0858092212170454,0.8229587627655983,-0.0027645137187075
-0.16688069924603036,0.22919912500313996,0.2273394234907926,-0.20753102803410328,0.24606182723052064,0.3996220221516353,0.9781133956193375,8062,-0.04897390227005613,-0.12434683201930757,-0.36145804463401277,0.37209723299715575,1.3944624986163732,1.2636176792220253,-0.0858092212170454,0.7958592486186108,-0.0025201612500438
0.10957606979410245,0.2191264734941045,0.23410558751491686,-0.13112449771463397,0.2393005097764205,0.39947585538535696,0.8555034543294007,8063,-0.05205540340386759,-0.09713529752250186,-0.3353441532271394,0.37261442979053594,1.3662774890704121,1.2547897934701833,-0.12568213237612463,0.8104150383538016,0.0057899612501151
0.23155204138295996,0.1624279827813765,0.15833154327076623,-0.24964302537279973,0.28491729546790007,0.3664202379407472,0.29933426274717206,8064,-0.05512923526666514,-0.11179898245436967,0.5516619325323409,0.37313162658391436,1.4103865881689928,1.2007098160801635,-0.12708884092066713,0.8078186819376465,-0.0003349310970447
0.26354319329192805,0.19105296120145077,0.21575321671788547,-0.2818951952928971,0.27530080351418146,0.37491753138456246,0.2986449038239383,8065,-0.05819543644461423,-0.09298647561174633,-0.10219356908802757,0.3736488233772945,1.398214713618033,1.2236467555502077,-0.12805898474448654,0.7748583211520179,-0.0192021777859618
0.4138826461863157,0.4493695156979646,0.6663813876930448,0.0771886900770615,0.2303155191714169,0.5488520326150721,0.7317657742221084,8066,-0.06125404526216103,-0.09780290407036107,-2.1161322525376645,0.3741660201706747,1.235956233806299,1.2707582353259583,-0.1338798476874179,0.7802138826233102,-0.0009394081801245
0.8471839987313388,0.43843873548376666,0.6173395383630538,0.11107091467827106,0.12534234766917182,0.5515152973767236,0.6767236289144657,8067,-0.06430509978434425,-0.032665377118565826,-0.1668434476351419,0.3746832169640549,1.2226622937284934,1.2998827381897091,-0.1329097038635984,0.8527197705077363,-0.0039534982760197
0.4828953300542913,0.360963252413869,0.4770467629494671,0.04205937230086337,0.06591271664855465,0.49235203544461437,-0.11075629253199805,8068,-0.06734863781906207,-0.023736962297889033,-0.4885936706682237,0.375200413757435,1.185466129719676,1.3193404424287636,-0.1338798476874179,0.8556034964693734,-0.0012443949407187
1.2754125800941285,0.4201206225364535,0.5191067730738538,-0.04631140772857927,-0.09080620824388135,0.474738705028145,0.29582794495522696,8069,-0.07038469691939701,-0.006362103423367527,-0.1994293237747364,0.3757176105508152,1.1690827006015254,1.3173498258411038,-0.13970071063034925,0.8009608827378992,0.0091082898215486
0.549603451782627,0.32973322123694226,0.3594157623231889,-0.05686855561334476,-0.18939775750888319,0.40903043571599235,0.14576811260052802,8070,-0.07341331438582535,0.039835864268813345,0.9056174310765275,0.3762348073441938,1.2350545116337854,1.2868849190661693,-0.1406708544541716,0.7684154258484753,0.0027035658340106
0.336382192637303,0.2575915229654711,0.25145551988513615,-0.05810519605482361,-0.2091229282191984,0.37143124135651256,0.10430032651709116,8071,-0.07643452726842566,-0.020132744308866777,0.22189325206916904,0.376752004137574,1.2148359549690555,1.3871971338556237,-0.141640998277994,0.7323358347295488,-0.0137786082889175
0.6865120735712137,0.5046010043691268,0.6864968226657941,0.2126566741111084,-0.29859889658911787,0.5438554579592401,0.4025639154201084,8072,-0.0794483723691023,-0.03861287756765293,-1.53740310805569,0.37726920093095395,1.0986305732589525,1.4414724154880745,-0.141640998277994,0.736075696345669,0.0004090155519065
1.2913811876043737,0.4021855409833948,0.43360293389652366,0.14535426573754004,-0.3210271097525024,0.48835015168438645,0.578515901411141,8073,-0.0824548862437637,-0.0311312301996492,-0.02304412128543475,0.37778639772433414,1.1002931609348112,1.397153143035471,-0.13970071063034925,0.7938587539965783,-0.0177095885290098
1.0172263612288168,0.7328069250169871,1.0620961659240495,0.46154150125701493,-0.41934047446187755,0.7051075283820981,0.1287867719602476,8074,-0.08545410520443085,-0.012434081507991192,-1.9569775967903649,0.3783035945177143,1.0886712899199096,1.4446480142133653,-0.1338798476874179,0.7637971478025238,-0.0103835790778439
1.099454728983686,0.8302864946409365,1.2434815292159855,0.45996072535527915,-0.4438769838789741,0.7701570335579017,0.12805500647738607,8075,-0.0884460653213851,0.08682060604453631,-1.1750671659455034,0.3788207913110945,1.011321385219655,1.493998523333955,-0.13970071063034925,0.8214939287123011,-0.0110680685609896
1.0545594355450032,0.7883485173353116,1.161858115734614,0.5865136282925952,-0.6459891877101038,0.9058530138250436,-0.48526529186595674,8076,-0.09143080242533382,0.11581251647191214,-1.2483001901924202,0.37933798810447306,0.9125159723001234,1.5452795885268986,-0.11641725885862383,0.8369459872385403,-0.019630665940008
1.413749655539239,0.9182450964160792,1.4346857592884232,0.7950685289948639,-0.5550386959860953,0.8663858808187865,-0.717189953976318,8077,-0.09440835210940027,0.19430456281023695,-2.16225494656963,0.37985518489785325,0.8309002376754308,1.5451218074142188,-0.1290291285683089,0.8488591697508855,0.0042467693466326
1.9602364102662784,1.1546012741235039,1.752090192743533,0.8373085695207476,-0.7092941347187284,1.0454383653247261,-0.9215968222755123,8078,-0.09737874973120032,0.21612378312260053,0.3863970046272359,0.3803723816912334,0.723588290091162,1.5224967518355317,-0.13193956003977608,0.9508668983096308,-0.0122089851093058
2.812322538946617,1.3414824000200183,1.9234437316165365,0.8620664341248001,-0.9605325830462835,1.2041286988562223,-0.9077828219111276,8079,-0.10030975149212232,0.07662457724349273,-1.3700365924263758,0.3808895784846134,0.657706041753665,1.4641867631919854,-0.10327181004583946,0.9338778685596171,-0.0025088038439196
3.6364919195089938,1.4472203330325653,1.7687384514307183,1.0675988152709732,-1.1820301784238685,1.2885303373182535,-0.7987452233437796,8080,-0.10323373788869417,0.1681231976757299,-0.33475494815607515,0.38140677527799355,0.6094619959255683,1.5316802204403148,-0.11641725885862383,0.9606203836994159,-0.004937929766716
2.5820457842164757,1.4345312249915105,1.2830056839203885,1.0640862854680264,-1.285082363896593,1.2890679883180096,-0.5809014408784812,8081,-0.10615074273008462,0.20630513398203684,-0.5940672490670723,0.38192397207137374,0.5225235054822183,1.5913768282365233,-0.13193956003977608,0.9755927872854834,0.024835358411704
2.527794274112804,1.1749038070153328,0.4995066470252126,0.8694510196910784,-1.4147513946430226,1.0486133809223837,-0.5674329189916812,8082,-0.10906079960319255,0.3321347858086971,2.5838532080246557,0.3824411688647523,0.6935797680271523,1.5662402211729924,-0.1338798476874179,0.9943972264025772,0.0180110873903414
1.0858304837053236,0.9155981997328643,-0.02340443980285847,0.6570975094953402,-1.4789247963007115,0.863285956124085,-0.8123564114506041,8083,-0.1119639418745618,0.4751315434171268,1.8555083602608338,0.382208430307732,0.8282741782982951,1.5888842771371612,-0.13096941621595365,0.9028361275906682,0.0067569067341286
1.1720125603139429,0.6529543997547327,-0.5038091196423866,0.36323284502304753,-1.461542064158377,0.6669397427393486,-0.7162593318998042,8084,-0.11486020269225548,0.5357659571967278,0.6542381352578224,0.400646495991724,0.8754728822186971,1.6099520043240554,-0.13582013533506265,0.8333798560146375,0.0097140965554403
1.00661178534053,0.6648358174745188,-0.3713794669789524,0.22002570541427918,-1.4138560443316155,0.702443657133483,-0.42977459578164273,8085,-0.11774961498765309,0.5706935967550262,0.9698395408840942,0.4158262218774235,0.9419298554685729,1.627061319487095,-0.1435812859256388,0.7457805833418472,-0.0235049742470566
1.019338904959372,0.8712927595301975,0.17916858255700846,0.8000864289022759,-1.27367561099247,0.8456417625331178,-0.21185875373861568,8086,-0.12063221147729485,0.5953629970235448,-2.575876957445543,0.41634341867080366,0.7545127116289039,1.6536112481599141,-0.1523125803400343,0.7617801845996486,0.0047021943403968
1.4087300300139745,0.7678452432412816,-0.005532759241789481,0.6479635447801209,-1.2353947413851705,0.8059926966768249,-0.38839544823710964,8087,-0.12350802466470931,0.650022511685559,0.4348789833363504,0.41686061546418385,0.7890210964343972,1.6793185433774285,-0.15134243651621188,0.9020865164517832,-0.0032092713168631
1.0539382053575663,0.7349694349610053,0.0019223135209503433,0.6219121376438216,-1.1741298681952355,0.7533575564071978,-0.26590482159163104,8088,-0.1263770868421977,0.865593753898906,-0.40971503326460945,0.417377812257564,0.7584335482151711,1.7329138747002746,-0.15187601561931421,0.8973351420776355,0.0082278765532273
0.6268652642769577,0.6054757929473253,-0.16367124039387076,0.5190166337252883,-1.1537176853665205,0.645641162054183,-0.44264479193079265,8089,-0.12923943009259062,1.1573552569843404,0.8111173656820526,0.4178950090509442,0.8186870494567564,1.7048487453350327,-0.15711479226795358,0.8572400600529707,0.0146360933735414
0.2565648629572993,0.47056403382776213,-0.3091552911594101,0.368186886516442,-1.1387230278557714,0.5474379539298184,-0.23842772692139919,8090,-0.13209508629101532,1.129997911401285,1.4949030435235768,0.41916214119472395,0.9226718399363509,1.639519848919506,-0.16317819116684054,0.7982554704915558,-0.0179656424160057
1.1240874420342024,0.8322138647949817,0.48576794596036593,0.7859592798495524,-1.0409131283817863,0.7895292080663733,0.14253937218471102,8091,-0.13494408710660968,0.9107226272188383,-1.984974549223795,0.41967933798810414,0.7359140644984236,1.6736702217847366,-0.16492445004971937,0.7492117677228819,-0.0197186859683854
2.191862799859627,1.148044313501593,1.1638746034310925,1.0003549036001183,-1.0288927462307815,1.048286801848409,0.060565875737638386,8092,-0.13778646400424707,1.040896761200806,-2.172520877564132,0.4201965347814841,0.594163789518366,1.657892250666342,-0.1665251873590248,0.8511733151005091,-0.0032693092105482
1.5806341919085793,1.2364006405827617,1.3971026292340325,1.0175522521242604,-1.0904847222165737,1.105031593641952,-0.225582093909201,8093,-0.140622248246261,1.0420085231096337,-0.4166176583484849,0.4207137315748643,0.5639926061236027,1.7087696004991966,-0.16836846062428587,0.9520664002996517,0.0161268278417201
0.47088036577124326,0.9955929886048424,0.8808443711476904,0.8408816919930827,-1.1224600012144381,0.9022267893625557,-0.7428897289563906,8094,-0.1434514708940569,1.0644256954932436,1.6535691581443743,0.4212309283682445,0.6741621155110223,1.770886719949808,-0.1773422909946397,0.9438813793037905,0.001120824968029
0.8502364161222268,0.8664178353624353,0.6378791190477648,0.654237053866412,-1.123626815654147,0.8063326127311021,-0.552454986566975,8095,-0.14627416280989408,0.9748211717871211,0.05180421490289732,0.4217481251616231,0.6775491617901948,1.665700899103588,-0.21634207271227904,0.8562175031846949,-0.0213613973144926
0.7025089299232812,1.2150675041390655,1.5716304666199428,1.058746688430922,-1.2688745793502938,1.092387499675726,-0.21241649959504366,8096,-0.14909035465839376,0.9508273580588491,-2.347839045013395,0.42226532195500327,0.520726103644344,1.7280608456731952,-0.261744803667142,0.8077599579127267,-0.006475083547058
1.3965090654205539,1.181327885532053,1.4817360723112127,1.1366168030837864,-1.3682425905326439,1.0822120258919203,-0.743370086688448,8097,-0.15190007690826463,1.0465310084768582,-0.7587850992455271,0.4227825187483834,0.4672230295314479,1.678880215348064,-0.2795954500254659,0.9127993682826805,-0.0107316399000263
2.267889114955057,1.2770873246924528,1.6259647906773567,1.1193620545098453,-1.5247732098942308,1.071028304727615,-0.7159419553121041,8098,-0.15470335983389644,0.9871389687715665,-1.2130461349094737,0.4232997155417636,0.3931802578765427,1.685890429641828,-0.28134170890834614,0.9535544820180052,-0.0177386688744078
1.3405441260972761,1.4774308997007553,2.21008351446369,1.4108893461660756,-1.5817843060264654,1.2354879006101356,-0.6752853593590661,8099,-0.15750023351694123,1.057977434444309,-1.96099477862952,0.42381691233514357,0.26221567536915896,1.7712152008843631,-0.2824088671145493,0.9425793619292574,0.0150491765438996
3.406967792314534,1.412173179811735,1.7156683156236026,1.238917038808818,-1.73799486529023,1.1568263457149006,-0.6886495586499178,8100,-0.16029072784789133,1.1132618771381122,1.5386397801124556,0.42433410912852376,0.3629707603624632,1.7841400008481305,-0.28434915476219264,1.0366267347532288,0.0220639737701696
1.5991184872693773,1.1622705082193832,1.0453799690924925,1.0961720236907322,-1.7803628832247882,0.9682137855841385,-0.769826606982467,8101,-0.1630748725276757,1.0139943654582715,2.287567956796632,0.42485130592190234,0.5166458374693171,1.840369763475145,-0.2910431471465641,0.9753627889447444,-0.0025585378891874
2.0511228583110515,1.3942780104678982,1.6361287893106433,1.1232527270388022,-1.8904112262470556,1.1176976250124977,-0.44248270576694215,8102,-0.16585269706917857,0.8959191098611384,-0.3405471716919351,0.42536850271528254,0.49671524884433943,1.727078980504568,-0.3589532148140957,0.9301631092837448,-0.0152302865375072
1.8575637077861304,1.6807937769486054,2.4849182885462295,1.2755713331863596,-1.843702756961053,1.3905706419135828,-0.08877550129302036,8103,-0.16862423079877797,0.9444376124724848,-1.6931046301480945,0.4258856995086627,0.38437173277149494,1.8664295347131934,-0.3851470980572865,1.0240832789218823,0.0183962044897272
1.475228138008025,1.444309123349975,1.8019860577873752,1.2722751084819932,-1.8261840488888759,1.2380066782352384,0.251000085993146,8104,-0.17138950285787938,1.030763181462428,1.896077497678632,0.42640289630204287,0.5124370068025187,1.8547026376560716,-0.42104241953869603,1.0309821796291228,-0.0049784192653918
1.5036863497082222,1.4190242977385372,1.7569272442757686,1.2088772148175027,-1.6214206740267334,1.2207817983353972,0.42755802916856367,8105,-0.1741485422043944,0.8938672991605986,-0.5989803130874863,0.426920093095423,0.4724407376804793,2.008990516069367,-0.42201256336251813,1.0813211830509106,-0.0081246701528999
1.6426830141309459,1.5532453953226424,2.1641849331838876,1.2845043138643109,-1.5895756935354668,1.36243880327687,0.16848084237696226,8106,-0.17690137761426108,0.8860612563748529,-0.9348049275251717,0.4274372898888032,0.4138034145618007,2.246799972945349,-0.36283379010938316,1.1206973573555936,-0.0294791401304604
1.5395551353271026,1.95519840663936,3.488175619920991,1.5712782832562515,-1.6095075941088175,1.6757877942974322,0.5358985672499444,8107,-0.1796480376828925,0.888532529192569,-3.2140745542194247,0.42795448668218317,0.2041593658687651,2.3547168018400297,-0.3899978171763957,1.146667943895074,-0.0075817179116416
3.56504206733373,1.8323465845432167,2.7596355348885013,1.5438368575444137,-1.6881607333366708,1.6042063582688713,0.4871453251133228,8108,-0.1823885508266398,1.0253052184273421,-0.8767974835708886,0.4284716834755618,0.15296090532880077,2.487444599535195,-0.3851470980572865,1.1691276888495579,0.0268108106039298
1.0645761163143557,1.5876670623728293,2.0757818171131164,1.4619842788856028,-1.7418296892589011,1.4221677714309626,0.19446721173815035,8109,-0.18512294528420964,1.0847531830679973,2.794075004161178,0.42898888026894194,0.3251139000344229,2.656244513564422,-0.38611724188110824,1.2614430452527339,-0.0045155705371844
1.5339562859703122,1.385442339517373,1.5156882342939049,1.124270015170558,-1.7702457590868361,1.2778696033891872,-0.757791996865157,8110,-0.18785124911817278,1.0014170714044988,-0.5497165286956448,0.42950607706232213,0.2385167953468598,2.656244513564422,-0.38708738570493034,1.3212904261813745,-0.0127150510391888
1.1516152377881061,1.4308048961059745,1.7238009691861438,1.2524919580663052,-1.790153404170235,1.3521213356627857,-0.539364128162072,8111,-0.19057349021627776,0.9888391503447609,-1.4249129057893786,0.4300232738557023,0.1476878018937992,2.136827980329783,-0.3880575295287521,1.2849704979878591,-0.0073083059343098
1.30930535873191,1.5209189454904555,2.045137479540515,1.302099991402286,-1.9020707593716726,1.4407230840137921,-0.2398305704519172,8112,-0.19328969629291712,1.047373185392366,-0.8477970078321937,0.43054047064908246,0.09567225780679509,2.215179173442782,-0.3890276733525739,1.3160397547941212,0.0219904076810726
1.4526170137435237,1.3444528075273314,1.5632699907441754,1.3167772099175408,-1.9445616331192355,1.313269728727507,-0.579342071819341,8113,-0.19599989489052796,1.061105881587946,2.2793827365483037,0.4310576674424611,0.23785364783200183,2.037571851013228,-0.3987291115907927,1.3872523439470636,0.0221742498815936
2.297544750591113,1.0587090064973899,0.7157479368282129,1.1001541197504614,-1.9415201397473214,1.0350992604582019,-0.6877968926112065,8114,-0.1987041133808673,0.9619575024825203,2.2987795074796957,0.43157486423584107,0.38947645696622835,1.8739726801792922,-0.4103708374766554,1.322029502093101,0.012510903826646
0.9758348222663672,0.9677949178339526,0.5744687064185039,1.0024126575864238,-2.00374932857472,0.965881750205051,-0.5106672041525465,8115,-0.20140237896651658,0.8704183952857644,1.2675481787307623,0.43209206102922126,0.4737321767146722,1.8092072014980418,-0.40163954306225835,1.1932895758571496,0.0109528228383704
0.6519319546515487,0.804993227216926,0.29400992633746725,0.8379933427227098,-1.9759068667251611,0.8110566887998305,-0.3876971653356016,8116,-0.2040947186820834,0.8057954642196851,1.1012738778515283,0.4326092578226014,0.5539026589511605,2.058694005969956,-0.40260968688608045,1.1494972748517436,-0.0002924502078928
1.18201047402752,0.7737656409461651,0.2708183446763256,0.806517691009174,-1.7495006138546019,0.7947350246820559,-0.2508553704871694,8117,-0.20678115939563202,0.8045538084147975,-0.09898118476626884,0.4331264546159816,0.5480328633555399,2.064655193622277,-0.4215759986417983,1.0573309264765973,0.0117014334669143
0.2408793671649929,0.7200571160582012,0.26612352505100245,0.6742754590604086,-1.6433201199209178,0.7452401853514108,0.4022755745312342,8118,-0.2094617278099728,0.7781470080553237,1.1809639295609804,0.43364365140936173,0.6262255011208412,2.253005119281815,-0.5607431301690472,1.069301342655721,-0.0128784004876067
0.6513314257892693,0.7762248438446586,0.4673282491638868,0.7443071946968781,-1.5246254291837973,0.7962725078495448,0.02112557228916857,8119,-0.21213645046397847,0.7493150807598553,-1.4428110351957306,0.43416084820274037,0.5344187253849582,2.2335710718974906,-0.5607431301690472,1.0240704896760777,0.015074357938939
0.4738630363700241,0.6046558893467067,0.1807317936461135,0.5665444505222224,-1.30895819827325,0.6933799918410236,-0.019809373789423625,8120,-0.21480535373384022,0.8079253158376695,1.5409078410245098,0.4346780449961205,0.6341783337127086,2.4006074015343004,-0.5403701098687876,1.0279344041920428,0.0048835711234362
0.8424681504798711,0.5268255300446594,0.07083365506697942,0.46060103932981156,-1.2309678413711986,0.6394447924433364,0.07520463134418212,8121,-0.2174684638343861,0.7178710810543698,0.45304518120117315,0.4351952417895007,0.6678278514329824,2.3328651944160264,-0.5413402536926094,1.0170866071207596,0.0071130354248636
0.4181802937783324,0.42026384463486044,-0.06071606505715554,0.2510087931369739,-1.0814584424116171,0.5892539386226866,0.9179291886094497,8122,-0.2201258068203531,0.6820194766789566,0.6908092223827705,0.43571243858288067,0.7166195362504749,2.3619896778265304,-0.5423103975164315,0.9770548015514654,0.0123708626921337
0.4049944864345903,0.35420035837644154,-0.11465796152549279,0.23830008232974625,-1.0174646946661792,0.4975871046436946,-0.03441759866971472,8123,-0.22277740858761458,0.6692391649443167,1.251987144137798,0.43622963537626086,0.8028914613203806,2.1247596047485056,-0.5141762266255969,0.9665686322621876,-0.0061748456227351
0.3823573985535743,0.39260883900126947,0.016935341701085953,0.31973137113322025,-0.9346853113975351,0.5322272161746177,0.4425201958821562,8124,-0.22542329487445498,0.6037963779234891,-0.7275024040953565,0.436746832169641,0.7526356804183755,2.0197254742799333,-0.5151463704494187,0.9226732564497532,-0.0153913232118802
0.5779305618572106,0.50305953900096,0.26945204121065963,0.4232327119211851,-0.9719360338684253,0.6138400478204016,0.2528349896456646,8125,-0.22806349126276698,0.6415638479224346,-1.7112510444651292,0.43726402896301964,0.6341876267577755,2.1310071983005248,-0.5161165142732405,0.950544480791978,0.0028341156308713
0.7114133576709233,0.4188801410415257,0.13843183427387376,0.416549248535474,-0.8375640510007909,0.5903104133314813,0.15802297940379023,8126,-0.23069802317934032,0.6993682589945847,0.2342471405421629,0.43778122575639977,0.6557753204436297,1.9517199239588678,-0.4792510489680091,1.0033495194026547,0.0085666341525709
0.013279815647097624,0.32308726321113557,0.032650273810958794,0.18795955117706942,-0.6950473844653879,0.48113791097875547,0.213225831474902,8127,-0.23332691589694288,0.6857377085461425,0.8460066871586277,0.43829842254977996,0.7112529001493479,1.9245276068238606,-0.5393999660449658,0.9871156818828207,-0.0126313484602512
0.6625538020586514,0.5444720601598311,0.4726819137115229,0.49098284433598405,-0.6560304265436876,0.653148084585255,-0.07237057815195962,8128,-0.23595019453566826,0.636129173215007,-1.4167639445168978,0.4388156193431601,0.6163436382523166,2.0193528725825978,-0.5461909728117189,0.9394752596381801,-0.0099993348280664
1.4664426143575093,0.6404363402712455,0.6161577434442286,0.5217038880754479,-0.7090229933277024,0.735551491944824,0.29574531766169904,8129,-0.238567884064001,0.664036711997005,-1.1361511795197576,0.4393328161365403,0.543366963204229,1.9924292202619682,-0.48410176808711836,1.0471582946438929,0.005038968125447
0.8419726404512295,0.5905333268989936,0.5255453945903962,0.4467497721895308,-0.9111097593527228,0.6825465088780922,-0.12628342549476787,8130,-0.24118000930006164,0.6383105053035767,0.46883522757357377,0.43985001292992026,0.5709526014110937,1.8516416905518696,-0.4666391792583246,1.077272857654452,-0.0026739755424427
0.7762176543837032,0.5550371546110942,0.47044772177250466,0.4368743623854479,-0.9112343212601105,0.6765423579356484,-0.19424488707698664,8131,-0.24378659491274782,0.6538389578770164,-0.3544723709221431,0.4403672097232989,0.5491843187637584,1.816456496973095,-0.48507191191094046,1.0577095303964468,-0.0170922984418824
0.44905505600090606,0.843773170888358,1.1331545264042155,0.7625302924207564,-1.001002270680602,0.8445670753628194,0.3918810120393336,8132,-0.24638766542285906,0.6499717247107535,-1.8934985001291775,0.44088440651667904,0.42602505508093075,1.8788948987578948,-0.49768378162062493,1.0745402826774482,-0.0037052191259483
0.7493247846858986,0.8332354613249345,1.122747988273521,0.8328575389115711,-1.0990532368601604,0.8595105652639768,-0.09844107163938774,8133,-0.248983245204268,0.6574136537490417,-0.4646418496233425,0.44140160331005923,0.3140063034549722,1.7876634285283701,-0.5248478086876375,1.1535109308119138,0.011453603687146
0.256330192471991,0.6129204654083703,0.685830323435885,0.6451083338313038,-1.365212821752923,0.7087832822776567,0.01098507082478577,8134,-0.25157335848504664,0.6642265606634837,1.1533373729174987,0.4419188001034394,0.389063796336952,1.947631311436709,-0.5588028425214033,1.179276163732812,-0.012451783032415
0.6406354169700325,0.6916783702458087,0.8686858436799134,0.8464641132567629,-1.369273912516447,0.7533099735609696,0.13374668639445236,8135,-0.25415802934857745,0.694803326092097,-1.3984162333461538,0.44243599689681956,0.3020313454765875,2.043318444074337,-0.5646237054643347,1.1045817882701572,0.000411155927428
0.8857471486238967,0.6434230493495362,0.7615046163475717,0.8205183283949604,-1.475697014432613,0.7269369948962937,0.6512915412927571,8136,-0.2567372817346655,0.666080675979476,-0.025505290696738594,0.4429531936901982,0.2985660061587689,2.1166521318641522,-0.595668307826635,1.1597039079975766,0.0161426580690784
0.5003730506288621,0.5708779692323912,0.6365193381286577,0.8296041642307246,-1.517101676668287,0.6628497029417777,0.7189619080107741,8137,-0.25931113944060585,0.6505466823067556,1.6536014410160917,0.44347039048357817,0.4071511266093102,2.174244010728492,-0.6092503213601413,1.1683265470242048,-0.0007415061899186
0.6150597491302519,0.4758551110042837,0.463145074026798,0.41141185442771516,-1.4916097820941538,0.5785808022596861,-0.0027770227806424076,8138,-0.2618796261223254,0.5914144077646033,-0.1487109856768625,0.44398758727695836,0.4005084419126367,2.003707645050865,-0.612160752831607,1.0885767234719534,-0.0149535653851897
1.304019010565747,0.6879935156370963,0.848791157295422,0.697568653817976,-1.4718971005200814,0.7584318236669695,0.8837890530673984,8139,-0.2644427652954047,0.5443346991914209,-1.6657535483085446,0.4445047840703385,0.29506901302755534,2.001172877977402,-0.620892047246004,1.0432257444576807,-0.0274391634331663
1.51144238726399,1.1851925170818058,1.8669661539459457,1.213662575556631,-1.5261524368752069,1.1034400820535983,0.8153481061754513,8140,-0.267000580336192,0.6003867460911746,-2.998355251850798,0.4450219808637187,0.1019408217188209,2.014931410439499,-0.39193810482403957,1.1499563000698398,0.0057975776692986
1.9423013650696102,1.076972925597898,1.5366060227246492,1.0102328123499966,-1.6851906316043925,1.028753172603113,-0.8198018687555568,8141,-0.2695530944828111,0.7415769024409152,0.549355348165138,0.44553917765709883,0.13845292217919952,1.9459733954218466,-0.3948485362955053,1.2856905825395564,-0.0289608178121903
1.5990326630278742,1.2727856768268446,1.7947272136470593,1.3754652511065548,-1.7092281765694668,1.2188463877242477,-0.8733710623891405,8142,-0.272100330836244,0.7123873299530052,-3.1607948173159315,0.446056374450479,-0.05289462548219374,1.8301080800074694,-0.3764158036428894,1.2394070001664317,0.0028118241097281
1.7992474556701346,1.3501832823994835,2.2916263698076036,1.3679728177055177,-1.79794344006589,1.2186759397500773,-0.927277974657683,8143,-0.2746423123613549,0.8826200823905254,0.2306076858243936,0.4465735712438576,-0.040572928309977795,1.9118610687838686,-0.3764158036428894,1.3056769882940058,0.0252594243555582
1.475090401611598,1.419343914694641,2.33921026132382,1.3720936560760881,-1.9207767137129979,1.2688948002607165,-0.8309611402790239,8144,-0.27717906188787,0.8771293231933829,2.626469474417454,0.4470907680372378,0.12036767696940096,1.9464491918210896,-0.37835609129053327,1.3380413952038082,-0.0369556578883955
1.594729329192933,1.571893625966157,2.7743206090816317,1.4346114834128183,-1.9171691551462091,1.3604581975669716,-0.7616340668263016,8145,-0.27971060211151894,0.8349728031932192,-4.014191906019555,0.44760796483061777,-0.12533448022990928,1.9826188531681563,-0.6014891707695664,1.317142798017372,0.0060194174462935
2.0718136458523757,1.5990779052343782,2.7743206090816317,1.4858855317781188,-2.0628193356040656,1.3914238077231926,-0.7876462634611323,8146,-0.2822369555948672,0.8983408859338742,0.5727968928137506,0.44737522627359677,-0.09052715750973776,1.971469638269884,-0.6014891707695664,1.3844465076480266,0.0045840572114899
1.821632155538211,1.267095358343866,1.5837986110587572,1.2522133668681492,-2.0623380724524067,1.1788536685901456,-0.8273785908864512,8147,-0.284758144768474,0.9670521728049283,0.4198159788134887,0.5050685285751224,-0.061013207478956596,1.9846063414845516,-0.6053697460648538,1.405166680688017,0.0304529515614682
2.612471041511768,0.9230444792063363,0.4242096556068584,1.1258012297851197,-2.0128352289211846,0.9290048859688984,-0.649558146716548,8148,-0.28727419193179654,1.0185376014205005,3.180482133592519,0.5523661753297132,0.13245877544570328,1.9006844640539198,-0.620892047246004,1.3450380663266062,-0.0355428146214171
2.645381279025333,1.439337040742446,1.6721972350056291,1.399646382041384,-1.8443157098314023,1.3472913236837167,-0.29589696513714614,8149,-0.28978511925414235,0.8581478883246628,-3.8635923834478256,0.5528833721230932,-0.11036916489268175,2.028616877140435,-0.5364895345735001,1.1920805169019921,-0.0059689229132862
2.9458714897655622,1.3473738677281049,1.228636632890557,1.4336014641233559,-1.8861384721269223,1.3117468350144885,-0.36312295861410626,8150,-0.2922909487757365,1.0357488877796364,-0.7067611201988938,0.5534005689164726,-0.1493145815526342,2.036364736096488,-0.5646237054643347,1.4923831507256218,-0.0320173091632602
2.5720241136184376,1.7525942024787473,2.382704551081683,1.5736059347307993,-2.0103327036480794,1.559434238690221,-0.6879605102955112,8151,-0.29479170240857044,1.0722019916826304,-3.487125082840175,0.5539177657098521,-0.35856623391969905,1.997298977031388,-0.5636535616405126,1.4787674377230533,0.002310570790903
2.907805130598604,1.59295910319462,1.7279900832925663,1.5079170127154025,-2.0890889159076154,1.4586192970116987,-0.7951573294398386,8152,-0.2972874019374546,1.1427215614631405,0.17701933533843175,0.5544349625032322,-0.3448744323471567,1.784850947506867,-0.4889524872062279,1.6489211086494955,-0.0158861408047744
3.043514614829122,1.552393077619259,1.4465543265716603,1.355666261832614,-2.1368532350031075,1.4254757514478413,-0.8752508596166356,8153,-0.29977806902088133,1.272256727122598,-1.7655857974876394,0.5557020946470136,-0.47040388341736716,1.7861165639665433,-0.4899226310300497,1.5662334732258714,-0.0010439210662983
3.2131495438883455,1.4799753328771146,1.0504029677894866,1.246908765986966,-2.193857870776539,1.3734391630714593,-0.8060647535655703,8154,-0.30226372519199085,1.405154622044261,-0.1813997391373119,0.5562192914403922,-0.4799925141678977,1.8390999036662108,-0.5646237054643347,1.5884305327455024,0.0239078350029001
1.5005122079780968,1.2201149303705503,0.4153190516283322,1.223944393379087,-2.247667768824299,1.1555644994353416,-0.9131839671142632,8155,-0.3047443918594923,1.3094841658601857,2.4817291013961706,0.5567364882337722,-0.3347418330198401,1.8250760576199885,-0.5170866580970626,1.5545087182252624,-0.0040575525186593
1.6776915758688673,1.09433000091486,0.1586170472606674,1.194945818263892,-2.231499933088548,1.0462976936603348,-0.7625333597861206,8156,-0.3072200903086146,1.2058421385388027,-0.5033055886839234,0.5572536850271523,-0.36137273048431007,1.902748004787738,-0.5180568019208843,1.4678468489949301,0.0205703715870267
1.435287259167456,0.9714393435398071,-0.05318789958146358,1.2342057515183176,-2.187570952268527,0.9418012149542654,-0.5175413108505048,8157,-0.3096908417019399,1.1845699915490564,2.125268655842355,0.5577708818205325,-0.23651366176920316,1.9878215774326888,-0.5102956513303094,1.4192848314697724,-0.0395222868994085
1.6139177664158317,1.402744059175277,1.1870237959558967,1.3683660118514993,-2.1287944421075915,1.3425264704233608,-0.3269789017537816,8158,-0.312156667080355,1.1525494283682824,-4.34140219064272,0.5582880786139127,-0.4971200158994848,1.9559128585001635,-0.49671363779680283,1.4079476413008227,-0.0061246363720729
2.9836554211484123,1.2581176863559065,0.621627903095925,1.1207796941686732,-2.1333077342786484,1.1587408777881114,-0.6115557717474233,8159,-0.31461758736394346,1.4222318083051524,-0.7241796615051599,0.5588052754072929,-0.5346211118400146,1.8488270642638036,-0.5064150760350216,1.6047834204555211,0.0004365019793508
2.2210694612929007,1.2639462453121462,0.6325419154930301,1.2621166038189595,-2.1405600289839057,1.189135588222228,-0.8417692696114735,8160,-0.31707362335284717,1.4788824132529308,-0.023791889060074314,0.5593224722006714,-0.5353372562532024,1.9058323399951138,-0.5190269457447061,1.4970603098465185,0.0187100582656814
1.6775897810409288,1.1783115747876542,0.46766519275146995,1.3657856174678,-2.2096836290896458,1.1108607095724334,-0.7603196871201909,8161,-0.3195247957281321,1.4425017735477377,1.9265838831764093,0.5598396689940516,-0.4234552731107915,1.893621150960048,-0.5093255075064873,1.5285487902171573,-0.0076337802458288
1.9762875949602017,1.2632349033974708,0.7261619580862116,1.2398783360363956,-2.1875485885741597,1.1503564882508048,-0.5567581699596128,8162,-0.32197112505269215,1.4132196629282257,-0.8852084859910533,0.5603568657874318,-0.47576208920967805,1.9204296679083788,-0.4811913366156526,1.5137912412825918,0.0088349540332155
1.46205244256106,1.1661290348138154,0.547023926829963,1.1897392426268718,-2.222053590007173,1.0577598619778539,-0.6516309456927749,8163,-0.3244126317720847,1.3755715828788906,0.8724046998704053,0.5608740625808117,-0.4189463243936406,1.8945849207961765,-0.504474788387378,1.5246077842115542,0.0199813774040292
0.7061901416372579,1.0878386616236808,0.4918796167737407,1.2467010326623273,-2.2469071469976805,1.0159801487676303,-0.33940072556482664,8164,-0.25531869292231707,1.3111633867617476,2.062151946577591,0.561391259374192,-0.29650519496098904,1.901936199637122,-0.49671363779680283,1.457367102241628,0.0245491106802711
0.44448229231125524,0.9289858235685233,0.24620943740642795,1.1474286408635141,-2.165295904146797,0.9010960873857669,0.06751026233037784,8165,-0.007262310246075159,1.1845080729221589,2.5497354020215486,0.5619084561675721,-0.14082236494411518,1.9689056318218132,-0.49768378162062493,1.4710007055908012,-0.0056109426062172
1.4652188955157668,0.9698543366442092,0.39653590327462296,1.0454287854060889,-1.9435559313356872,0.897536092475208,0.16230949428027144,8166,0.19523256012830742,1.0374395811076735,-0.6694887780755169,0.5624256529609507,-0.18373424333692964,1.9970443729138478,-0.45693774102010587,1.4053638496761378,-0.0080885379494479
1.3917084770709451,0.9246986516421168,0.3378098232396659,1.018994125489634,-1.926719475537887,0.8723111677265006,0.31130113461731546,8167,0.19523256012830742,1.073767987885447,-0.9339746093282917,0.5629428497543308,-0.23418592867671195,1.9535503524525262,-0.45790788484392764,1.399560952982285,0.0190434336177474
1.4065937943856468,0.8379362756309575,0.17535425093012605,0.9511473305843839,-1.7622019736014465,0.8119022769565019,-0.35277364795671223,8168,0.19523256012830742,1.1187727835304773,1.9617140741278294,0.5634600465477111,-0.11748350593830968,1.982031616867686,-0.5102956513303094,1.385243602972982,-0.016411509647559
1.067808703038878,0.8434560138938431,0.2657105932095932,0.9440816559584125,-1.6955663188337176,0.8355644112598872,-0.2302837426145938,8169,0.19523256012830742,1.0538649645986193,-1.8226766428541301,0.5639772433410912,-0.2266350697916856,2.009110457299923,-0.504474788387378,1.3219997556920362,0.0030447702817748
0.9519443752065196,0.8675795328551207,0.4039911121889313,0.9619161427303276,-1.6677298579969353,0.8248810209502206,-0.338017114347891,8170,0.19523256012830742,1.0881371005339895,0.2539839218590388,0.5644944401344713,-0.20829488803997312,2.041429791720041,-0.5054449322111998,1.3708290789462176,0.009592267970685
0.8014830334921395,0.7737833188572045,0.2707248525377286,0.9383232212554973,-1.6965539109087122,0.7609385145964233,0.0016982882221282028,8171,0.1754016755637576,1.0994294851437698,0.9526353177860981,0.5650116369278514,-0.14860383675906663,2.0740767721601565,-0.5064150760350216,1.3720945080216769,-0.0108721796914227
1.0672476333216352,0.7678584892971825,0.3112045296481574,0.9583003827862421,-1.702375115739816,0.7620924574874968,0.23301631363179606,8172,0.17186366198024547,1.0151090092287234,-1.231970544704809,0.56552883372123,-0.22106163236629292,2.0518938759067966,-0.5025345007397342,1.329474387776331,-0.0237828899077384
1.300664771230042,0.9560421358275638,0.7855461812691983,1.143331763804332,-1.7616019915598586,0.8941309872665812,0.030328016191960495,8173,0.16833615140051117,1.1478168898394119,-2.6099910861417674,0.5660460305146101,-0.37668601032885474,2.064172763242073,-0.4860420557347622,1.334711148216888,-0.028995615860013
1.5743901616898008,1.10228847248702,1.1525850485206421,1.2487389480569155,-1.821637323720649,1.0475676978679693,-0.7972129097276689,8174,0.16481908671761372,1.2697211346812858,-3.1664625676416183,0.5665632273079904,-0.6210314065418279,2.0440175545519943,-0.48701219955858405,1.4278794176352603,-0.0379681886837425
1.9822884649807573,1.6559013913422376,2.411834348247536,1.466171568213844,-2.0939191570993847,1.4536276602535234,-0.904292892576283,8175,0.16131241127120002,1.4800985901800927,-4.124381875619787,0.5670804241013705,-0.8576054887599199,1.9713706418337709,-0.4879823433824058,1.5620027983616118,-0.0030133333927602
2.160854352893602,1.5362860777915919,2.2606558707403677,1.3489152292794886,-2.1867304374213896,1.3652802140796807,-0.9297316398114169,8176,0.15781606884308821,1.759165579618198,-0.3943530773864962,0.5675976208947506,-0.880812574341581,1.9065421519855694,-0.4889524872062279,1.629059148962207,0.0142562922536678
3.9429783819318263,1.2634853701329736,1.0234581666368627,1.286632136730575,-2.257577748735458,1.1388487493763106,-0.9010718193805597,8177,0.15433000365290878,1.7925914600314485,1.4481268470230249,0.5681148176881309,-0.7972289612643133,1.8315616696491626,-0.4899226310300497,1.7448890973334747,-0.0330959915764487
1.8642690207041173,1.5561635890118324,1.9075269634251928,1.294190309528493,-2.411709243345128,1.3812206599441352,-0.9138332096497862,8178,0.1508541603539794,1.7881056238343975,-3.6055449812008153,0.5686320144815092,-0.8703693858298336,1.799790309026772,-0.4879823433824058,1.6045373017587565,0.0021557331658361
2.2502815713123505,1.3938296942872306,1.3630886493740344,1.3705587759173181,-2.4717143212854924,1.2780124976697778,-0.9261087717369167,8179,0.14738848402893154,1.7905728337427755,0.1575658716957106,0.5691492112748894,-0.9346522036742803,1.826298998689904,-0.4889524872062279,1.7661811909344125,0.0251735638645698
0.5473963075527901,1.3095592113747057,1.2679561480676658,1.4559393897893695,-2.5428058576111074,1.176976428738105,-0.9245992356975751,8180,0.14393292018573184,1.8929471383012202,2.6141311328802876,0.5696664080682696,-0.8398574702527568,1.6684187243764101,-0.564187140743615,1.6649424553301748,-0.0018129948656305
1.478353883160625,1.1990473749100705,1.0038623582960644,1.2618486067455874,-2.4493345700863394,1.0851261318038476,-0.909603846234736,8181,0.1404874147534264,1.884604939864352,-0.266166081612381,0.5701836048616498,-0.8487294539375798,1.671835609955712,-0.5726273920108652,1.604893618511485,0.0098026120915024
1.3211057344605952,1.206803466647514,1.0869661251231448,1.3341284024802214,-2.4366969272816803,1.0795709874725794,-0.8944374592507124,8182,0.13705191407822015,1.8860726174855635,0.9736270106478883,0.5707008016550299,-0.7941738219802098,1.6699563228870957,-0.579709441924765,1.5378402878595028,0.0317938951061987
0.9215214645193474,1.0457230925097318,0.7490874883231374,1.2699544642296692,-2.38937689056407,0.9674746377722562,-0.9065999589936926,8183,0.13362636491936697,1.8118458889848366,3.3207493600151543,0.5712179984484101,-0.6148489673693822,1.629476341564658,-0.468385438141204,1.5411170490617376,-0.0038197291315645
1.2882851028513003,1.0202522926554372,0.7328584953058217,1.1002383896554775,-2.2030472113513717,0.8975877141885569,-0.8105977356067937,8184,0.13021071444529278,1.595709464453918,-0.48083744836402686,0.5717351952417887,-0.6343969334169699,1.5727258084586742,-0.468385438141204,1.4976352635224741,-0.0204328471575872
1.3803567209973204,1.1441972727680534,1.0955353167023154,1.2425391409815831,-2.1407497294490394,0.9840484397719393,-0.7955850943491805,8185,0.1268049102296478,1.5578931587573563,-2.2541316806269633,0.5722523920351689,-0.7583691070087378,2.058647263941199,-0.468385438141204,1.4598809943492619,-0.0008143962028897
1.3828591636372753,1.1260839192458485,1.0777886122147167,1.2430201231759468,-2.1661572416706014,0.9700223554233454,-0.7941302188268015,8186,0.12340890024742834,1.6381734189361057,-0.16035868115207141,0.5727695888285489,-0.7641865007898704,1.592364662905231,-0.468385438141204,1.526651081858505,-0.0081243098454673
2.164793204509351,1.173549709358207,1.130785693742188,1.2894986433020832,-2.106077090614705,1.0327502442589314,-0.8871516011135646,8187,0.12002263287123535,1.6432342174019547,-0.9404850012117805,0.573286785621929,-0.8178303326110117,1.5482496579628395,-0.5801460066454849,1.544213472866072,0.0105765405796248
1.4149804062682287,0.9957936880364526,0.6909207688844241,1.2062593269335307,-2.1454930978375324,0.9252882946385882,-0.8180423835290007,8188,0.11664605686742373,1.6747682809725926,1.0558127417169603,0.5738039824153092,-0.7568647288536144,1.4034259072992548,-0.6043996022410321,1.5816886496072773,0.0018885740831176
1.4938159000521516,1.0687978934967108,0.9003554933399269,1.181593631368265,-2.2122059404707004,0.9584414187825768,-0.7901237162033192,8189,0.11327912139243426,1.5103395807510702,0.12842338755202246,0.5743211792086894,-0.7487494707847081,1.4519341925784648,-0.60342945841721,1.5359723336883069,0.0033773171239224
1.6735846464508555,0.9966667619595589,0.7079945994111019,1.17802691637939,-2.2163842763726387,0.9119334650977873,-0.8585698354529442,8190,0.10992177598909111,1.6716922349718224,0.28719969660736205,0.574838376002068,-0.7287261965315581,1.2230093590205386,-0.594698164002813,1.5264421982939784,0.0149771690125746
0.21611617079849904,0.9387391229917571,0.6918474588043415,1.220435319082489,-2.195546765944288,0.8789435217520093,-0.7785876246338826,8191,0.1065739705829607,1.6575284814823976,1.524638928494975,0.5753555727954481,-0.6403466101364665,1.167665876415296,-0.6014891707695664,1.5160859832419291,-0.0008226432365789
0.9255148881860209,0.81146364187039,0.4479882432930303,1.1145318516892146,-2.1057337391612876,0.8129169674134006,-0.7910196299701192,8192,0.10323565547879689,1.589621173627934,-0.1618988653545853,0.5758727695888283,-0.6468695025831117,1.3003007374870623,-0.5976085954742786,1.5064564163622858,-0.0114235727005829
0.4167393542376193,0.9452474864018435,0.8736455993177739,1.1859451126561242,-2.008208617281274,0.8971358019138208,-0.8036853388018744,8193,0.09990678135694282,1.6749328736352243,-1.293528329908211,0.5763899663822083,-0.7185108397393892,1.3295299563416068,-0.5985787392981005,1.4738883033360668,-0.0088488666309996
1.0850676882517603,1.0427700367891055,1.1588310415684882,1.1660021101796465,-1.9913869292123703,0.9472115318689832,-0.8294376255821893,8194,0.09658729926986415,1.6590714881116504,-1.0191963802304365,0.5769071631755884,-0.775453733820711,1.319488958865097,-0.5995488831219224,1.53925144358518,-0.0052516869832605
1.7068798663564582,1.0005525464512492,1.009153968002817,1.1593876122040458,-2.0094189659325568,0.9230704125228733,-0.8152588531070599,8195,0.09327716063865403,1.6495254863416944,-0.6358724761787653,0.5774243599689687,-0.8806891359053461,1.124806743192157,-0.6005190269457445,1.5601880244561364,-0.0024285301665395
1.2162765442524757,0.962789552218399,0.9347474452910486,1.1700940288010169,-2.0014053013876825,0.9266437592513487,-0.8704152618582026,8196,0.08997631724963853,1.6547687146250383,-0.33523951902158516,0.5779415567623473,-0.8992723516505511,1.132406005943976,-0.6014891707695664,1.568731283179928,0.0191050779036217
0.5574860502306309,0.7714213337990078,0.5487193729522074,1.060510208366066,-2.062061818356728,0.7891407936924981,-0.8835714782716856,8197,0.08668472125094044,1.6455098846473026,1.9631725561096853,0.5784587535557274,-0.7881086657458994,1.0725674412649235,-0.6005190269457445,1.5985223520871814,-0.0082569521438362
0.6484711557822145,0.8647200902485936,0.8350478740492651,1.0768535747746906,-2.049976393213251,0.8544963874939544,-0.8272943772298866,8198,0.08340232514920184,1.5520560832562957,-0.9572428119210363,0.5789759503491076,-0.8390198816080628,1.122066160649636,-0.6053697460648538,1.5170575042553873,0.0270192432809633
0.5224014810541713,0.7937308268792668,0.733217215714493,1.1334695492289382,-2.0993563236741575,0.8081755292936031,-0.7437466637088506,8199,0.08012908180623501,1.6113562866428794,2.8080475349263168,0.5794931471424878,-0.6769645169156755,1.2332630903132376,-0.6141010404792508,1.5823224715848219,0.0063731615957225
1.1899985613712922,0.7386018803018671,0.6075060939592763,1.056701599082744,-2.077622342559397,0.7529813370892302,-0.7287863388030489,8200,0.07686494443577589,1.4497076812627416,0.6036918445963941,0.5800103439358679,-0.6424566428891652,1.2234746713234443,-0.5364895345735001,1.5038647909491922,0.0101831445118312
1.3656896274761325,0.6703216239504319,0.436202315850889,0.9446399521393414,-1.9405210641778539,0.7094535362424147,-0.7142875342766197,8201,0.07360986660022097,1.560680031133364,1.0103733429172408,0.580527540729248,-0.5835880612557695,1.2304916765867426,-0.6073100337124977,1.4598776595878942,-0.0092780660666972
0.9539112064158346,0.6626866898230405,0.4463874369986307,0.9950676932638726,-1.868541924214063,0.6864943336085021,-0.7404733532920392,8202,0.07036380220749769,1.40864873800439,-1.0667465865171908,0.5810447375226265,-0.6425058233841665,1.1478529324381122,-0.612160752831607,1.4577880564041878,0.0012149130296303
0.5501937001671429,0.691110800232871,0.5678272509143083,0.9178003930729836,-1.792648805675222,0.6707211771315181,-0.7390877316595202,8203,0.0671267055078475,1.4335463135650077,0.05338545895177327,0.5815619343160067,-0.6357906075074206,1.134751560992878,-0.6131308966554291,1.470388704693751,-0.0118310286321438
0.4784769792373687,0.8073406273367634,0.893700706761628,0.8401773332462423,-1.7415027712768012,0.7254831186510513,-0.7514025128512274,8204,0.06389853109075275,1.57094275474376,-1.3393832808879649,0.5820791311093869,-0.7077066481339085,1.17856164355956,-0.61895175959836,1.4720647678280827,0.02596638440413
1.4802886380646463,0.6792668593150151,0.5563304469545614,1.006752818627045,-1.743508041220028,0.6257559082454104,-0.7226906250635714,8205,0.06067923388183632,1.4844516678938686,2.6949033462099483,0.582596327902767,-0.5507763118103268,1.1839095986926305,-0.6247726225412914,1.4970824455564231,0.0125423898213466
0.7958626817522755,0.5987345434046284,0.41190526998034926,0.8747418923028909,-1.7077870248196685,0.537719680362772,-0.5707287424124186,8206,0.057468769139834,1.6067904733067015,1.2624986528234479,0.5831135246961472,-0.4769193963586089,1.2286478995212313,-0.620892047246004,1.415508954928852,0.0145787671264976
0.49085797025388483,0.510325485557371,0.2790812635081115,0.9322818997452295,-1.6806659402043347,0.4890266360799933,-0.6353301987513096,8207,0.05426709245355227,1.4198526470066681,1.4800320582684066,0.5836307214895258,-0.38920145001105394,1.2257389888903005,-0.61895175959836,1.4345345505927531,-0.0029612369814207
1.007678223081922,0.6425834889270132,0.5637972218062932,0.9938939180825497,-1.6928704282812348,0.5841489276115002,-0.4721429526616806,8208,0.05107415973894263,1.3806464019385851,-0.3921080650658303,0.5831135246961472,-0.4096920174788727,1.2657619594452632,-0.6247726225412914,1.3695986826798325,-0.0065973658339609
0.9747259282795414,0.7378080310811284,0.784729823149949,1.1157472370641153,-1.502895950221928,0.6550616374063029,-0.43378514315761957,8209,0.04788992723608863,1.3252342335077265,-0.780188249352458,0.5698991466252906,-0.45448319897997486,1.1606992797747318,-0.6267129101889353,1.6020265486205483,0.0156594618010995
0.33201646495005654,0.5631067371895985,0.45710663557880093,0.9385373979364219,-1.4791747144383334,0.5392715460619145,-0.43378514315761957,8210,0.044714351506411086,1.38975805680638,1.5949258277102134,0.557382984225498,-0.39842220537157247,1.1354828959032794,-0.6247726225412914,1.4077698044222777,-0.0006755941453311
0.4419615229269211,0.5177884848309237,0.40709783798760363,0.8622460801263552,-1.3980396026771211,0.5343471114429811,-0.6484098123959944,8211,0.041547389429657064,1.3012539566867651,-0.14863439045290874,0.5466252909231966,-0.36581162086715524,1.0839087267883494,-0.6267129101889353,1.3252289816037972,-0.001690127329332
0.506076123042757,0.49181548477916626,0.38968802325041957,0.9315401859315766,-1.3855156556843418,0.5213730182593747,-0.6201116384183726,8212,0.03838899820119244,1.3353682417116652,-0.256770755106981,0.5461080941298164,-0.3788019952822147,1.0461031761997885,-0.6082801775363196,1.3657533811837703,-0.0011609064477402
0.7328693480159879,0.5036543921101957,0.42863370849684235,0.9306559536770589,-1.3071604966901529,0.5476988517385414,-0.6469335284868653,8213,0.03523913532909061,1.2688801891783787,-0.2005957754807714,0.5455908973364363,-0.3892596217416508,1.0433515962086077,-0.5820862942931284,1.3565212466375225,-0.0039710403694818
0.3445583544511232,0.545354741211849,0.5565183996794287,0.943484526278489,-1.3001108048809067,0.5659446444008805,-0.48111015021497494,8214,0.03209775863144293,1.2394913748277,-0.5006519366286148,0.5450737005430563,-0.4188828635079245,1.0486414145858813,-0.6247726225412914,1.371767250111857,0.0210040112038414
0.31076008588340714,0.36617312718032413,0.23963009705343477,0.8321771883539384,-1.3036149155843855,0.45550731361572105,-0.5899427535531727,8215,0.028964826233519803,1.2741803469600006,2.164859646987359,0.5445565037496761,-0.2847829208999702,1.0684413114293192,-0.6247726225412914,1.397978618771103,0.0
0.5291733523322697,0.40621021866575346,0.3377601665888611,0.7779994414721103,-1.2359870049575457,0.477392001492802,-0.38339696268188006,8216,0.02584029656516691,1.1339606055644553,-0.0770988503414293,0.5432893716058963,-0.29207098568293044,1.109568556170557,-0.6228323348936479,1.2823402133987345,0.0169289744177521
0.20426115024308844,0.3467722692032008,0.26477583150371986,0.8175135971455759,-1.2356223285302843,0.4411778965337128,-0.29694763865509505,8217,0.022724128358042276,1.132243051615708,1.7300956382016348,0.5427721748125162,-0.1824027765959326,1.173453292548759,-0.6238024787174696,1.298110683472013,0.004120814702339
0.14753421208758735,0.38331358775579016,0.3734716275425852,0.800769512046752,-1.051959258224356,0.4416292029676478,-0.20845755920783907,8218,0.01961628064298099,1.020348485246832,0.3629690366494294,0.5422549780191359,-0.15906399746971134,1.1472977421357704,-0.6247726225412914,1.2629487033908287,0.0019586813529488
0.429170884494006,0.3599450858557885,0.3478799647521826,0.7833567963274034,-1.0071294061031484,0.44118414387794785,-0.18775038107525557,8219,0.0165167127474382,1.0256428636787176,0.13210120386162047,0.5417377812257558,-0.14953705640116915,1.0814034775890762,-0.6238024787174696,1.2347378853914732,-0.0070979753491443
0.5204877585252016,0.3780027024091916,0.3927931745479278,0.8130993881586954,-0.9450763192952382,0.4657837100957023,-0.17320732835352676,8220,0.013425384292795684,0.9632681550854495,-0.8347998284735574,0.5412205844323756,-0.20047255598101232,1.0439628404904635,-0.6102204651839634,1.2472623530244218,0.0029063634624813
0.09784970227782265,0.347634927593435,0.3709026292307021,0.7867937766189317,-0.9211698998979223,0.4465767085201723,-0.4339386523236266,8221,0.010342255191861681,0.933611243648595,0.23295758148783366,0.5407033876389956,-0.18837195792614947,1.0680304232836892,-0.6228323348936479,1.2713835888396305,-0.0134380331336881
0.06331327464365571,0.4388757346750133,0.5803995794718646,0.9566346843274259,-0.887930159553944,0.5293211967932261,-0.25417838655650166,8222,0.007267285646369097,0.9510625819260733,-1.511664868000725,0.540186190845617,-0.2763584781002186,1.1047411929007702,-0.6053697460648538,1.258673811351067,-0.0208224760307593
0.38844380509033016,0.7204328893965151,1.0914763584639355,1.0922218292549255,-0.9269451966473117,0.6790736248402649,-0.5980492298376732,8223,0.004200436144402249,1.034666234733224,-2.2999720530922385,0.5396689940522369,-0.4184823433699318,1.124584773451458,-0.6005190269457445,1.3357017299944032,-0.0024192572322888
0.8649509714487208,0.747094786198027,1.109437481776296,1.0952758028230014,-1.014311222993074,0.671295780977688,-0.7207158489510952,8224,0.0011416674579379444,1.1297217116076756,-0.3358652158867534,0.5391517972588566,-0.435244716887279,1.13319126878213,-0.6014891707695664,1.428928123424576,0.0032011639857454
0.147230573558156,0.6327239723237909,0.9975790838420893,0.9286387498283551,-1.1057330530346492,0.5785650382256247,-0.6232281442203571,8225,-0.0019090593595374522,1.1863336156879323,0.264160974914314,0.5386346004654765,-0.4191752486519508,1.1915624318870177,-0.5985787392981005,1.4080887851219053,0.0141175334790178
0.38257398872948184,0.5404567376155496,0.811755313449933,0.8903226588950305,-1.2120336165208785,0.5100438219388884,-0.6085780584341036,8226,-0.004951782975543778,1.1087848989882743,1.4290706311049788,0.5381174036720964,-0.331790159322993,1.2218101090550417,-0.5995488831219224,1.353456945541847,-0.033849014536048
1.4287190832998147,0.8732727416709218,1.3288939841260579,1.0572425054047443,-1.229054236289047,0.7269671982374477,-0.4423853565929208,8227,-0.007751470820453308,1.093096422736355,-3.69098995236038,0.5376002068787178,-0.5523369660355687,1.1817976820451157,-0.5879071572360598,1.293182989086088,-0.0066122225911666
0.888057023160223,0.929822094636363,1.282957752211303,1.1055346303239237,-1.4177966240469593,0.7495788453757977,-0.5656276526003933,8228,-0.010543379670864035,1.3131949236120817,-0.783927004104114,0.5370830100853378,-0.5963420207135702,1.203424962276669,-0.5888773010598816,1.4458869959323162,-0.0109778209628686
1.2627582043119292,0.9290183230541662,1.4170454403185937,1.085254816601568,-1.466654095231139,0.7569645392763562,-0.6197756691627719,8229,-0.013327540061115315,1.3525129146674695,-1.250053999876745,0.5365658132919576,-0.667097988487194,1.264323860086187,-0.5898474448837037,1.4219766938883756,-0.0076090503915485
0.9863795304918094,0.8982383831427161,1.329483546240794,1.062103903194135,-1.5359046884553293,0.7330349470674594,-0.8248254788640684,8230,-0.016103982270102016,1.4143846107154838,-0.8904937451138728,0.5360486164985774,-0.7172651462860892,1.1367329095143044,-0.5927578763551693,1.4521663938177882,0.0031378105454553
1.0987095761979717,0.870142412032704,1.2394454161164612,1.0604811822007563,-1.7150714608229256,0.7127110914766462,-0.8370338006843736,8231,-0.018872736322972487,1.4549554754278933,0.25642074529148423,0.5355314197051972,-0.7011358396075331,1.0859634111738243,-0.5917877325313473,1.428541387366534,-0.0105443720193312
1.5635286579927237,0.8614715799770761,1.1466676627734127,1.0485490340284718,-1.771844174213258,0.7165554626916264,-0.8079961136476245,8232,-0.021633831992677436,1.3156079777314018,-1.204019780253965,0.5350142229118171,-0.7688809741219813,1.0023595283881521,-0.5985787392981005,1.401176888898477,-0.0037732002602671
1.443842437428845,0.9876015761649368,1.4126015831862353,1.1771027434373522,-1.929343892760921,0.8151695366305324,-0.8067066900022344,8233,-0.024387298801595143,1.3809753145040835,-0.4811003646407789,0.5344970261184385,-0.7956824600206,1.0132810340438994,-0.5995488831219224,1.4164410566765329,0.0179649912869944
0.6956272806310974,0.7867054258040913,0.946872436496319,1.0728594608872806,-1.9470835133908633,0.6812057824124933,-0.7512129690507072,8234,-0.027133166023139137,1.4176230270468875,1.8389964880066711,0.5339798293250583,-0.6872778716146375,0.9935478919955183,-0.5976085954742786,1.4526558721818914,0.0065362764459364
1.361767186376554,0.6952346638866365,0.6970655351583104,0.9818537489970842,-1.995492384744056,0.6287278780947836,-0.763797634534216,8235,-0.02987146268327914,1.2538815577315088,0.6188287125838763,0.5334626325316781,-0.6489108512850476,0.9124307684246226,-0.5685042807596222,1.3562864454565777,0.0155352415531642
0.38737808832307163,0.622323024372323,0.5883409063227008,1.0327285589145196,-1.9644069025814743,0.5941733098332745,-0.6115604847465864,8236,-0.03260221756209354,1.1996361995430498,1.579263503564946,0.5329454357382981,-0.5568975818956856,0.9246002711149459,-0.5646237054643347,1.3332455268576926,0.0107476634956429
0.45465087607642574,0.7169795548069603,0.8430734841243295,1.0490149176380708,-1.8815523729034085,0.6142127148642016,-0.5142293134238347,8237,-0.03532545919524422,1.1493391341481063,1.0682282273620676,0.532428238944918,-0.4929435447709078,0.9997328609403252,-0.5655938492881565,1.325119350773042,-0.0396371827074044
0.7897994487523012,1.016183423872589,1.5880946530690319,1.2009440273956027,-1.7993701310006378,0.8444681454108199,-0.4580348948921865,8238,-0.03804121587552837,1.089360695247298,-4.3536847394173215,0.5319110421515378,-0.7763804966796535,1.0349999834364887,-0.5665639931119784,1.2887160113058627,0.003815822990919
1.3737710249478101,0.9175312079960827,1.2893310665040953,1.2492010150445023,-1.8143239684155983,0.7999244331246923,-0.788662168244159,8239,-0.04074951565426854,1.3262245659014047,0.3278086360587774,0.5313938453581591,-0.7579744195319611,1.0092559217072568,-0.5675341369358005,1.4842085679118977,-0.0113532691365428
1.1791390644916269,0.9265945512208238,1.291301799400331,1.2095901759649452,-1.7477780552444064,0.8118147081336963,-0.5542590787718904,8240,-0.04345038634281772,1.2601964916455253,-1.2914509630105588,0.530876648564779,-0.8288933174298407,1.0138626162729631,-0.5685042807596222,1.476469410740472,-0.0076288723435651
1.221938610549189,0.9286140607586949,1.2730491748931525,1.224683354842158,-1.7851705926016417,0.813872719343447,-0.747333333547846,8241,-0.04614385551394968,1.2836355932532515,-0.8936751872004056,0.5303594517713989,-0.8741151265536671,0.9126177636375961,-0.5675341369358005,1.469502488474103,0.0077549539663144
0.7313308142491936,0.8803610547798578,1.1788319911787148,1.2228084250746052,-1.9526331771446968,0.757816219651452,-0.8574266694228058,8242,-0.04882995050329292,1.4192046887658314,0.7484327091714105,0.5298422549780187,-0.8352337173554426,0.9048283553520019,-0.5685042807596222,1.472219418121612,-0.0114785743544863
0.8166827338891678,1.0028964302014578,1.5050633494077756,1.3413787016874892,-2.006036715109393,0.8348971724492171,-0.7190419366405967,8243,-0.05150869841067527,1.3676169126542188,-1.3046237549984114,0.5293250581846385,-0.9049572676500063,0.9157169919712193,-0.6228323348936479,1.387482854341103,-0.0174438282686975
2.0651984949527735,1.0750677490075706,1.3460285880203073,1.4404700517360856,-2.031664391662868,0.9127352808786069,-0.7323482946418821,8244,-0.05418012610147041,1.4459015314090762,-1.9416117319603443,0.5288078613912586,-1.0084820344431136,0.9132964783806167,-0.620892047246004,1.4152326954501846,-0.0083997984093405
1.6948245904978367,1.0178326793053978,1.1460839762746808,1.36307198230263,-2.1440691670154277,0.8637134701439285,-0.7178699328150794,8245,-0.056844260208031155,1.5587685999822867,-0.9764650849730788,0.5282906645978799,-1.0594283726297506,0.8931607234848623,-0.6218621910698258,1.463491198926238,-0.0167548501403391
1.4007110769892654,1.242831189934273,1.7554499159815493,1.3930715571185062,-2.173362638718578,1.05025300195817,-0.8001271411158178,8246,-0.05950112713085868,1.6327693891688329,-1.868036833183353,0.5277734678044997,-1.1606600247923577,0.8981189117089248,-0.61895175959836,1.4612754183715158,-0.0098926485155643
1.4739604300968072,1.1673376415172563,1.680140047670916,1.5402149286904394,-2.3857791560622266,0.9883700274723665,-0.8540988603615883,8247,-0.06215075304006726,1.7086839392112603,-1.1356187809322573,0.5272562710111196,-1.220745423632606,0.7786546268451998,-0.6141010404792508,1.5891574171340606,-0.002552770959027
1.8576248083780205,1.3551264205249665,2.0811271858840605,1.4555438836505452,-2.4121974048472556,1.1207157971205983,-0.85250765844398,8248,-0.06479316387650803,1.8282608514770584,-0.3523369517175948,0.5267390742177395,-1.2339482984871601,0.7189946335765858,-0.6228323348936479,1.5419304349840872,0.0196763718046118
1.2666250091066944,1.2608711752582085,1.7458091678900205,1.3058720590927728,-2.4240249086756487,1.0695682916119833,-0.8239821716878368,8249,-0.06742838535311652,1.774451240957449,2.0202850517889623,0.5262218774243592,-1.125028159755437,0.7516097736562054,-0.6218621910698258,1.6514598840102563,-0.0208889969366355
1.3853480271503245,1.4050511927255278,2.2698893113927037,1.324080364306179,-2.428496208954281,1.1753424794502618,-0.8369311289062803,8250,-0.07005644295615522,1.7156783248070657,-2.3097556388064855,0.5257046806309806,-1.2472628551487488,0.8339654354812447,-0.6228323348936479,1.6798370944049537,-0.015463491116308
1.3045065022017988,1.3840687225860708,2.2698893113927037,1.2784722415714864,-2.4244155669462533,1.1797757360598042,-0.86325010803387,8251,-0.07267736194635434,1.8767196993491708,-1.7306575901366348,0.5251874838376006,-1.3326840927521175,0.8194237991966645,-0.6073100337124977,1.7131743279866436,0.0264012540922893
1.0168205343548689,1.2492820713827038,1.7658116008756184,1.3105056837650622,-2.4929343022106685,1.075510046468759,-0.8617626194039731,8252,-0.07529116736021432,1.9283864016999737,2.738048026648817,0.5246702870442205,-1.1912780563480148,0.7803494631408028,-0.6073100337124977,1.7264268061468417,0.0309866071547211
0.825307341934412,1.1577262846679581,1.561553931770105,1.3236761028519588,-2.448360849795618,0.9836633352766585,-0.8054983838185682,8253,-0.07789788401107262,1.7392598070435124,3.227622733419627,0.5241530902508403,-1.019895725997648,0.8523839768410933,-0.5927578763551693,1.7264268061468417,-0.002328227018972
1.2298612561259428,1.1110273764021972,1.442283602756925,1.2478288458891447,-2.3797539443993925,0.96133488731178,-0.6944476869603032,8254,-0.08049753649033314,1.6468108792483322,-0.3289227484844508,0.5236358934574602,-1.0333727327268736,0.9398504644832679,-0.6102204651839634,1.6335986878792934,-0.0103158397881477
1.4117677513770799,1.2824084323590634,1.913395812050961,1.365927753250468,-2.2888092776072475,1.0812182653654694,-0.7210728257345353,8255,-0.0830901491686217,1.6745255518450242,-1.1815035109482108,0.52311869666408,-1.0946614510572532,0.9787985722659341,-0.6014891707695664,1.6428151591744768,-0.0278938908107198
1.0217761382537478,1.3544692136771956,2.1575270508817095,1.4242957645644672,-2.2551268902840746,1.1963350475719678,-0.6380521117514426,8256,-0.0856757461968235,1.856364872386792,-3.057824978976323,0.5226014998706998,-1.2572051281718308,0.9946147189164405,-0.6024593145933882,1.7153892875690195,-0.0076352709717608
1.4243830763593288,1.448154257596549,2.4272513815434773,1.4748565955123814,-2.2740966977108856,1.2507676161053236,-0.7875889281705065,8257,-0.08825435150724013,1.9902793296846204,-0.8953018638594938,0.5220843030773212,-1.300272544468609,1.0513938829939236,-0.5995488831219224,1.8074449079797255,-0.0063329816525
1.5048260326513254,1.5493493731487111,2.7222269550219877,1.539759253565877,-2.281296535672913,1.3050096201868113,-0.7863740038219013,8258,-0.090825988814686,1.9825210113341234,-0.7562980704037623,0.521567106283941,-1.337543864120349,1.0097738006873702,-0.6082801775363196,1.8749315597631309,-0.0032984849132178
1.0689764396368449,1.5419755074676724,2.72569291646514,1.4805883551261596,-2.3040370578628333,1.2828920973443523,-0.8128841500586274,8259,-0.0933906816175117,1.9554802424761046,-0.43278223345160616,0.5210499094905611,-1.356670831308787,0.9546823626568322,-0.6053697460648538,1.9351832734961734,0.0263910703206518
2.2281487832258264,1.3977631729150957,2.0996014309674615,1.485141662184833,-2.3406152856709768,1.163470668049309,-0.8250913689197568,8260,-0.09594845319864334,1.9917330620722662,2.7354603451074158,0.5205327126971808,-1.237044062576038,0.9204961768924426,-0.6063398898886757,1.9078421102607466,-0.0227887531321973
2.551313835106247,1.4030732110321713,1.9500269671266142,1.4834318666534847,-2.307753532898933,1.2196295440717653,-0.6741929242474529,8261,-0.09849932662664947,1.816022312973819,-2.5143002463038147,0.5200155159038007,-1.370975154860398,0.9564917568535365,-0.6092503213601413,1.8024227597448539,0.025696949474749
0.9021766201248841,1.3448074204088767,1.8485151331052159,1.5479084406425625,-2.1732580124661247,1.1553439625413238,-0.6601530425265418,8262,-0.10104332475669295,1.938280366997904,2.6609620925784245,0.5194983191104205,-1.2272530753019022,0.8799248090373765,-0.6131308966554291,1.8902845120664495,0.0117496319722079
1.6622514299988957,1.2675462144530887,1.6031234407960822,1.4626396652375562,-2.135007834309766,1.0868155339830734,-0.6735087402120972,8263,-0.10358047023156805,1.6964761394382575,1.172090705544967,0.518981122317042,-1.1645309764007907,0.8740867705785753,-0.6267129101889353,1.8189347242000085,-0.0070864656544598
1.377417359392203,1.2888465301456293,1.6845371742549322,1.4943863692020427,-2.089846909368905,1.1183393301368574,-0.5498546142938173,8264,-0.10611078548263776,1.6550928208390097,-0.8390162164677095,0.5184639255236617,-1.2040072428536086,0.8253314285452855,-0.6228323348936479,1.7543031332542827,-0.0083853462524956
1.3641589105324556,1.219593758414462,1.5031147296078713,1.4846222205184239,-2.0661326751303926,1.0693779971237984,-0.5906509486357755,8265,-0.1086342927307844,1.722073432669657,-0.9780263643310454,0.5179467287302816,-1.2503370472363302,0.8403225464571985,-0.6267129101889353,1.7690941731423093,0.0243014696129229
1.9926962197038125,1.1931067872317977,1.3619392586597454,1.6343329755077523,-2.073872951672974,1.0381905427609615,-0.61727993631941,8266,-0.11115101398737388,1.7494584476810682,2.510890575116294,0.5174295319369016,-1.1189916180975357,0.8409387269442422,-0.6267129101889353,1.772782754846384,0.0122365011470467
1.754839067960679,1.2057943058854326,1.372121528862226,1.5904334763038879,-1.9344037574711748,1.0247292356221482,-0.4798127464824944,8267,-0.11366097105512003,1.6365640164005382,1.2232474602894687,0.5169123351435214,-1.0525943461877294,0.8443097771432752,-0.6257427663651135,1.7578707581649373,0.0159685380972567
0.6394839118131023,1.0837132218891332,1.1296032968445775,1.5808448507973878,-1.906729881789321,0.9318336236041362,-0.5113315869975898,8268,-0.11616418552900527,1.591569959856308,1.6213041941482726,0.5163951383501413,-0.9600851002921788,0.8464717628963839,-0.6247726225412914,1.7204188159743585,-0.0075340330767984
1.1802913173559941,0.9800865613828402,0.8911329020054929,1.450244613081945,-1.857073134701571,0.8576253578203263,-0.3741889499640793,8269,-0.11866067879718843,1.4878203126439868,-0.8871825945487423,0.5158779415567627,-1.0055324006472455,0.8673517923666173,-0.61895175959836,1.6286105553073758,-0.0053400344233355
1.2838856168156294,0.9887683293202846,0.9356807476712595,1.4506995257672133,-1.7543740389281652,0.8409187471905024,-0.25034375235455164,8270,-0.12115047204177834,1.4865152959120111,-0.6531511412323419,0.5153607447633825,-1.0429776249380847,0.9175086518958606,-0.6247726225412914,1.5748055364392881,0.0237907257609173
0.29589683037159853,0.8453185026852187,0.678234875412664,1.5660348532407404,-1.752004786412377,0.7182840852576381,-0.17411290284622183,8271,-0.12363358623978646,1.4540594787429495,2.456210441006684,0.5148435479700023,-0.9016380970006597,0.9245024660048397,-0.6247726225412914,1.552316622615648,-0.0072232789387626
